{"lowlevel":{"average_loudness":0.117674216628,"barkbands":{"dmean":[5.53386416868e-05,0.00117810221855,0.00168263493106,0.0022527910769,0.00247122789733,0.00107175961602,0.00150916806888,0.00123484828509,0.00117242825218,0.000781616079621,0.000582130858675,0.000460242066765,0.000338426878443,0.000271032040473,0.00022439591703,0.000144588833791,0.000132644199766,8.98336365935e-05,7.80215777922e-05,6.73669783282e-05,0.000102669822809,0.000155111265485,0.000199135669391,7.22325858078e-05,1.53507426148e-05,3.12940551339e-06,6.66229254875e-07],"dmean2":[9.50288813328e-05,0.00203067995608,0.00290843914263,0.00379206193611,0.00410166801885,0.00164697517175,0.00236487225629,0.00193634082098,0.00182838179171,0.00121352821589,0.000923950283322,0.000728440587409,0.000532753183506,0.000431829335866,0.000364180450561,0.000223625582294,0.000199774542125,0.000139083320391,0.000120824792248,0.000101065175841,0.000148836857988,0.000225356852752,0.00028459643363,0.000104881641164,2.24738014367e-05,4.71015528092e-06,1.07454388854e-06],"dvar":[2.51091858416e-08,1.33192188514e-05,2.0530211259e-05,2.1625915906e-05,2.37853691942e-05,9.12738960324e-06,1.89001693798e-05,1.82667718036e-05,1.33311305035e-05,6.56815018374e-06,4.77521462017e-06,2.70079863185e-06,1.07877838218e-06,1.00764327726e-06,8.07151309345e-07,2.83730287265e-07,2.19616836716e-07,1.58626988878e-07,9.56322239176e-08,5.14323303946e-08,2.62694754838e-07,5.5040635516e-07,1.34831157084e-06,1.80329578825e-07,9.43848110779e-09,1.85960760679e-10,1.08783728553e-11],"dvar2":[6.86100420921e-08,3.78163567802e-05,5.69433432247e-05,6.11728901276e-05,6.41481383354e-05,1.96651544684e-05,4.39088216808e-05,4.16060502175e-05,2.95877161989e-05,1.45041858559e-05,1.12718662422e-05,6.00103567194e-06,2.45979913416e-06,2.35629954659e-06,1.9931553652e-06,6.16001500475e-07,4.50254816542e-07,3.53313794221e-07,1.9135978846e-07,1.09842794416e-07,5.33850538886e-07,1.02175295069e-06,2.68203302767e-06,3.68962702169e-07,1.58199604527e-08,3.25459548201e-10,2.63880046286e-11],"max":[0.00356295285746,0.125954255462,0.119768686593,0.0774552077055,0.105577737093,0.0659309253097,0.102323576808,0.0897946208715,0.0960706919432,0.0941746681929,0.0673094168305,0.048418559134,0.0247814450413,0.0323762446642,0.0337454043329,0.0213193055242,0.017776902765,0.0184108056128,0.018286658451,0.00552373426035,0.0152948237956,0.0201804134995,0.0567414648831,0.0193205345422,0.00652636261657,0.000716016627848,0.000119400086987],"mean":[6.3634943217e-05,0.00148265762255,0.00194256403483,0.00268245302141,0.00363770406693,0.00136867410038,0.00163432897534,0.00132887449581,0.00147776736412,0.00102578906808,0.000896147044841,0.000570691598114,0.000438118062448,0.000346057931893,0.000285085960058,0.000186134362593,0.00018611131236,0.000122086712508,0.000112558831461,8.15716921352e-05,0.000131678374601,0.000206928714761,0.000259044347331,8.8047774625e-05,1.94691583602e-05,4.49787057732e-06,1.4963003423e-06],"median":[2.64094478553e-06,0.000200471098651,0.000522389658727,0.000482660572743,0.00119387940504,0.000307422713377,0.000246625975706,0.000152006919961,0.000157544040121,0.000112269313831,6.9014953624e-05,4.62102252641e-05,3.49782167177e-05,2.80200620182e-05,1.84968630492e-05,1.26417689899e-05,1.20790309666e-05,8.62365595822e-06,1.99089881789e-05,5.3925245993e-06,1.30899593387e-06,1.75237221356e-06,2.63200081463e-06,1.41634041029e-06,6.98146891409e-07,1.62834965067e-07,4.81676920572e-09],"min":[7.2243581933e-24,9.02406940678e-24,1.10236511524e-23,5.23182523544e-23,2.67701809898e-23,5.46318236173e-23,6.66620723288e-23,6.46277704481e-23,1.21948631565e-22,3.54918934223e-23,4.54699204888e-23,4.48587804792e-23,9.31837463562e-23,1.71856440537e-22,7.12467362724e-23,1.32489517198e-22,1.58319372833e-22,1.31681597413e-22,4.22995673968e-22,3.93612485893e-22,5.13667750311e-22,6.65374058e-22,7.35784879392e-22,1.01013272882e-21,1.31562844186e-21,1.6323657131e-21,1.89552961011e-21],"var":[3.31543574816e-08,1.94790900423e-05,2.90625594062e-05,2.62828489213e-05,3.57553144568e-05,1.35861355375e-05,2.25858657359e-05,2.13527873711e-05,2.08945657505e-05,1.11015569928e-05,1.17796153063e-05,3.88189528167e-06,1.84139048542e-06,1.41747000271e-06,1.07656910586e-06,4.36507036738e-07,4.39165660282e-07,3.03218826048e-07,1.7635677807e-07,8.5614246359e-08,4.49644232958e-07,1.10068390313e-06,2.58203090198e-06,3.00645893958e-07,1.96321519041e-08,4.75727179872e-10,8.34315741494e-11]},"barkbands_crest":{"dmean":3.12341237068,"dmean2":5.16738605499,"dvar":7.01357221603,"dvar2":17.8468017578,"max":26.9996585846,"mean":10.8680448532,"median":10.1161384583,"min":2.04256153107,"var":18.9632205963},"barkbands_flatness_db":{"dmean":0.0380158424377,"dmean2":0.0553749501705,"dvar":0.00156285101548,"dvar2":0.00304321153089,"max":0.903712570667,"mean":0.230366006494,"median":0.222009122372,"min":0.00943192373961,"var":0.0103556308895},"barkbands_kurtosis":{"dmean":379.589477539,"dmean2":662.342224121,"dvar":43246600,"dvar2":113033928,"max":442514,"mean":1897.10095215,"median":3.69658517838,"min":-1.95221877098,"var":752758144},"barkbands_skewness":{"dmean":3.49650502205,"dmean2":6.39656496048,"dvar":1691.16760254,"dvar2":6437.734375,"max":576.758911133,"mean":2.46657013893,"median":1.26088500023,"min":-355.104919434,"var":683.737487793},"barkbands_spread":{"dmean":6.87967967987,"dmean2":11.106212616,"dvar":148.064788818,"dvar2":344.186706543,"max":127.651649475,"mean":14.4595775604,"median":8.55087089539,"min":0.000150292515173,"var":285.722839355},"dissonance":{"dmean":0.0362698510289,"dmean2":0.0577290914953,"dvar":0.00183171499521,"dvar2":0.00417077587917,"max":0.500000059605,"mean":0.427747488022,"median":0.457944720984,"min":0.0187753066421,"var":0.00661762943491},"dynamic_complexity":6.07338237762,"erbbands":{"dmean":[0.0254099853337,0.311176806688,1.56693375111,4.544672966,9.61818027496,7.1402592659,6.98941326141,9.61724185944,17.9126796722,24.9774589539,26.7593841553,25.8292732239,24.2577419281,22.6282806396,20.6867179871,17.5738983154,14.6634483337,14.3134508133,11.4422130585,10.005692482,7.22246599197,7.03277540207,5.24611759186,3.28214144707,4.19927072525,3.15755105019,3.42629218102,4.50578832626,5.12774753571,6.69504308701,5.37038946152,2.43333506584,0.828537642956,0.258920550346,0.0795210674405,0.0198936592788,0.00468910019845,0.000883450440597,0.000148500999785,1.52069978867e-05],"dmean2":[0.0432503893971,0.540302634239,2.69093465805,7.6675696373,16.2330169678,11.648349762,10.7942199707,14.8211526871,27.8461151123,39.2749900818,41.0675125122,40.2357673645,37.1856079102,34.8477325439,31.7684898376,27.1724281311,22.6329917908,22.4198093414,18.3624172211,15.8852310181,10.8085651398,10.5275859833,7.96095848083,5.03792858124,6.3754696846,4.72494316101,4.96790456772,6.66890668869,7.46495962143,9.61305522919,7.71129608154,3.51806902885,1.2096568346,0.378007501364,0.117843769491,0.0299838427454,0.00736351124942,0.00134858197998,0.000240545981796,2.33925311477e-05],"dvar":[0.00555966375396,0.979647934437,19.6722354889,96.4426498413,424.148864746,221.058380127,361.197235107,830.991516113,2851.57958984,6350.92480469,7916.48291016,7372.48632812,7069.17724609,4964.20996094,5123.06494141,4120.06201172,1927.11938477,2596.91064453,1653.1229248,1947.01489258,566.329833984,590.367919922,546.316101074,183.509750366,235.516647339,110.18144989,270.284088135,512.80090332,620.447631836,1188.29248047,1154.20874023,254.400466919,19.8959178925,2.40640282631,0.327931582928,0.00960671715438,0.00041227863403,1.58581515279e-05,5.75717024276e-07,8.13516864984e-10],"dvar2":[0.015048074536,2.82686877251,56.9586601257,273.9090271,1179.8638916,560.961914062,790.664001465,1847.68896484,6475.77685547,14615.8886719,18120.6796875,16340.6582031,15779.5517578,11212.8691406,11569.6777344,9159.78320312,4401.2265625,6166.98486328,3860.46923828,5030.04052734,1209.9498291,1178.3885498,1192.35803223,414.547271729,469.992431641,241.272506714,554.277526855,1087.46057129,1223.20385742,2193.24267578,2384.51367188,528.959411621,38.666217804,4.35372781754,0.619947254658,0.0156503394246,0.000813679012936,3.39225771313e-05,1.44234411437e-06,2.00568650577e-09],"max":[1.9044778347,34.3520851135,118.18913269,209.616394043,293.337677002,367.087036133,451.713317871,773.781066895,1411.60803223,1448.4342041,2164.6340332,2970.17236328,2981.37060547,1639.26171875,2311.16479492,2343.73925781,855.174926758,1860.77441406,1035.88769531,2128.25878906,655.439453125,965.95098877,1242.77368164,936.646972656,731.084838867,262.951507568,595.509460449,590.72277832,858.141662598,1253.17175293,1928.30102539,840.779785156,144.659469604,92.8844604492,36.1344833374,6.03047132492,1.31930160522,0.256909668446,0.0261156000197,0.000861857726704],"mean":[0.0328231677413,0.383300244808,1.91153025627,5.91966915131,13.0330085754,10.2141456604,9.88620471954,11.8847141266,20.3056468964,26.998216629,30.9767093658,33.1910247803,32.3595581055,33.9205703735,33.5119171143,23.2818870544,20.40325737,19.140619278,15.6459331512,13.31224823,10.2528896332,10.4497728348,7.57249546051,4.85074567795,5.88219451904,3.86355376244,4.31940412521,5.72151422501,6.8000459671,8.84300327301,6.97496843338,2.98591208458,1.00640320778,0.32016992569,0.102495908737,0.0273185707629,0.0068121063523,0.00170326349325,0.000318812730256,3.47262794094e-05],"median":[0.0037674731575,0.0602612569928,0.536235332489,1.51390886307,2.35874319077,3.47134780884,3.01895594597,2.6468629837,3.64785718918,4.4630074501,3.89801979065,3.76731324196,4.04851150513,3.90354752541,3.09545755386,2.25543737411,1.83859205246,1.77016687393,1.38859248161,0.906144499779,0.76741117239,0.747985839844,0.565546154976,0.859953582287,1.02639555931,0.307806134224,0.0992819964886,0.0489291958511,0.0558158233762,0.0771387815475,0.0662015303969,0.0442827492952,0.0216067396104,0.0101510491222,0.00365965208039,0.00114538508933,0.000201285918592,2.62874164036e-05,1.26628783619e-05,1.89546208276e-05],"min":[4.20016102153e-22,1.39028643988e-21,9.22835972459e-21,1.06554433829e-19,9.35586638484e-20,1.17010410362e-19,1.76784445979e-19,6.11390542338e-19,9.99730488332e-19,9.22180341351e-19,1.72049627963e-18,3.04494075672e-18,1.44018824129e-18,2.08674983119e-18,1.22427156074e-18,2.14001571314e-18,3.43945007422e-18,9.18198273202e-18,4.28946335322e-18,5.22419977928e-18,7.07760216647e-18,9.3021646304e-18,8.13516664168e-18,1.40206270104e-17,2.04360363549e-17,2.27219979541e-17,1.8599731791e-17,2.41903444575e-17,2.01823797657e-17,2.32281878213e-17,2.16583462568e-17,2.37414947504e-17,1.5459256223e-17,1.30495781826e-17,1.00951950914e-17,6.85675362831e-18,2.87220848762e-18,1.03241549626e-18,2.61373098641e-19,2.99293881967e-20],"var":[0.00885316450149,1.36219632626,28.1611595154,125.212211609,595.744506836,326.471130371,563.671325684,1114.64624023,3475.08764648,7451.64501953,10470.5449219,11333.6347656,10812.7402344,9335.6796875,14261.7666016,5905.64697266,3572.97509766,3819.71704102,2447.79125977,2508.07592773,1064.64318848,1323.12634277,1097.55236816,379.895263672,417.288024902,172.726348877,448.706573486,840.412719727,1180.11547852,2383.05175781,2084.8996582,424.75869751,34.9102172852,4.76766633987,0.627747476101,0.0249811466783,0.000999975716695,7.39545066608e-05,3.75356808036e-06,4.26157287237e-09]},"erbbands_crest":{"dmean":3.62287712097,"dmean2":5.99405479431,"dvar":10.786608696,"dvar2":27.3477134705,"max":31.5813140869,"mean":11.4747056961,"median":10.4688806534,"min":2.48102164268,"var":28.132226944},"erbbands_flatness_db":{"dmean":0.0329323224723,"dmean2":0.0476308315992,"dvar":0.0012662098743,"dvar2":0.0024715794716,"max":0.799002110958,"mean":0.238715916872,"median":0.236170202494,"min":0.0304967835546,"var":0.00786635745317},"erbbands_kurtosis":{"dmean":3.27017021179,"dmean2":5.29909515381,"dvar":40.085231781,"dvar2":98.916267395,"max":170.124069214,"mean":3.45274972916,"median":1.04175043106,"min":-1.93154633045,"var":57.1204566956},"erbbands_skewness":{"dmean":0.715638399124,"dmean2":1.10222136974,"dvar":0.675939202309,"dvar2":1.44020473957,"max":8.55190372467,"mean":0.616681337357,"median":0.556710600853,"min":-6.70686626434,"var":1.80788421631},"erbbands_spread":{"dmean":11.1839141846,"dmean2":18.0372238159,"dvar":271.070281982,"dvar2":679.269714355,"max":167.276580811,"mean":27.8724746704,"median":21.3589401245,"min":0.203266948462,"var":556.877868652},"gfcc":{"cov":[[24771.6816406,2867.64013672,-2565.32519531,310.821777344,-837.870727539,454.976135254,-461.544403076,196.749633789,-251.503890991,-570.432128906,-100.378250122,-378.949157715,-61.7692451477],[2867.64013672,5248.98876953,-206.336807251,-1439.46801758,399.719696045,-620.15625,-131.25,-70.8003921509,-18.8590526581,-577.909240723,203.2237854,-408.747558594,145.423156738],[-2565.32519531,-206.336807251,1945.62719727,671.902770996,-107.84475708,-31.8153419495,-111.118034363,-99.7076644897,-45.2337989807,45.9872055054,-41.8563842773,56.0415916443,-75.3617248535],[310.821777344,-1439.46801758,671.902770996,2009.15661621,8.84225749969,57.6006546021,-177.394302368,-96.7750473022,-0.598930597305,45.853805542,-14.5149288177,-21.8080463409,-97.8504333496],[-837.870727539,399.719696045,-107.84475708,8.84225749969,813.87286377,17.4715538025,-78.9971923828,-5.96018743515,52.7597160339,-13.08659935,63.5188026428,-38.427192688,45.9716796875],[454.976135254,-620.15625,-31.8153419495,57.6006546021,17.4715538025,627.796936035,102.706787109,37.5250930786,7.55386972427,46.6969032288,-25.8308677673,73.0278015137,-31.6157722473],[-461.544403076,-131.25,-111.118034363,-177.394302368,-78.9971923828,102.706787109,548.20703125,106.564109802,-68.0462112427,-61.0634841919,20.7962265015,63.7023200989,-0.742052078247],[196.749633789,-70.8003921509,-99.7076644897,-96.7750473022,-5.96018743515,37.5250930786,106.564109802,306.396057129,42.220703125,-32.4099197388,-0.23087503016,19.7414264679,4.58592891693],[-251.503890991,-18.8590526581,-45.2337989807,-0.598930597305,52.7597160339,7.55386972427,-68.0462112427,42.220703125,213.161376953,56.2382545471,-7.88785362244,-1.30579173565,12.2298564911],[-570.432128906,-577.909240723,45.9872055054,45.853805542,-13.08659935,46.6969032288,-61.0634841919,-32.4099197388,56.2382545471,352.455963135,-36.0745048523,63.6954116821,-15.2353029251],[-100.378250122,203.2237854,-41.8563842773,-14.5149288177,63.5188026428,-25.8308677673,20.7962265015,-0.23087503016,-7.88785362244,-36.0745048523,164.927307129,-29.6646327972,-2.70275759697],[-378.949157715,-408.747558594,56.0415916443,-21.8080463409,-38.427192688,73.0278015137,63.7023200989,19.7414264679,-1.30579173565,63.6954116821,-29.6646327972,203.938323975,2.62562537193],[-61.7692451477,145.423156738,-75.3617248535,-97.8504333496,45.9716796875,-31.6157722473,-0.742052078247,4.58592891693,12.2298564911,-15.2353029251,-2.70275759697,2.62562537193,135.217224121]],"icov":[[8.73913304531e-05,-0.000126510858536,0.000171923355083,-0.000148104591062,0.000164392273291,-0.000168806538568,0.000129091567942,-0.000119924188766,0.000166715602973,-2.9063954571e-05,0.000124545331346,-6.40517173451e-05,5.94195735175e-05],[-0.000126510858536,0.000638151948806,-0.000358847086318,0.000571322452743,-0.000406544044381,0.000509325531311,-9.71362387645e-05,0.000327789515723,-0.000344721658621,0.000624114938546,-0.000414570706198,0.000688484462444,-0.000205169941182],[0.000171923355083,-0.000358847086318,0.000975389033556,-0.000564632820897,0.000418360199546,-0.000329845206579,0.000307253852952,-0.000169725564774,0.00045999023132,-0.000196637338377,0.000388567190384,-0.000494291540235,0.000341181264957],[-0.000148104591062,0.000571322452743,-0.000564632820897,0.00112625374459,-0.000439335912233,0.000409909436712,-1.05087428892e-05,0.000403357960749,-0.000377439748263,0.000493991421536,-0.000391458306694,0.0006649759016,0.000118757707241],[0.000164392273291,-0.000406544044381,0.000418360199546,-0.000439335912233,0.0017217467539,-0.000541450630408,0.000401323195547,-0.000260099390289,8.67139970069e-05,-0.000228404300287,-0.000218830638914,-0.000209156773053,-0.000307264941512],[-0.000168806538568,0.000509325531311,-0.000329845206579,0.000409909436712,-0.000541450630408,0.00224889977835,-0.000521518930327,0.000230757796089,-0.000463733682409,0.000241465080762,-0.00012070556113,-2.43483427766e-05,0.000254346843576],[0.000129091567942,-9.71362387645e-05,0.000307253852952,-1.05087428892e-05,0.000401323195547,-0.000521518930327,0.00254631158896,-0.00087834475562,0.000994283589534,0.00038891020813,-0.00026505292044,-0.000642947037704,7.35366702429e-05],[-0.000119924188766,0.000327789515723,-0.000169725564774,0.000403357960749,-0.000260099390289,0.000230757796089,-0.00087834475562,0.00401739776134,-0.0013521470828,0.000684534956235,-0.000140630072565,3.4997730836e-05,-1.27696503114e-05],[0.000166715602973,-0.000344721658621,0.00045999023132,-0.000377439748263,8.67139970069e-05,-0.000463733682409,0.000994283589534,-0.0013521470828,0.00585014093667,-0.00107983476482,0.000395567563828,-0.00010910203855,-0.000297225546092],[-2.9063954571e-05,0.000624114938546,-0.000196637338377,0.000493991421536,-0.000228404300287,0.000241465080762,0.00038891020813,0.000684534956235,-0.00107983476482,0.00410942314193,8.27025505714e-05,-0.00029501185054,0.000244484836003],[0.000124545331346,-0.000414570706198,0.000388567190384,-0.000391458306694,-0.000218830638914,-0.00012070556113,-0.00026505292044,-0.000140630072565,0.000395567563828,8.27025505714e-05,0.00691793765873,0.000325639121002,0.000591025280301],[-6.40517173451e-05,0.000688484462444,-0.000494291540235,0.0006649759016,-0.000209156773053,-2.43483427766e-05,-0.000642947037704,3.4997730836e-05,-0.00010910203855,-0.00029501185054,0.000325639121002,0.00668520154431,-0.000649958616123],[5.94195735175e-05,-0.000205169941182,0.000341181264957,0.000118757707241,-0.000307264941512,0.000254346843576,7.35366702429e-05,-1.27696503114e-05,-0.000297225546092,0.000244484836003,0.000591025280301,-0.000649958616123,0.00816303584725]],"mean":[-133.854827881,121.768310547,-106.603126526,21.7366161346,-57.8464241028,4.54744291306,-36.5363502502,-0.683065235615,-20.9694728851,-12.0989112854,-8.70532035828,-9.96810626984,-12.3819236755]},"hfc":{"dmean":7.62171173096,"dmean2":10.678943634,"dvar":299.786682129,"dvar2":561.819274902,"max":715.962890625,"mean":15.2359991074,"median":7.03031253815,"min":1.15937475837e-16,"var":735.663879395},"melbands":{"dmean":[0.000270530435955,0.000660621444695,0.000902792846318,0.00059612566838,0.000244706257945,0.000217257838813,0.000282363063889,0.000273330631899,0.000222416085307,0.000162326687132,0.000123373712995,9.52254777076e-05,7.65275835874e-05,5.45013426745e-05,4.01496436098e-05,3.36124139722e-05,2.69972224487e-05,1.97978333745e-05,1.66060381162e-05,1.13162514026e-05,8.51197091833e-06,7.83438463259e-06,6.73658496453e-06,3.61188926945e-06,2.64802861238e-06,3.38679865308e-06,2.75028332908e-06,2.03925083042e-06,1.97225790544e-06,2.62828780251e-06,2.64294590124e-06,2.71748240266e-06,3.70335874322e-06,3.88001853935e-06,3.43322835761e-06,2.37226367972e-06,1.17765819141e-06,6.6835934831e-07,2.78906355788e-07,2.1451523935e-07],"dmean2":[0.000463730248157,0.00112659984734,0.00151348893996,0.000992622459307,0.000377228308935,0.000333680276526,0.000439449999249,0.000430990505265,0.000341339153238,0.000253431499004,0.000189869388123,0.0001471463911,0.000119671451102,8.49024072522e-05,6.27124099992e-05,5.24212664459e-05,4.30933250755e-05,3.20128092426e-05,2.67823379545e-05,1.78984810191e-05,1.29625414047e-05,1.18474645205e-05,1.03398306237e-05,5.60222724744e-06,4.19517391492e-06,5.17605394634e-06,4.2264282456e-06,3.09512529384e-06,2.9103948691e-06,3.94617882193e-06,4.04754337069e-06,4.08372352467e-06,5.37003597856e-06,5.56569102628e-06,5.03890669279e-06,3.46565684595e-06,1.73792750502e-06,9.95672507997e-07,4.12093783098e-07,3.18728979209e-07],"dvar":[6.61623630549e-07,3.47552099811e-06,3.50835375684e-06,1.51953304339e-06,3.46669480678e-07,3.88664147977e-07,6.65951233714e-07,7.64945752962e-07,5.6005450233e-07,2.8565088428e-07,1.84585047691e-07,8.98850558428e-08,7.76638842126e-08,3.99596231659e-08,1.87813569141e-08,1.16978373654e-08,1.01669179742e-08,5.31510391255e-09,5.2997464195e-09,2.14692552625e-09,8.18735745867e-10,7.27107984932e-10,1.06698505586e-09,2.23793317211e-10,1.40926131875e-10,1.74733477687e-10,1.00811463344e-10,5.21722907931e-11,8.46302333768e-11,2.0933094147e-10,1.8691881376e-10,2.00444189025e-10,3.3044583736e-10,4.27146096271e-10,4.51410270275e-10,3.04569119924e-10,5.50654070952e-11,1.38171019765e-11,2.02516345707e-12,2.25969915522e-12],"dvar2":[1.86303918781e-06,1.00877659861e-05,9.87062139757e-06,4.13335055782e-06,7.63480443311e-07,8.44627550123e-07,1.52695974975e-06,1.73481600996e-06,1.27956354845e-06,6.2700445369e-07,4.11891107888e-07,2.03599810789e-07,1.7731412072e-07,9.4234430037e-08,4.23692121387e-08,2.67093618334e-08,2.41737740936e-08,1.22618644127e-08,1.29463435528e-08,5.12225506455e-09,1.78034942344e-09,1.49808088157e-09,2.44173747888e-09,4.72256567186e-10,3.51522339015e-10,3.22187609925e-10,2.22673920969e-10,1.17381257492e-10,1.7700653443e-10,4.28292262766e-10,4.30115165706e-10,4.42451048022e-10,5.96027061039e-10,8.34039892705e-10,9.68968350001e-10,6.62677690499e-10,1.1411976919e-10,2.81368747745e-11,3.84758544469e-12,4.19574010951e-12],"max":[0.0233550556004,0.0513822063804,0.0375213883817,0.0280831567943,0.0132968872786,0.0156134171411,0.0225371085107,0.0174910146743,0.0194542594254,0.0169200561941,0.0144438399002,0.00703365122899,0.006905737333,0.00666717160493,0.00467858696356,0.00254293018952,0.00354579067789,0.00230638752691,0.00327335111797,0.00204700697213,0.000924674852286,0.000969761109445,0.00186623830814,0.000782229821198,0.000796356587671,0.000788146455307,0.000410583772464,0.000172010564711,0.000389214255847,0.00048291994608,0.000336808006978,0.000474816886708,0.000530232151505,0.000778443063609,0.00109240005258,0.00100460404065,0.000314785575029,0.000123064703075,5.88587499806e-05,0.000100325138192],"mean":[0.000352299481165,0.000842145120259,0.00128850073088,0.00086475891294,0.00036288695992,0.000270690099569,0.000318496895488,0.000293964520097,0.000254577200394,0.000207798817428,0.000159783478011,0.000135939859319,0.000125061415019,6.68254579068e-05,5.14840066899e-05,4.28718267358e-05,3.43882857123e-05,2.52440404438e-05,2.09671889024e-05,1.44044597619e-05,1.14830581879e-05,1.09606544356e-05,9.30044006964e-06,4.95747553941e-06,3.6214469219e-06,4.75815795653e-06,3.40452425007e-06,2.32019647228e-06,2.40126610151e-06,3.25871519635e-06,3.21460652231e-06,3.39246162184e-06,4.84900510855e-06,4.95907079312e-06,4.34095318269e-06,2.85736336991e-06,1.40058182296e-06,7.81074390943e-07,3.27750314e-07,2.55709124986e-07],"median":[4.53830580227e-05,0.000222331815166,0.000303973036353,0.000237058775383,0.000118497162475,5.81339372729e-05,5.45075272385e-05,4.44208344561e-05,2.72413890343e-05,2.20486472244e-05,1.83227111847e-05,1.50076575665e-05,1.0109505638e-05,5.97475309405e-06,4.37216340288e-06,3.25088103637e-06,2.73928912975e-06,2.08842402571e-06,1.26646955323e-06,8.81578444023e-07,7.90248975591e-07,6.91741661285e-07,5.0689152431e-07,3.65308324035e-07,5.91374259784e-07,7.4925901572e-07,3.58238480658e-07,1.18671621863e-07,4.8573390643e-08,2.52898892938e-08,1.78477925772e-08,2.32706653946e-08,3.77967523946e-08,3.91508407915e-08,2.8916135264e-08,3.6208554377e-08,1.64693325644e-08,1.52383208274e-08,9.63023438771e-09,7.34191019092e-09],"min":[2.94930696939e-24,3.5948016742e-24,1.85709548008e-23,6.46836714985e-24,6.60502428547e-24,1.36846225584e-23,1.39814646061e-23,1.12051743575e-23,1.31189801015e-23,1.97676425945e-23,6.65963002619e-24,8.1403298339e-24,4.8364529618e-24,3.95494823187e-24,8.7188015357e-24,9.19181988941e-24,1.82332292477e-23,7.48991559527e-24,5.38973554603e-24,8.47154649559e-24,8.12593548896e-24,9.00436445022e-24,9.58881966199e-24,5.87937638231e-24,1.12992168326e-23,1.75188967654e-23,1.06886187705e-23,1.58834697797e-23,1.16813449994e-23,1.01533261592e-23,1.57923784333e-23,1.08449142039e-23,1.2911608291e-23,1.23671380719e-23,1.2474525707e-23,1.25117662526e-23,1.54016477383e-23,9.91876546876e-24,1.07737305513e-23,1.14073996395e-23],"var":[1.0138272728e-06,5.45161765331e-06,5.22982782059e-06,2.25343637794e-06,5.73571810492e-07,5.48197078842e-07,8.12299276731e-07,8.9971149464e-07,7.6952562722e-07,4.51137026403e-07,2.81549404235e-07,1.63587714042e-07,2.42244823312e-07,5.3555705648e-08,2.89886816773e-08,1.93355180755e-08,1.38786804271e-08,7.25800086698e-09,7.29724147774e-09,3.11147085874e-09,1.43752487691e-09,1.4690422212e-09,1.87084236991e-09,4.57558546607e-10,2.45389236708e-10,3.10314079988e-10,1.78592654554e-10,7.23123783075e-11,1.36603228729e-10,3.39827777029e-10,2.68094157985e-10,3.17565418406e-10,6.67124633313e-10,8.04690258871e-10,7.80245923426e-10,4.72643868488e-10,8.93670137891e-11,2.20532446471e-11,3.79284841381e-12,4.18700751154e-12]},"melbands_crest":{"dmean":4.17820453644,"dmean2":7.01193332672,"dvar":12.0514221191,"dvar2":31.2660541534,"max":39.9095993042,"mean":14.3405656815,"median":13.7967443466,"min":1.85934662819,"var":30.0224990845},"melbands_flatness_db":{"dmean":0.044886957854,"dmean2":0.0633517131209,"dvar":0.00222425023094,"dvar2":0.00411642109975,"max":0.939740240574,"mean":0.295401662588,"median":0.289269983768,"min":0.00649834983051,"var":0.0142217241228},"melbands_kurtosis":{"dmean":18.518951416,"dmean2":31.7313594818,"dvar":105231.21875,"dvar2":312800.84375,"max":22861.3144531,"mean":22.1101303101,"median":6.13501310349,"min":-1.95853865147,"var":54898.3359375},"melbands_skewness":{"dmean":1.18136060238,"dmean2":1.83526647091,"dvar":4.85802650452,"dvar2":12.7755889893,"max":134.539886475,"mean":2.30076169968,"median":1.79423189163,"min":-11.0670433044,"var":7.88259506226},"melbands_spread":{"dmean":10.8448095322,"dmean2":17.4012889862,"dvar":585.432678223,"dvar2":1391.13513184,"max":258.748687744,"mean":20.1699943542,"median":10.7762336731,"min":0.023958299309,"var":898.867675781},"mfcc":{"cov":[[16947.9042969,2232.81787109,-1847.78820801,-369.625701904,-79.4457168579,45.5347442627,-135.353897095,590.524963379,-238.065368652,480.080047607,-24.2103252411,-350.87802124,-184.138122559],[2232.81787109,5762.76904297,-800.211975098,-1006.46923828,173.522155762,-822.899291992,1.18948984146,-21.7384567261,-203.283660889,-27.74168396,-150.319107056,-209.577102661,-86.2552490234],[-1847.78820801,-800.211975098,1919.75842285,621.413696289,-25.5290126801,208.817428589,-16.9409809113,-38.1444282532,-37.6554832458,-78.9212341309,-40.3060073853,42.0031051636,-27.7804393768],[-369.625701904,-1006.46923828,621.413696289,1244.67114258,326.177368164,159.531951904,-19.5433006287,-16.460817337,-90.4587783813,83.1623382568,-27.8265285492,-10.4589328766,-34.0460128784],[-79.4457168579,173.522155762,-25.5290126801,326.177368164,924.949584961,149.704666138,-65.4444274902,-37.177066803,-61.1595191956,134.431884766,-0.0445050485432,-42.4640769958,-23.9733066559],[45.5347442627,-822.899291992,208.817428589,159.531951904,149.704666138,571.767700195,96.5280914307,14.6030912399,32.6208343506,23.5149765015,69.5861740112,37.9424324036,-1.01322138309],[-135.353897095,1.18948984146,-16.9409809113,-19.5433006287,-65.4444274902,96.5280914307,398.945465088,210.699478149,11.4293718338,38.8849945068,32.2164115906,-21.8181877136,-3.52590227127],[590.524963379,-21.7384567261,-38.1444282532,-16.460817337,-37.177066803,14.6030912399,210.699478149,466.347167969,52.5485992432,43.283657074,57.739238739,-62.5218353271,1.43563115597],[-238.065368652,-203.283660889,-37.6554832458,-90.4587783813,-61.1595191956,32.6208343506,11.4293718338,52.5485992432,278.440673828,-3.35962677002,36.4722480774,57.7880897522,14.3720378876],[480.080047607,-27.74168396,-78.9212341309,83.1623382568,134.431884766,23.5149765015,38.8849945068,43.283657074,-3.35962677002,273.012664795,62.8293876648,-30.5646057129,-5.00712537766],[-24.2103252411,-150.319107056,-40.3060073853,-27.8265285492,-0.0445050485432,69.5861740112,32.2164115906,57.739238739,36.4722480774,62.8293876648,206.790466309,37.3204956055,-4.70238256454],[-350.87802124,-209.577102661,42.0031051636,-10.4589328766,-42.4640769958,37.9424324036,-21.8181877136,-62.5218353271,57.7880897522,-30.5646057129,37.3204956055,183.862380981,43.8510017395],[-184.138122559,-86.2552490234,-27.7804393768,-34.0460128784,-23.9733066559,-1.01322138309,-3.52590227127,1.43563115597,14.3720378876,-5.00712537766,-4.70238256454,43.8510017395,138.799728394]],"icov":[[9.32114708121e-05,-5.22114605701e-05,9.87044259091e-05,-4.42899217887e-05,0.000106934217911,-0.00017516069056,0.000207109245821,-0.000200442664209,9.08859874471e-05,-0.000184650416486,0.000111135428597,2.1117759843e-06,0.00011165541946],[-5.22114605701e-05,0.000326843379298,-5.65764275962e-05,0.000282248918666,-0.000266103481408,0.000506853917614,-0.000268035684712,0.000161195130204,0.00011154000822,0.000139077266795,2.49265281127e-06,0.000123626683489,9.55127834459e-05],[9.87044259091e-05,-5.65764275962e-05,0.000782246293966,-0.000404193793656,0.000267089460976,-0.000401158555178,0.000283814501017,-0.000234207895119,0.000139898140333,1.01376290331e-05,0.00022482368513,-0.000124178492115,0.000238771230215],[-4.42899217887e-05,0.000282248918666,-0.000404193793656,0.00137627648655,-0.000552684476133,0.000308191403747,-0.000165113364346,4.98208646604e-05,0.000363788130926,-0.000216853630263,0.000229582481552,-4.29865685874e-05,0.000251278048381],[0.000106934217911,-0.000266103481408,0.000267089460976,-0.000552684476133,0.00166600663215,-0.000899982347619,0.000715716276318,-0.000272596254945,0.000175913082785,-0.000817533000372,0.000267723167781,9.49815148488e-05,0.000127924489789],[-0.00017516069056,0.000506853917614,-0.000401158555178,0.000308191403747,-0.000899982347619,0.00309033389203,-0.00132697366644,0.000728705199435,-0.000246152339969,0.000588564202189,-0.000855721940752,-3.78434451704e-05,-6.65393599775e-05],[0.000207109245821,-0.000268035684712,0.000283814501017,-0.000165113364346,0.000715716276318,-0.00132697366644,0.00415233615786,-0.00209999247454,0.000461937946966,-0.000883476517629,0.000489204248879,-0.000248988188105,0.000381164398277],[-0.000200442664209,0.000161195130204,-0.000234207895119,4.98208646604e-05,-0.000272596254945,0.000728705199435,-0.00209999247454,0.00368749722838,-0.000926612294279,0.000469839316793,-0.00114455481526,0.00141946214717,-0.000707980303559],[9.08859874471e-05,0.00011154000822,0.000139898140333,0.000363788130926,0.000175913082785,-0.000246152339969,0.000461937946966,-0.000926612294279,0.00437622750178,-0.000302118365653,1.54692170327e-05,-0.00138749671169,0.000331867311615],[-0.000184650416486,0.000139077266795,1.01376290331e-05,-0.000216853630263,-0.000817533000372,0.000588564202189,-0.000883476517629,0.000469839316793,-0.000302118365653,0.00497597688809,-0.00178032438271,0.000944093277212,-0.000521704263519],[0.000111135428597,2.49265281127e-06,0.00022482368513,0.000229582481552,0.000267723167781,-0.000855721940752,0.000489204248879,-0.00114455481526,1.54692170327e-05,-0.00178032438271,0.00633277976885,-0.00174426927697,0.0010143466061],[2.1117759843e-06,0.000123626683489,-0.000124178492115,-4.29865685874e-05,9.49815148488e-05,-3.78434451704e-05,-0.000248988188105,0.00141946214717,-0.00138749671169,0.000944093277212,-0.00174426927697,0.00757259968668,-0.00223442772403],[0.00011165541946,9.55127834459e-05,0.000238771230215,0.000251278048381,0.000127924489789,-6.65393599775e-05,0.000381164398277,-0.000707980303559,0.000331867311615,-0.000521704263519,0.0010143466061,-0.00223442772403,0.00824725162238]],"mean":[-771.272583008,146.959472656,10.4997005463,15.656288147,3.25932693481,-1.5879317522,-3.02866697311,4.53775119781,-12.0135860443,1.53869473934,-5.10455179214,-6.41352462769,-1.1113755703]},"pitch_salience":{"dmean":0.0897108837962,"dmean2":0.147144600749,"dvar":0.00608650501817,"dvar2":0.015914561227,"max":0.934014260769,"mean":0.59868812561,"median":0.614989042282,"min":0.00303605175577,"var":0.0172633267939},"silence_rate_20dB":{"dmean":0,"dmean2":0,"dvar":0,"dvar2":0,"max":1,"mean":1,"median":1,"min":1,"var":0},"silence_rate_30dB":{"dmean":0.00471166661009,"dmean2":0.00942429807037,"dvar":0.00468959705904,"dvar2":0.0122035015374,"max":1,"mean":0.992011487484,"median":1,"min":0,"var":0.00792466383427},"silence_rate_60dB":{"dmean":0.0663730427623,"dmean2":0.132759675384,"dvar":0.0619609169662,"dvar2":0.132534191012,"max":1,"mean":0.203605085611,"median":0,"min":0,"var":0.162169933319},"spectral_centroid":{"dmean":320.019073486,"dmean2":477.032409668,"dvar":322791.21875,"dvar2":560847.8125,"max":11084.2294922,"mean":1091.66906738,"median":701.42376709,"min":121.681526184,"var":1125441},"spectral_complexity":{"dmean":2.58977770805,"dmean2":3.84265518188,"dvar":8.71902370453,"dvar2":16.5642852783,"max":52,"mean":10.7154855728,"median":9,"min":0,"var":71.3773651123},"spectral_contrast_coeffs":{"dmean":[0.0637079849839,0.0617312006652,0.0465897843242,0.0392642691731,0.0330529622734,0.0282717905939],"dmean2":[0.0982780531049,0.0935100317001,0.0717261880636,0.0595423690975,0.0492360666394,0.0404636152089],"dvar":[0.00276543921791,0.00282346759923,0.00174488697667,0.00132191658486,0.000933222705498,0.000749899889342],"dvar2":[0.00611264212057,0.00587548036128,0.00365456705913,0.00265594595112,0.00186342780944,0.00134670420084],"max":[-0.203814595938,-0.303294122219,-0.305908203125,-0.491073697805,-0.495501697063,-0.504309237003],"mean":[-0.606441557407,-0.731631338596,-0.787213742733,-0.798043429852,-0.772459805012,-0.791398227215],"median":[-0.607852339745,-0.754999995232,-0.805108189583,-0.812012016773,-0.776335775852,-0.802298665047],"min":[-0.995270371437,-0.972723126411,-0.970237374306,-0.966198444366,-0.961736321449,-0.96295529604],"var":[0.017309717834,0.0130052100867,0.00906856823713,0.0055912877433,0.00557438936085,0.00431733252481]},"spectral_contrast_valleys":{"dmean":[0.54765278101,0.531951189041,0.496331810951,0.462875276804,0.450366646051,0.530157864094],"dmean2":[0.868240714073,0.806108415127,0.718416213989,0.645166158676,0.59670060873,0.672149181366],"dvar":[0.249628350139,0.275274515152,0.260877460241,0.227347239852,0.225779891014,0.323327422142],"dvar2":[0.533153951168,0.515517234802,0.446420073509,0.390273481607,0.367712050676,0.523066699505],"max":[-4.97673511505,-4.64319705963,-4.86766672134,-5.3037610054,-5.63230895996,-7.01916694641],"mean":[-8.43898868561,-7.64725971222,-8.24079990387,-8.91164112091,-9.24379920959,-11.7862205505],"median":[-7.91540431976,-7.05162572861,-7.69001197815,-8.5602350235,-9.03011894226,-11.7003383636],"min":[-27.1706199646,-27.4535045624,-27.4541778564,-27.0857162476,-27.1957111359,-27.2523155212],"var":[4.11646556854,3.36192297935,3.72404360771,3.13454151154,2.40675854683,2.61356520653]},"spectral_decrease":{"dmean":2.26729723884e-09,"dmean2":3.46687301089e-09,"dvar":1.17799990446e-17,"dvar2":2.86629100295e-17,"max":9.40491809797e-16,"mean":-5.08666841981e-09,"median":-3.43736594743e-09,"min":-6.12282136103e-08,"var":3.29431561092e-17},"spectral_energy":{"dmean":0.00908823497593,"dmean2":0.0138346357271,"dvar":0.00018208308029,"dvar2":0.000438937684521,"max":0.234640628099,"mean":0.0205801576376,"median":0.0139654446393,"min":1.08322976675e-20,"var":0.000519460765645},"spectral_energyband_high":{"dmean":0.000527915661223,"dmean2":0.000727062055375,"dvar":5.85852149015e-06,"dvar2":1.05345916381e-05,"max":0.10406627506,"mean":0.000750127481297,"median":1.77093970706e-05,"min":7.95137945912e-21,"var":1.2903102288e-05},"spectral_energyband_low":{"dmean":0.00308693782426,"dmean2":0.00520857656375,"dvar":5.5177424656e-05,"dvar2":0.000157428527018,"max":0.186910405755,"mean":0.0046193189919,"median":0.0014429835137,"min":4.95382276384e-23,"var":0.00010550954903},"spectral_energyband_middle_high":{"dmean":0.002008151263,"dmean2":0.00288854632527,"dvar":1.96266537387e-05,"dvar2":3.95208553527e-05,"max":0.0981011018157,"mean":0.00404970115051,"median":0.000888662994839,"min":1.43617073007e-21,"var":6.14692398813e-05},"spectral_energyband_middle_low":{"dmean":0.00681084068492,"dmean2":0.0105079645291,"dvar":0.000113440793939,"dvar2":0.000269403186394,"max":0.139166533947,"mean":0.0124406060204,"median":0.0073529058136,"min":3.93364013641e-22,"var":0.0002369240392},"spectral_entropy":{"dmean":0.312575906515,"dmean2":0.443560957909,"dvar":0.141529515386,"dvar2":0.243724390864,"max":9.81301593781,"mean":6.86698722839,"median":6.92480754852,"min":2.06833529472,"var":0.83068549633},"spectral_flux":{"dmean":0.0261676702648,"dmean2":0.0409571640193,"dvar":0.000818610540591,"dvar2":0.00189210765529,"max":0.435087323189,"mean":0.0838794112206,"median":0.0775702893734,"min":1.04078322349e-10,"var":0.00314377248287},"spectral_kurtosis":{"dmean":8.65032672882,"dmean2":14.2611236572,"dvar":1048.7310791,"dvar2":3408.57543945,"max":1193.62585449,"mean":15.487036705,"median":8.85963630676,"min":-1.58906114101,"var":1016.91998291},"spectral_rms":{"dmean":0.000921529368497,"dmean2":0.0013370042434,"dvar":1.00715487861e-06,"dvar2":2.11815176954e-06,"max":0.015130026266,"mean":0.00379221863113,"median":0.00369118200615,"min":3.25086073512e-12,"var":5.69728581468e-06},"spectral_rolloff":{"dmean":578.339904785,"dmean2":985.888244629,"dvar":1961885.625,"dvar2":3943276,"max":18669.2871094,"mean":1591.4074707,"median":732.12890625,"min":21.533203125,"var":6530520.5},"spectral_skewness":{"dmean":0.692680835724,"dmean2":1.05051410198,"dvar":0.988430202007,"dvar2":2.61444735527,"max":30.5833492279,"mean":2.53022623062,"median":2.19163894653,"min":-0.699836552143,"var":3.19223570824},"spectral_spread":{"dmean":790921.9375,"dmean2":1169900,"dvar":1273369722880.0,"dvar2":2366075305980.0,"max":40278648,"mean":3483701.5,"median":2847609.5,"min":140257.296875,"var":4619010834430.0},"spectral_strongpeak":{"dmean":0.591958284378,"dmean2":0.941284000874,"dvar":0.946642041206,"dvar2":2.28138685226,"max":20.0741233826,"mean":0.955809235573,"median":0.469530045986,"min":0,"var":1.86132574081},"zerocrossingrate":{"dmean":0.0147889750078,"dmean2":0.0162673387676,"dvar":0.000696775387041,"dvar2":0.000661177327856,"max":0.7529296875,"mean":0.0602016672492,"median":0.03369140625,"min":0.0029296875,"var":0.00698558194563}},"metadata":{"audio_properties":{"analysis_sample_rate":44100,"bit_rate":147856,"codec":"mp3","downmix":"mix","equal_loudness":0,"length":226.690612793,"lossless":false,"md5_encoded":"730eaab649db365c4fb867e37df25611","replay_gain":-11.5705699921,"sample_rate":44100},"tags":{"album":["The Arockalypse"],"albumartist":["Lordi"],"albumartistsort":["Lordi"],"artist":["Lordi"],"artistsort":["Lordi"],"date":["2006"],"discnumber":["1/1"],"encodedby":["LAME 3.0.93 MOD"],"file_name":"01.Lordi-SCG3_Special_Report.mp3","genre":["Heavy Metal"],"isrc":["FIBAR0500282"],"language":["eng"],"musicbrainz album status":["promotion"],"musicbrainz album type":["album"],"musicbrainz_albumartistid":["b5b4ba6e-6e34-4669-a33b-0d813b4c3d83"],"musicbrainz_albumid":["dd1f50dd-37c6-413e-beed-71246f405da4"],"musicbrainz_artistid":["b5b4ba6e-6e34-4669-a33b-0d813b4c3d83"],"musicbrainz_recordingid":["64d115a9-38a5-496f-9098-089c2db1c8c0"],"originaldate":["2006"],"script":["Latn"],"title":["SCG3 Special Report"],"tracknumber":["1/10"]},"version":{"essentia":"2.1-beta2","essentia_build_sha":"70f2e5ece6736b2c40cc944ad0e695b16b925413","essentia_git_sha":"v2.1_beta2","extractor":"music 1.0"}},"rhythm":{"beats_count":437,"beats_loudness":{"dmean":0.0192325841635,"dmean2":0.0340889319777,"dvar":0.000364893494407,"dvar2":0.00103595945984,"max":0.207502752542,"mean":0.0254895146936,"median":0.0194580741227,"min":2.89579982216e-09,"var":0.000648200511932},"beats_loudness_band_ratio":{"dmean":[0.238629609346,0.19716013968,0.222315713763,0.163010939956,0.0634448006749,0.16351942718],"dmean2":[0.41884174943,0.347262233496,0.385538429022,0.297261446714,0.115602828562,0.312315881252],"dvar":[0.0473717413843,0.037672098726,0.039391245693,0.0404879190028,0.0104703195393,0.0883435532451],"dvar2":[0.112392127514,0.114432089031,0.10759126395,0.111453816295,0.0307093206793,0.247710078955],"max":[0.988726258278,0.969940185547,0.91