{"lowlevel":{"average_loudness":0.972838878632,"barkbands":{"dmean":[8.19569049781e-06,0.00370821170509,0.002638600301,0.000977012212388,0.00104709959123,0.00020817204495,0.000171693856828,0.000222774673603,0.000524831935763,0.000459727598354,0.000452369538834,0.000357737008017,0.000495691259857,0.000619509257376,0.000477956113173,0.000515963183716,0.000568401417695,0.00040775584057,0.000389565480873,0.000354066956788,0.000333358504577,0.000288177659968,0.000255216495134,0.00024697947083,0.0001395837171,4.13222369389e-05,1.86100794508e-06],"dmean2":[1.26786553665e-05,0.00580984959379,0.00449627824128,0.00168579549063,0.00167024997063,0.000354727526428,0.000285511254333,0.000355704978574,0.000843242800329,0.000734798901249,0.000741405063309,0.000580907275435,0.000801415357273,0.00100862060208,0.00076033786172,0.000822349742521,0.000911393028218,0.000674934999552,0.000643913808744,0.000584132329095,0.000553722144105,0.000480789749417,0.000402692006901,0.000357317796443,0.000202364681172,5.99393351877e-05,3.08564335683e-06],"dvar":[3.26161903041e-10,7.94524312369e-05,3.72367831005e-05,3.84784516427e-06,8.32955083752e-06,1.66489897424e-07,1.18847609087e-07,2.91830986043e-07,1.05689616703e-06,9.13236078759e-07,6.31766340575e-07,4.11424224467e-07,7.56818678838e-07,1.24538291857e-06,8.82571555394e-07,8.77730826687e-07,1.02326907836e-06,3.3333313354e-07,3.2428471286e-07,2.43726901772e-07,2.52541184409e-07,3.4811901628e-07,3.84356070526e-07,6.39044401396e-07,1.91967686192e-07,1.2945199579e-08,5.1526685696e-11],"dvar2":[7.56448015338e-10,0.000173091582838,0.000104642720544,1.05560147858e-05,1.98952166102e-05,4.52921227634e-07,2.86400393179e-07,6.72913870403e-07,2.5484755497e-06,2.17542810788e-06,1.69654265392e-06,1.01005070974e-06,1.82994301667e-06,3.22466598845e-06,2.21912000598e-06,2.04836487683e-06,2.49283198173e-06,8.84135829438e-07,8.09729442608e-07,6.27910537787e-07,6.69493033456e-07,9.13357723675e-07,8.33488854823e-07,1.12784096018e-06,3.80137436196e-07,2.57962646799e-08,1.35681368918e-10],"max":[0.000303666078253,0.0852943062782,0.0656375139952,0.0198813974857,0.0314402095973,0.00915231835097,0.0110593391582,0.0188248250633,0.0213584788144,0.020421937108,0.0135339153931,0.01289221365,0.0155214257538,0.0362207479775,0.0170443858951,0.0185129996389,0.0276063345373,0.0087664341554,0.012743704021,0.0107750277966,0.0162368416786,0.00977905839682,0.0184881836176,0.0214891806245,0.0128831341863,0.00358858937398,0.000253825332038],"mean":[1.00644228951e-05,0.00460063805804,0.00353981740773,0.00127238989808,0.00123751419596,0.000291064759949,0.000261993409367,0.00031959838816,0.000808890676126,0.00077191676246,0.000748414429836,0.000592358352151,0.00082451524213,0.00102989783045,0.000836780818645,0.000972497451585,0.0010665912414,0.000793959014118,0.000847126881126,0.000838919018861,0.000828917254694,0.000591410091147,0.000540370412637,0.000483609124785,0.000271391676506,6.96142960805e-05,2.06773961509e-06],"median":[1.47201694745e-06,0.00144495721906,0.00220449478365,0.00065768964123,0.00049272342585,0.000169140374055,0.000137305818498,9.24726991798e-05,0.000356347998604,0.000384463055525,0.000374330382328,0.000324766268022,0.000382815633202,0.000601113366429,0.000363351864507,0.000529322307557,0.000620558217634,0.000556289160158,0.000625677639619,0.00065068382537,0.000742940814234,0.00041029296699,0.000325195054756,0.000235793631873,0.000135408845381,2.82506043732e-05,6.35873561805e-07],"min":[3.70774249557e-24,5.06966888103e-23,3.23580645902e-23,1.04020902902e-23,4.79840012611e-23,9.86428279034e-23,2.05486038466e-23,1.98160265892e-23,5.03629880256e-23,6.55048386243e-23,3.30144031742e-23,6.00383291629e-23,5.38199153518e-23,1.61345430644e-22,1.86456678171e-22,1.23307403453e-22,1.09926555452e-22,2.69589364718e-22,2.75026067859e-22,4.53927326581e-22,3.95923507558e-22,6.11557537905e-22,5.72167706046e-22,8.87676979601e-22,1.18925398507e-21,1.55738399181e-21,2.68433901849e-21],"var":[5.07404562811e-10,9.57218580879e-05,2.93759312626e-05,3.69510985365e-06,8.06176012702e-06,1.71833121954e-07,2.56342076455e-07,6.57983719066e-07,2.06365348276e-06,1.75854199824e-06,1.31833564865e-06,7.43090083688e-07,1.52782297391e-06,1.82111796221e-06,1.69840973285e-06,1.96650671569e-06,2.18255013351e-06,6.24854180842e-07,6.9358793553e-07,5.55467863705e-07,4.55101343277e-07,4.71009997227e-07,7.39605809486e-07,1.52294205691e-06,4.20975936777e-07,2.40580355637e-08,4.82880437025e-11]},"barkbands_crest":{"dmean":2.62772083282,"dmean2":4.07946443558,"dvar":7.66340827942,"dvar2":16.612361908,"max":26.9178543091,"mean":7.79946708679,"median":6.24576473236,"min":2.03731584549,"var":21.8446598053},"barkbands_flatness_db":{"dmean":0.0179431959987,"dmean2":0.0279711503536,"dvar":0.000443125143647,"dvar2":0.000974626280367,"max":0.505564808846,"mean":0.0905260890722,"median":0.0783189162612,"min":0.0255913548172,"var":0.00219434662722},"barkbands_kurtosis":{"dmean":3.46952080727,"dmean2":5.77654647827,"dvar":984.362976074,"dvar2":2605.68701172,"max":2055.35644531,"mean":8.70026302338,"median":-0.944876790047,"min":-1.95881307125,"var":10153.4667969},"barkbands_skewness":{"dmean":0.532523155212,"dmean2":0.804571211338,"dvar":0.581967830658,"dvar2":1.19854068756,"max":9.17835044861,"mean":0.14227373898,"median":0.186860129237,"min":-40.3220252991,"var":8.32340431213},"barkbands_spread":{"dmean":7.96099376678,"dmean2":12.6462812424,"dvar":72.1968841553,"dvar2":168.70350647,"max":148.162796021,"mean":42.6256637573,"median":43.3683891296,"min":0.131141722202,"var":225.863220215},"dissonance":{"dmean":0.00687845330685,"dmean2":0.0117183076218,"dvar":4.72558494948e-05,"dvar2":0.000130157408421,"max":0.5,"mean":0.489667445421,"median":0.491711378098,"min":0.39868119359,"var":6.77861025906e-05},"dynamic_complexity":2.72360181808,"erbbands":{"dmean":[0.0515507459641,1.00428378582,2.87129306793,2.94027900696,4.8165435791,2.59005451202,1.68238782883,1.80800592899,2.29237937927,2.6938765049,6.48217916489,13.1958217621,12.0162687302,13.7394371033,18.7876281738,15.7586641312,21.6495838165,29.014591217,25.6104545593,24.2169971466,25.5170478821,28.3316059113,23.9050731659,20.7471313477,18.0039424896,17.210773468,14.2808580399,12.4701271057,10.0147676468,9.57676410675,6.96796417236,5.18371391296,4.24821615219,1.96880841255,0.842203259468,0.281417071819,0.0573936849833,0.0062086279504,0.000301878375467,2.02065075428e-05],"dmean2":[0.0817247778177,1.57143473625,4.71187400818,5.09858226776,7.79836463928,4.3283662796,2.85700392723,3.08587145805,3.81085896492,4.45273303986,10.3233232498,21.2202453613,19.1613674164,22.2075576782,30.6833496094,25.3803157806,34.7907867432,47.1904258728,41.2955513,38.6528244019,40.5425987244,45.1807250977,39.3755531311,33.7882232666,30.130279541,28.5373058319,23.7890796661,20.6396160126,16.6730365753,15.694691658,10.88667202,7.58817863464,6.20628118515,2.90161538124,1.21810495853,0.410045683384,0.0833086445928,0.00919185113162,0.000487172947032,3.05004232359e-05],"dvar":[0.0183378662914,5.56483459473,37.3513793945,45.7923927307,156.230712891,50.1148338318,11.1848983765,13.6991643906,21.6663684845,27.8302268982,225.458282471,748.318237305,741.359741211,896.038085938,1001.15289307,795.16973877,1555.60961914,2264.02685547,2689.99926758,2251.09008789,2111.89086914,2266.03100586,1142.24328613,1379.87683105,528.045898438,648.815551758,436.661010742,373.385101318,413.022949219,441.229095459,327.25201416,265.192779541,193.159988403,42.933303833,6.00362539291,0.662287831306,0.0217828266323,0.00029604070005,1.72212151028e-06,2.99595437347e-09],"dvar2":[0.0409631468356,12.0102491379,98.1543884277,128.997802734,379.264129639,132.220825195,28.5219593048,37.9399223328,52.9314727783,66.9390487671,515.59362793,1822.95837402,1722.39404297,2252.15478516,2646.10986328,1913.8449707,3753.30297852,5741.48046875,6740.47949219,5312.93310547,5004.38818359,5551.48779297,2958.63134766,3399.1027832,1410.35351563,1690.55065918,1139.63391113,1002.88623047,1081.96875,1118.17858887,670.647094727,479.972076416,355.789093018,86.9159240723,11.2951698303,1.29330468178,0.0443710274994,0.000649104244076,4.55671352029e-06,7.69141283996e-09],"max":[1.37226688862,22.2132740021,61.5268211365,73.861114502,132.993255615,79.8852081299,73.3906021118,70.5714569092,168.741165161,170.396255493,514.921264648,571.365783691,773.738647461,668.766845703,525.518005371,665.544128418,682.47869873,792.813903809,1369.10180664,1194.20849609,1040.03259277,1139.6953125,736.56072998,883.538757324,379.57522583,532.664123535,508.42880249,671.008728027,408.659454346,367.061706543,638.841369629,452.679504395,363.879272461,207.580368042,78.6742858887,28.2682189941,3.57301640511,0.473385930061,0.0511275939643,0.00178749940824],"mean":[0.0559065006673,1.30103456974,4.28129243851,4.02352380753,5.54649829865,2.8660068512,2.27974081039,2.46488189697,3.60569286346,4.03180408478,10.0145521164,20.2643051147,20.9588031769,24.2593803406,32.5995178223,28.1249332428,38.2497177124,51.2760391235,47.0158233643,47.6191329956,52.2132415771,57.6583328247,49.2489471436,42.6083908081,42.5360527039,40.7449798584,33.6981811523,30.3647727966,20.7504081726,19.7828235626,14.7351036072,10.3743906021,7.85583686829,3.81895518303,1.55102169514,0.485425144434,0.0953388437629,0.00995983183384,0.000380451674573,5.1540464483e-05],"median":[0.0124427564442,0.449220776558,2.46401357651,2.47123289108,1.96373486519,1.32793045044,1.26258850098,1.4329020977,1.99191784859,2.04248642921,3.25622558594,8.96627616882,10.7194232941,12.2376050949,17.2725944519,16.0088119507,19.3477153778,31.1133022308,25.4057369232,22.5568733215,30.6772022247,36.2255210876,35.8261985779,25.8563652039,34.5807266235,31.443359375,28.8676052094,27.1125392914,14.9373016357,12.1280946732,8.81846904755,5.36722230911,3.55398011208,1.90439593792,0.730516433716,0.208336487412,0.0358397476375,0.00388127216138,0.000131550768856,4.00651151722e-05],"min":[1.34926395624e-21,1.22820585145e-20,2.48574381824e-20,5.170469164e-20,5.15553176847e-20,2.79533693893e-19,3.7023146312e-19,9.76739210001e-19,3.39524657626e-19,3.01813105759e-19,6.46856117896e-19,1.45560978304e-18,1.69036829377e-18,1.33383990468e-18,1.82469094812e-18,2.34241771005e-18,2.86525624137e-18,6.17614280286e-18,1.17995759281e-17,7.62502202405e-18,6.42081166111e-18,7.78578209455e-18,1.39007735027e-17,1.41958536426e-17,1.39008628382e-17,1.91916026803e-17,2.00619025638e-17,1.69776686601e-17,2.07445929213e-17,1.6099465893e-17,1.55872690402e-17,1.88739769056e-17,1.64936306897e-17,1.32767881532e-17,8.45445835813e-18,4.1856881687e-18,3.18280943096e-18,1.53054655627e-18,3.29002739289e-19,3.90985754269e-20],"var":[0.0206831172109,6.8626036644,37.9898986816,34.6377563477,154.811706543,39.2361793518,12.9894933701,12.8784389496,46.0396881104,56.4531669617,519.950195313,1399.16650391,1394.63842773,1673.02416992,2071.24633789,1552.93896484,3059.56713867,3929.62768555,4327.11474609,5119.5625,4824.48974609,5042.83154297,2288.72412109,2922.43579102,1208.4744873,1397.82666016,780.22869873,630.617736816,552.710876465,663.182250977,679.428466797,624.300842285,435.047149658,92.4812850952,13.6061410904,1.280392766,0.039861548692,0.000488877645694,1.546454655e-06,3.44609829561e-09]},"erbbands_crest":{"dmean":2.02784156799,"dmean2":3.37673997879,"dvar":4.04638624191,"dvar2":10.4638051987,"max":27.9900054932,"mean":6.69369268417,"median":5.90758800507,"min":2.31212735176,"var":8.61163234711},"erbbands_flatness_db":{"dmean":0.0128066176549,"dmean2":0.0195861812681,"dvar":0.00015988148516,"dvar2":0.000330791226588,"max":0.298097789288,"mean":0.139707580209,"median":0.137767240405,"min":0.0323942676187,"var":0.000931578746531},"erbbands_kurtosis":{"dmean":0.738700330257,"dmean2":1.17396628857,"dvar":1.06238782406,"dvar2":2.52284884453,"max":29.1277122498,"mean":0.507600784302,"median":0.215663149953,"min":-1.5476193428,"var":2.04344105721},"erbbands_skewness":{"dmean":0.280952334404,"dmean2":0.434070199728,"dvar":0.0682854279876,"dvar2":0.153993070126,"max":2.78196692467,"mean":-0.433748155832,"median":-0.45788910985,"min":-3.85376858711,"var":0.260162860155},"erbbands_spread":{"dmean":7.38010597229,"dmean2":11.3670835495,"dvar":63.0115242004,"dvar2":141.992340088,"max":127.895385742,"mean":36.3082580566,"median":33.7173957825,"min":4.13672018051,"var":198.200012207},"gfcc":{"cov":[[15944.3916016,786.979064941,-1396.42041016,795.584716797,-990.518554688,729.166259766,-732.637817383,342.510803223,-564.558349609,209.969985962,-416.176208496,7.93614673615,-334.274291992],[786.979064941,796.620483398,-255.303741455,134.878173828,56.415977478,-18.1416912079,61.6732521057,10.6889476776,35.3806343079,-0.29035282135,23.4426498413,-36.8647575378,28.8436355591],[-1396.42041016,-255.303741455,706.469665527,9.40350437164,148.259994507,57.7241821289,36.0820426941,-26.0964450836,2.21447992325,28.4645271301,8.23129272461,45.8186378479,-9.59953403473],[795.584716797,134.878173828,9.40350437164,244.724838257,13.3364210129,71.8055648804,4.96539402008,11.3156042099,14.8803119659,15.6796121597,-5.0792632103,-0.757334768772,2.13951849937],[-990.518554688,56.415977478,148.259994507,13.3364210129,262.243408203,15.3151950836,106.21559906,28.2248859406,65.6384735107,25.6384830475,28.3274307251,13.310790062,34.4921531677],[729.166259766,-18.1416912079,57.7241821289,71.8055648804,15.3151950836,180.474334717,41.4530296326,51.1872558594,-29.4528617859,35.0084342957,-3.20522451401,8.48503398895,-26.5172748566],[-732.637817383,61.6732521057,36.0820426941,4.96539402008,106.21559906,41.4530296326,203.923843384,35.4851799011,46.391418457,13.2678470612,52.5815849304,5.72118234634,18.054523468],[342.510803223,10.6889476776,-26.0964450836,11.3156042099,28.2248859406,51.1872558594,35.4851799011,116.511245728,35.1912231445,28.6207275391,-6.11672353745,0.0114094745368,-0.900261998177],[-564.558349609,35.3806343079,2.21447992325,14.8803119659,65.6384735107,-29.4528617859,46.391418457,35.1912231445,137.06741333,18.1923713684,30.1072120667,-25.5583457947,24.5402812958],[209.969985962,-0.29035282135,28.4645271301,15.6796121597,25.6384830475,35.0084342957,13.2678470612,28.6207275391,18.1923713684,79.2346572876,14.1334438324,13.7432584763,-6.13584136963],[-416.176208496,23.4426498413,8.23129272461,-5.0792632103,28.3274307251,-3.20522451401,52.5815849304,-6.11672353745,30.1072120667,14.1334438324,83.2973251343,15.6137504578,16.9575805664],[7.93614673615,-36.8647575378,45.8186378479,-0.757334768772,13.310790062,8.48503398895,5.72118234634,0.0114094745368,-25.5583457947,13.7432584763,15.6137504578,65.4204330444,14.5910282135],[-334.274291992,28.8436355591,-9.59953403473,2.13951849937,34.4921531677,-26.5172748566,18.054523468,-0.900261998177,24.5402812958,-6.13584136963,16.9575805664,14.5910282135,66.9755096436]],"icov":[[0.000517644512001,-0.000421176868258,0.000775513937697,-0.00105992169119,0.000979523640126,-0.00145361886825,0.00139946874697,-0.00120644376148,0.00102647277527,-0.00112391402945,0.000990433967672,-0.000783425522968,0.000877344515175],[-0.000421176868258,0.00218760734424,0.000108071326395,-0.000357441283995,-0.00152175955009,0.00185346056242,-0.00157154700719,0.000940972415265,-0.000138206232805,0.000630225462373,-0.00128241535276,0.00175610824954,-0.00101298221853],[0.000775513937697,0.000108071326395,0.00333132268861,-0.00185593497008,-1.23100267047e-06,-0.00276960572228,0.00214361934923,-0.000602580374107,0.00120747904293,-0.00183994462714,0.00176606234163,-0.00224976544268,0.00211091316305],[-0.00105992169119,-0.000357441283995,-0.00185593497008,0.0079717040062,-0.00159619038459,-0.000360477744834,-0.00207263836637,0.00377553631552,-0.00431004539132,0.00243391562253,-0.000848142255563,0.000423638150096,-0.00244335248135],[0.000979523640126,-0.00152175955009,-1.23100267047e-06,-0.00159619038459,0.00846680346876,-0.00285680941306,0.000170504543348,-0.00249912356958,-0.000114308255434,-0.0030250500422,0.00304140639491,-0.0023930654861,-0.000460005190689],[-0.00145361886825,0.00185346056242,-0.00276960572228,-0.000360477744834,-0.00285680941306,0.0146474614739,-0.00619517918676,-0.00125730014406,0.00212699198164,0.000321454775985,-0.00372410472482,0.00407908437774,-0.000210630198126],[0.00139946874697,-0.00157154700719,0.00214361934923,-0.00207263836637,0.000170504543348,-0.00619517918676,0.011985341087,-0.00453802989796,0.00182152038906,-0.00137395039201,-0.00161168491468,-0.00197558710352,0.00224765064195],[-0.00120644376148,0.000940972415265,-0.000602580374107,0.00377553631552,-0.00249912356958,-0.00125730014406,-0.00453802989796,0.0164538696408,-0.00773163279518,0.000257281353697,0.00218803458847,-0.000968225533143,-0.00188640714623],[0.00102647277527,-0.000138206232805,0.00120747904293,-0.00431004539132,-0.000114308255434,0.00212699198164,0.00182152038906,-0.00773163279518,0.0169824585319,-0.00549315707758,-0.00304516567849,0.00740115391091,-0.00176767911762],[-0.00112391402945,0.000630225462373,-0.00183994462714,0.00243391562253,-0.0030250500422,0.000321454775985,-0.00137395039201,0.000257281353697,-0.00549315707758,0.0194589421153,-0.00458997348323,-0.00295704719611,0.00143844308332],[0.000990433967672,-0.00128241535276,0.00176606234163,-0.000848142255563,0.00304140639491,-0.00372410472482,-0.00161168491468,0.00218803458847,-0.00304516567849,-0.00458997348323,0.0202524457127,-0.00721944961697,0.000339182763128],[-0.000783425522968,0.00175610824954,-0.00224976544268,0.000423638150096,-0.0023930654861,0.00407908437774,-0.00197558710352,-0.000968225533143,0.00740115391091,-0.00295704719611,-0.00721944961697,0.0251623876393,-0.00827199220657],[0.000877344515175,-0.00101298221853,0.00211091316305,-0.00244335248135,-0.000460005190689,-0.000210630198126,0.00224765064195,-0.00188640714623,-0.00176767911762,0.00143844308332,0.000339182763128,-0.00827199220657,0.022144459188]],"mean":[30.5007076263,42.4384613037,-134.752304077,52.8387985229,-52.7962493896,32.5562896729,-32.9523506165,13.6118469238,-30.2721481323,-0.140844777226,-24.0471611023,-4.91488170624,-14.5764904022]},"hfc":{"dmean":11.1252336502,"dmean2":16.4556312561,"dvar":335.683776855,"dvar2":678.855529785,"max":373.827941895,"mean":41.0240211487,"median":35.5792236328,"min":1.16964159178e-16,"var":963.877563477},"melbands":{"dmean":[0.000783065916039,0.00136685895268,0.000577085651457,0.000264476664597,6.5103842644e-05,3.99640266551e-05,3.51816561306e-05,3.08608869091e-05,6.30049398751e-05,8.0758574768e-05,6.05868626735e-05,5.72147037019e-05,6.45078034722e-05,4.22268094553e-05,4.58681788587e-05,4.90337224619e-05,5.99945306021e-05,4.56431516795e-05,3.50459413312e-05,3.85016865039e-05,3.11038165819e-05,3.04687746393e-05,3.27067245962e-05,1.86877332453e-05,1.86444776773e-05,1.37886790981e-05,1.43745201058e-05,1.18428188216e-05,9.76162209554e-06,9.9361550383e-06,6.9322827585e-06,5.92669221078e-06,6.1239943534e-06,5.50764525542e-06,4.38641700384e-06,3.75767444893e-06,3.25896598952e-06,3.43173951478e-06,2.39264295487e-06,1.55086559062e-06],"dmean2":[0.00121860916261,0.00217486731708,0.000982672325335,0.000425534817623,0.00011128011829,6.80214070599e-05,5.84831541346e-05,5.07753793499e-05,0.00010047644173,0.000130058717332,9.66810621321e-05,9.24802297959e-05,0.000105279716081,6.82476747897e-05,7.41410913179e-05,7.92040445958e-05,9.79314427241e-05,7.43866694393e-05,5.60515654797e-05,6.13752563368e-05,4.98537410749e-05,4.8956968385e-05,5.34892496944e-05,3.09555725835e-05,3.04707391479e-05,2.30778696277e-05,2.41394791374e-05,1.97264307644e-05,1.63450713444e-05,1.66825138876e-05,1.1559336599e-05,9.97179995466e-06,1.02654066723e-05,9.11132974579e-06,6.96306415193e-06,5.76719594392e-06,4.81829056298e-06,5.10147265231e-06,3.54253097612e-06,2.3335444439e-06],"dvar":[3.7719073589e-06,7.83890664025e-06,1.39805979416e-06,5.37371931841e-07,1.79351733465e-08,6.37374331092e-09,5.02288033388e-09,3.58787755061e-09,1.87022131115e-08,2.57961563221e-08,1.88012698743e-08,1.65264602003e-08,1.30481758731e-08,5.60204860278e-09,6.9480723397e-09,7.10542646942e-09,9.93623583412e-09,9.15498254983e-09,5.43579092849e-09,5.57968382608e-09,3.46031070464e-09,2.65203037308e-09,3.61737217958e-09,7.35267902119e-10,1.24287014014e-09,3.03627317733e-10,3.82568310364e-10,3.13477965808e-10,2.00223990166e-10,2.36566016776e-10,1.15486960273e-10,1.4674178539e-10,1.69487313073e-10,1.50447779235e-10,1.20898568934e-10,1.23410323627e-10,1.16188746124e-10,1.42144560011e-10,4.81365017291e-11,2.98089990192e-11],"dvar2":[8.29629061627e-06,1.76885387191e-05,3.81500649382e-06,1.30494038331e-06,4.72559165132e-08,1.7578500433e-08,1.22522303414e-08,8.75551187107e-09,4.32704183595e-08,6.30382146483e-08,4.36121752045e-08,4.13685121714e-08,3.49239428488e-08,1.39788189912e-08,1.68627316555e-08,1.72573741963e-08,2.54349838968e-08,2.33557351237e-08,1.38458871035e-08,1.26790427046e-08,8.32945623586e-09,6.4582184045e-09,8.87562379148e-09,1.92112104003e-09,3.02915426076e-09,7.95269627929e-10,1.0057226163e-09,8.19162571108e-10,5.23247500883e-10,6.36363572948e-10,3.12180115092e-10,3.88956478137e-10,4.42410830193e-10,3.81590398169e-10,2.58450677526e-10,2.50423737302e-10,2.1525320415e-10,2.85175577597e-10,9.16098377712e-11,6.34436392311e-11],"max":[0.0194580331445,0.025168100372,0.0114474343136,0.00814027898014,0.00242092832923,0.00161151972134,0.00257037137635,0.00151543528773,0.00383590254933,0.00310855940916,0.00388736836612,0.00284621678293,0.00198233569972,0.00175622000825,0.00160284317099,0.00134293490555,0.00181662011892,0.00323815713637,0.00166856672149,0.00177534751128,0.00131104583852,0.000940775149502,0.00205209618434,0.000505417236127,0.000916195858736,0.000295719015412,0.000322780775605,0.000372755312128,0.000374610099243,0.000618208025116,0.000295423407806,0.000257300562225,0.000254484795732,0.000243992515607,0.000390332221286,0.000396317307604,0.000292298558634,0.000305231311359,0.000209261037526,0.000189574915566],"mean":[0.00091049465118,0.00216044345871,0.00079210777767,0.000306557718432,8.54224490467e-05,5.5507523939e-05,5.51759876544e-05,4.49206236226e-05,9.54744682531e-05,0.000123545658425,0.000102273304947,9.5143172075e-05,0.000107452680822,7.32116604922e-05,7.81626076787e-05,8.22005895316e-05,9.89526160993e-05,7.65238728491e-05,6.13527008682e-05,6.95451381034e-05,5.84502231504e-05,5.77211794734e-05,5.91615353187e-05,3.50105146936e-05,3.45920343534e-05,2.9029120924e-05,3.18451311614e-05,2.53926336882e-05,2.01583279704e-05,2.19101239054e-05,1.5574385543e-05,1.12560510388e-05,1.16041119327e-05,1.07540799945e-05,8.72033888299e-06,7.14314592187e-06,6.00818884777e-06,5.82807933824e-06,4.41279507868e-06,2.80255176222e-06],"median":[0.000260154745774,0.00113133515697,0.000468648853712,0.000119054697279,4.78918700537e-05,3.25915498252e-05,3.01452637359e-05,2.10113248613e-05,2.97824281006e-05,5.575214891e-05,5.04334093421e-05,4.47975762654e-05,5.38108033652e-05,4.24238860433e-05,4.25940088462e-05,3.82941179851e-05,5.73856959818e-05,4.06481995014e-05,2.61233162746e-05,3.48710673279e-05,3.32367526426e-05,3.43984211213e-05,3.81411700801e-05,2.36153427977e-05,1.92887255253e-05,2.27252912737e-05,2.42861806328e-05,1.89273469005e-05,1.61915486387e-05,1.91482777154e-05,1.35044319904e-05,8.08012191555e-06,6.92930689183e-06,6.35571359453e-06,5.19878130945e-06,3.86720876122e-06,2.86239946945e-06,2.46646413871e-06,2.08330607165e-06,1.36185531119e-06],"min":[1.43634941653e-23,1.50583749154e-23,8.4215469137e-24,1.14751146707e-23,1.27460610969e-23,2.03867690319e-23,5.04185774759e-24,3.53902644719e-24,5.45274581084e-24,8.48740496637e-24,8.78244998898e-24,6.06146243974e-24,4.99627499791e-24,5.95848453717e-24,6.96860712124e-24,5.44366681068e-24,1.22064770823e-23,1.8731975511e-23,1.35314794131e-23,8.19728085809e-24,6.9707165353e-24,8.26634720807e-24,1.02756847965e-23,1.17189839198e-23,1.15502244841e-23,1.14833503786e-23,1.23109167441e-23,1.22971313998e-23,1.44369260715e-23,8.05871586237e-24,1.06698738576e-23,1.29035366662e-23,9.71455383509e-24,8.0454803541e-24,7.39140264542e-24,1.381597421e-23,9.96238947682e-24,1.12097513285e-23,1.08875292589e-23,1.15605483067e-23],"var":[4.42302552983e-06,1.03919364847e-05,1.18648074476e-06,5.07577283315e-07,1.81460464432e-08,6.25607565752e-09,1.07601483279e-08,6.94520929656e-09,4.12591383281e-08,4.79518220686e-08,3.53738762726e-08,3.01504634592e-08,2.72499285359e-08,1.01243644579e-08,1.24982086902e-08,1.43405420872e-08,1.63197473313e-08,1.30219142136e-08,1.04725961236e-08,1.20894139144e-08,7.19311588071e-09,5.59736212935e-09,6.90017953886e-09,1.35955358083e-09,2.5065152176e-09,6.14049033842e-10,8.48426773281e-10,6.07781713846e-10,3.24191673506e-10,3.88377163762e-10,1.78806802698e-10,1.76582734546e-10,2.33379066072e-10,2.17591680785e-10,2.32120864196e-10,2.47410009147e-10,2.59248622569e-10,2.80637235672e-10,1.12408110597e-10,5.75229065769e-11]},"melbands_crest":{"dmean":3.41069769859,"dmean2":5.41703367233,"dvar":10.0725164413,"dvar2":23.3670768738,"max":31.2192363739,"mean":13.9793834686,"median":13.4409666061,"min":1.91476368904,"var":32.6525344849},"melbands_flatness_db":{"dmean":0.0262026153505,"dmean2":0.0398562513292,"dvar":0.000900109182112,"dvar2":0.00185951159801,"max":0.408112645149,"mean":0.11336569488,"median":0.100068435073,"min":0.00487147318199,"var":0.0028900813777},"melbands_kurtosis":{"dmean":5.43160438538,"dmean2":8.62455368042,"dvar":169.418289185,"dvar2":413.502227783,"max":263.617462158,"mean":6.01138067245,"median":1.37997150421,"min":-1.81301903725,"var":218.141693115},"melbands_skewness":{"dmean":0.769509971142,"dmean2":1.1658822298,"dvar":0.97453212738,"dvar2":2.09821462631,"max":13.6442527771,"mean":1.86959660053,"median":1.46336948872,"min":-1.59914314747,"var":2.58710622787},"melbands_spread":{"dmean":14.4673480988,"dmean2":22.1173610687,"dvar":248.788070679,"dvar2":490.026184082,"max":264.821411133,"mean":58.8091773987,"median":58.6668434143,"min":0.901869833469,"var":868.13659668},"mfcc":{"cov":[[6494.77197266,84.5660476685,-136.170837402,81.0140075684,-33.8728599548,148.809173584,30.1874141693,74.9021682739,-9.97977638245,94.5386123657,10.5269784927,-70.7574996948,-24.1683616638],[84.5660476685,579.059448242,-128.212799072,109.098854065,29.7979545593,28.9537143707,52.2798156738,16.5474891663,44.1288146973,5.24003505707,21.0797576904,48.363445282,-22.5668563843],[-136.170837402,-128.212799072,435.127105713,19.9330749512,71.5909194946,73.7871246338,20.9397583008,1.73647880554,-24.6792259216,-5.7091345787,-10.2947864532,-12.801451683,40.0607452393],[81.0140075684,109.098854065,19.9330749512,183.155105591,53.2532272339,53.4873771667,7.9697022438,15.8779029846,33.6008987427,7.87946891785,6.10746240616,16.1686859131,11.9657487869],[-33.8728599548,29.7979545593,71.5909194946,53.2532272339,161.680908203,34.6270942688,1.1800557375,6.62661361694,40.5637245178,20.7149162292,-4.27295064926,16.0509700775,11.1409730911],[148.809173584,28.9537143707,73.7871246338,53.4873771667,34.6270942688,140.239074707,74.0907974243,28.1520023346,7.01235055923,17.9162368774,15.9533729553,6.50771903992,19.7575721741],[30.1874141693,52.2798156738,20.9397583008,7.9697022438,1.1800557375,74.0907974243,152.248748779,55.8738250732,17.6493148804,6.80976295471,26.0480957031,23.7861423492,3.59572124481],[74.9021682739,16.5474891663,1.73647880554,15.8779029846,6.62661361694,28.1520023346,55.8738250732,88.8374328613,32.1511955261,22.2474803925,20.7226638794,6.39237785339,7.50326442719],[-9.97977638245,44.1288146973,-24.6792259216,33.6008987427,40.5637245178,7.01235055923,17.6493148804,32.1511955261,98.2985610962,44.0964508057,16.4037322998,15.4782171249,5.29877758026],[94.5386123657,5.24003505707,-5.7091345787,7.87946891785,20.7149162292,17.9162368774,6.80976295471,22.2474803925,44.0964508057,98.8187255859,40.9531402588,7.04475450516,11.4058227539],[10.5269784927,21.0797576904,-10.2947864532,6.10746240616,-4.27295064926,15.9533729553,26.0480957031,20.7226638794,16.4037322998,40.9531402588,77.0284500122,23.7470626831,7.98633813858],[-70.7574996948,48.363445282,-12.801451683,16.1686859131,16.0509700775,6.50771903992,23.7861423492,6.39237785339,15.4782171249,7.04475450516,23.7470626831,69.8028030396,17.5541572571],[-24.1683616638,-22.5668563843,40.0607452393,11.9657487869,11.1409730911,19.7575721741,3.59572124481,7.50326442719,5.29877758026,11.4058227539,7.98633813858,17.5541572571,62.6878852844]],"icov":[[0.000168496320839,-1.18782081699e-05,8.60324507812e-05,-5.00874812133e-05,4.49869985459e-05,-0.000234340157476,8.3907325461e-05,-0.00015172737767,0.000147170154378,-0.00021058008133,8.80866937223e-05,0.000144606572576,6.86361308908e-05],[-1.18782081699e-05,0.00235602678731,0.00068791245576,-0.001317633898,-0.000224882358452,-4.35052388639e-05,-0.000754647946451,0.000366289925296,-0.000265921931714,0.000173443884705,-9.0313173132e-05,-0.00111911504064,0.00102438475005],[8.60324507812e-05,0.00068791245576,0.00324885454029,-0.000198079156689,-0.00152789033018,-0.00123468053062,-0.000366609980119,8.00922134658e-05,0.00118191144429,0.000198980429559,3.76716525352e-05,0.000914125179406,-0.00148232968058],[-5.00874812133e-05,-0.001317633898,-0.000198079156689,0.00801186915487,-0.00115286209621,-0.00337787833996,0.0024209250696,-0.000957755430136,-0.00212673400529,0.00157370173838,-0.000357204815373,-0.000617318786681,-0.000539262255188],[4.49869985459e-05,-0.000224882358452,-0.00152789033018,-0.00115286209621,0.00882066972554,-0.00167238153517,0.00137227994855,0.000316885707434,-0.00331573677249,-0.00106956064701,0.00211679795757,-0.00226253713481,0.000814432336483],[-0.000234340157476,-4.35052388639e-05,-0.00123468053062,-0.00337787833996,-0.00167238153517,0.0137477805838,-0.00697403540835,0.00084962497931,0.00234157103114,-0.00212614913471,-0.000451318337582,0.00230537285097,-0.00280875479802],[8.3907325461e-05,-0.000754647946451,-0.000366609980119,0.0024209250696,0.00137227994855,-0.00697403540835,0.0132357422262,-0.00629193987697,-0.00135051435791,0.00240256055258,-0.00140974996611,-0.0036782885436,0.00236755120568],[-0.00015172737767,0.000366289925296,8.00922134658e-05,-0.000957755430136,0.000316885707434,0.00084962497931,-0.00629193987697,0.0172712020576,-0.00413936609402,-0.000799282628577,-0.00189879874233,0.00232088798657,-0.00173812336288],[0.000147170154378,-0.000265921931714,0.00118191144429,-0.00212673400529,-0.00331573677249,0.00234157103114,-0.00135051435791,-0.00413936609402,0.0171081293374,-0.00681752059609,0.0016448184615,-0.00123010913376,-3.49051188095e-05],[-0.00021058008133,0.000173443884705,0.000198980429559,0.00157370173838,-0.00106956064701,-0.00212614913471,0.00240256055258,-0.000799282628577,-0.00681752059609,0.0175065603107,-0.00867817271501,0.00217176158912,-0.00173979625106],[8.80866937223e-05,-9.0313173132e-05,3.76716525352e-05,-0.000357204815373,0.00211679795757,-0.000451318337582,-0.00140974996611,-0.00189879874233,0.0016448184615,-0.00867817271501,0.0203053355217,-0.00611822446808,0.000686051032972],[0.000144606572576,-0.00111911504064,0.000914125179406,-0.000617318786681,-0.00226253713481,0.00230537285097,-0.0036782885436,0.00232088798657,-0.00123010913376,0.00217176158912,-0.00611822446808,0.0206761322916,-0.00650630053133],[6.86361308908e-05,0.00102438475005,-0.00148232968058,-0.000539262255188,0.000814432336483,-0.00280875479802,0.00236755120568,-0.00173812336288,-3.49051188095e-05,-0.00173979625106,0.000686051032972,-0.00650630053133,0.0202642567456]],"mean":[-594.310119629,64.054069519,-13.4250831604,23.5404682159,7.77079200745,16.7776813507,10.9575109482,10.266919136,6.26696109772,3.69285964966,-2.35738515854,0.0154747711495,-5.64323282242]},"pitch_salience":{"dmean":0.0804733559489,"dmean2":0.127814099193,"dvar":0.00671212468296,"dvar2":0.0151921743527,"max":0.835187256336,"mean":0.577015042305,"median":0.601448297501,"min":0.0810851454735,"var":0.0165264196694},"silence_rate_20dB":{"dmean":0,"dmean2":0,"dvar":0,"dvar2":0,"max":1,"mean":1,"median":1,"min":1,"var":0},"silence_rate_30dB":{"dmean":0,"dmean2":0,"dvar":0,"dvar2":0,"max":1,"mean":1,"median":1,"min":1,"var":0},"silence_rate_60dB":{"dmean":0.00588668137789,"dmean2":0.0117748072371,"dvar":0.00585172139108,"dvar2":0.01408802066,"max":1,"mean":0.0231759659946,"median":0,"min":0,"var":0.0226395186037},"spectral_centroid":{"dmean":278.212188721,"dmean2":431.09576416,"dvar":93579.75,"dvar2":213160.875,"max":10878.1425781,"mean":2576.90478516,"median":2628.50561523,"min":214.314743042,"var":309532.1875},"spectral_complexity":{"dmean":5.08633804321,"dmean2":7.74536991119,"dvar":23.1647663116,"dvar2":45.8423118591,"max":62,"mean":35.311466217,"median":38,"min":0,"var":149.44241333},"spectral_contrast_coeffs":{"dmean":[0.0538917295635,0.044274225831,0.0372950695455,0.0302997045219,0.0209234710783,0.0191805493087],"dmean2":[0.088484570384,0.0729828998446,0.0615516901016,0.0498995110393,0.0347945652902,0.0305898915976],"dvar":[0.00208214530721,0.00126955460291,0.000868680130225,0.000591372896452,0.000293709133985,0.000306451955112],"dvar2":[0.00548797147349,0.00340282917023,0.00233355723321,0.00150605512317,0.000771873106714,0.000717590388376],"max":[-0.290918469429,-0.53045207262,-0.486932724714,-0.581347346306,-0.602576613426,-0.538287818432],"mean":[-0.6394790411,-0.785755395889,-0.790059268475,-0.787312686443,-0.793725192547,-0.733761131763],"median":[-0.643369674683,-0.791609525681,-0.79459053278,-0.789911806583,-0.79580193758,-0.730464041233],"min":[-0.956164836884,-0.978924632072,-0.960224747658,-0.962104201317,-0.956737220287,-0.95786011219],"var":[0.00527855660766,0.00340802385472,0.00288564385846,0.00219720089808,0.0012330734171,0.00153965223581]},"spectral_contrast_valleys":{"dmean":[0.428718954325,0.366866290569,0.298932880163,0.257293313742,0.214669838548,0.21573035419],"dmean2":[0.7084030509,0.600827336311,0.480166822672,0.400328278542,0.326445639133,0.301729500294],"dvar":[0.129725247622,0.117162674665,0.0791899859905,0.067341722548,0.0733790397644,0.0904125422239],"dvar2":[0.330290466547,0.283966124058,0.169345512986,0.128101527691,0.128626942635,0.153896823525],"max":[-5.76945781708,-5.00625562668,-5.41785573959,-5.61779928207,-5.41803264618,-6.93995428085],"mean":[-7.64068841934,-7.24123716354,-7.01939249039,-7.03078508377,-6.64068698883,-9.16773605347],"median":[-7.40722084045,-7.07357025146,-6.8603887558,-6.84321546555,-6.41920757294,-8.94637107849],"min":[-27.1909675598,-27.6317768097,-27.6073226929,-27.2508430481,-27.2965202332,-27.3082866669],"var":[2.15161633492,1.6064786911,1.61792910099,1.63685834408,1.59310531616,1.68208003044]},"spectral_decrease":{"dmean":1.85827853105e-09,"dmean2":2.86312018538e-09,"dvar":8.31814478345e-18,"dvar2":1.7053272968e-17,"max":2.50290146749e-15,"mean":-5.49285683604e-09,"median":-4.72908245897e-09,"min":-2.72576308191e-08,"var":1.48826848663e-17},"spectral_energy":{"dmean":0.00763930706307,"dmean2":0.0116518503055,"dvar":0.000126008293591,"dvar2":0.000259482767433,"max":0.107278801501,"mean":0.0244523007423,"median":0.0218941681087,"min":1.05843648191e-20,"var":0.000242637906922},"spectral_energyband_high":{"dmean":0.00112661765888,"dmean2":0.00170137616806,"dvar":4.87428178531e-06,"dvar2":9.97115057544e-06,"max":0.0421989485621,"mean":0.00318545289338,"median":0.00239318143576,"min":7.85569792671e-21,"var":1.21271241369e-05},"spectral_energyband_low":{"dmean":0.0052090883255,"dmean2":0.00821427535266,"dvar":0.000115083661512,"dvar2":0.000236592575675,"max":0.0943671837449,"mean":0.00876429397613,"median":0.00457561668009,"min":9.05185387672e-23,"var":0.00017324431974},"spectral_energyband_middle_high":{"dmean":0.00231976620853,"dmean2":0.00357529195026,"dvar":7.19860781828e-06,"dvar2":1.61569114425e-05,"max":0.0448850691319,"mean":0.00881576351821,"median":0.00719676120207,"min":1.56116658616e-21,"var":3.48417488567e-05},"spectral_energyband_middle_low":{"dmean":0.00244910642505,"dmean2":0.00396071560681,"dvar":2.07029534067e-05,"dvar2":5.0507584092e-05,"max":0.0463823713362,"mean":0.00447841407731,"median":0.00307212187909,"min":2.62921887104e-22,"var":2.43275208049e-05},"spectral_entropy":{"dmean":0.0862036123872,"dmean2":0.132456377149,"dvar":0.00935506634414,"dvar2":0.0202388390899,"max":9.79230499268,"mean":8.11263084412,"median":8.13148593903,"min":6.73033380508,"var":0.0545151419938},"spectral_flux":{"dmean":0.0219393000007,"dmean2":0.0345258563757,"dvar":0.000823788403068,"dvar2":0.00189817906357,"max":0.306368798018,"mean":0.0906650498509,"median":0.0840703174472,"min":1.02880343134e-10,"var":0.00166691513732},"spectral_kurtosis":{"dmean":0.701580762863,"dmean2":1.15849328041,"dvar":0.558205604553,"dvar2":1.54291903973,"max":16.9389762878,"mean":2.61232590675,"median":2.39439034462,"min":-1.18209838867,"var":2.09430003166},"spectral_rms":{"dmean":0.000701068434864,"dmean2":0.00104768259916,"dvar":7.84059068337e-07,"dvar2":1.51702249696e-06,"max":0.0102304564789,"mean":0.00463857827708,"median":0.004621705506,"min":3.21344209922e-12,"var":2.33959940488e-06},"spectral_rolloff":{"dmean":828.874023438,"dmean2":1318.05712891,"dvar":1206530.25,"dvar2":2593039.75,"max":21813.1347656,"mean":3844.03466797,"median":3596.04492188,"min":86.1328125,"var":7507675.5},"spectral_skewness":{"dmean":0.133871346712,"dmean2":0.214831978083,"dvar":0.0178576316684,"dvar2":0.0437651053071,"max":2.72824001312,"mean":1.11099362373,"median":1.10193049908,"min":0.00762264616787,"var":0.0752767622471},"spectral_spread":{"dmean":466357,"dmean2":672584,"dvar":366369636352,"dvar2":650008657920,"max":41188092,"mean":5031997,"median":4632049.5,"min":1798530.875,"var":5939140231170.0},"spectral_strongpeak":{"dmean":0.610429048538,"dmean2":1.05604195595,"dvar":1.40055966377,"dvar2":3.62962651253,"max":17.770740509,"mean":0.827811837196,"median":0.331183433533,"min":5.85518300511e-09,"var":1.85865974426},"zerocrossingrate":{"dmean":0.0148043716326,"dmean2":0.0162651017308,"dvar":0.000308413553284,"dvar2":0.000333573814714,"max":0.90771484375,"mean":0.123821422458,"median":0.11328125,"min":0.0078125,"var":0.00863329321146}},"metadata":{"audio_properties":{"analysis_sample_rate":44100,"bit_rate":320000,"codec":"mp3","downmix":"mix","equal_loudness":0,"length":189.335510254,"lossless":false,"md5_encoded":"2c0e272b513c8ac418f085fdde2b5cb2","replay_gain":-15.5236206055,"sample_rate":44100},"tags":{"acoustid_id":["c38cd85e-ccac-4998-900e-9f8b52990752"],"album":["The Arockalypse"],"albumartist":["Lordi"],"albumartistsort":["Lordi"],"artist":["Lordi"],"artistsort":["Lordi"],"date":[""],"discnumber":["1/1"],"file_name":"09 The Night of the Loving Dead.mp3","genre":[""],"isrc":["FIBAR0500292"],"musicbrainz album status":["promotion"],"musicbrainz album type":["album"],"musicbrainz_albumartistid":["b5b4ba6e-6e34-4669-a33b-0d813b4c3d83"],"musicbrainz_albumid":["dd1f50dd-37c6-413e-beed-71246f405da4"],"musicbrainz_artistid":["b5b4ba6e-6e34-4669-a33b-0d813b4c3d83"],"musicbrainz_recordingid":["8ddf5e9c-a964-46af-b981-c5a5229d1d83"],"musicbrainz_releasegroupid":["fa5d429b-6a17-35c3-ba27-2185e8a60bb2"],"originaldate":["2006"],"script":["Latn"],"title":["The Night of the Loving Dead"],"tracknumber":["9/10"]},"version":{"essentia":"2.1-beta2","essentia_build_sha":"2d9f1f26377add8aeb1075a9c2973f962c4f09fd","essentia_git_sha":"v2.1_beta2-1-ge3940c0","extractor":"music 1.0"}},"rhythm":{"beats_count":359,"beats_loudness":{"dmean":0.0214130897075,"dmean2":0.0391977578402,"dvar":0.00020978313114,"dvar2":0.000699987867847,"max":0.0913530960679,"mean":0.0437124557793,"median":0.0402925647795,"min":7.42634487239e-09,"var":0.000311194366077},"beats_loudness_band_ratio":{"dmean":[0.25377741456,0.184907585382,0.0349250659347,0.08555534482,0.0853508114815,0.120969183743],"dmean2":[0.469859957695,0.36847320199,0.0611791200936,0.154314681888,0.151054620743,0.226255714893],"dvar":[0.0256239231676,0.00988961569965,0.0018818435492,0.00850322842598,0.00656587164849,0.0087425885722],"dvar2":[0.0810799002647,0.0346943177283,0.00542039144784,0.022988608107,0.0185897126794,0.0255756620318],"max":[0.931297659874,0.379174768925,0.376546740532,0.583060741425,0.495027065277,0.991685271263],"mean":[0.56803047657,0.105330720544,0.0431164614856,0.0991585701704,0.118923388422,0.150791302323],"median":[0.562878906727,0.0282180774957,0.02875