{"lowlevel":{"average_loudness":0.94900149107,"barkbands":{"dmean":[1.46322108776e-05,0.00328953377903,0.00337023497559,0.00123880116735,0.00127696502022,0.000149771178258,0.000254737999057,0.000274031161098,0.000433303997852,0.000445974059403,0.000393956986954,0.00045446245349,0.000701873330399,0.000426319864346,0.000228881792282,0.000206847733352,0.000295173726045,0.000221889960812,0.000296394980978,0.000350092421286,0.00046188296983,0.00031274848152,0.000174208820681,0.000176160581759,7.19102754374e-05,2.6456440537e-05,2.87033435598e-06],"dmean2":[2.24337891268e-05,0.00519130565226,0.00543757621199,0.00198576715775,0.00205188058317,0.000243679227424,0.000409455707995,0.000444897887064,0.00070293241879,0.000712910201401,0.000648057553917,0.000751019979361,0.00116524857003,0.000684722210281,0.000366445630789,0.000332354189595,0.000475311040645,0.000359242025297,0.000475009030197,0.000578604754992,0.00078264932381,0.000522514106706,0.000285998103209,0.000266826071311,0.000105375860585,3.99286327593e-05,4.55000645161e-06],"dvar":[7.86709974943e-10,4.68483885925e-05,3.62439604942e-05,3.76222260456e-06,1.22986557471e-05,1.32122778496e-07,2.39764403887e-07,2.76457257087e-07,8.20342393126e-07,1.10099472295e-06,8.09180050965e-07,8.45534657401e-07,1.80213567091e-06,5.82543918881e-07,2.62505693627e-07,1.65024303556e-07,3.53004281806e-07,1.78853198918e-07,2.63432411884e-07,2.17111320922e-07,6.46635839985e-07,3.43083144116e-07,1.0309819487e-07,1.25274453922e-07,2.62015635855e-08,3.67962327275e-09,6.14349196515e-11],"dvar2":[1.6948271675e-09,0.000107831881905,9.95721566142e-05,9.54293136601e-06,2.9378268664e-05,3.300966398e-07,5.87347074088e-07,7.06345417711e-07,2.089684358e-06,2.84630800707e-06,2.11520546145e-06,2.21679601964e-06,4.82050427308e-06,1.38901532409e-06,6.07244828643e-07,4.04347758831e-07,7.96164499661e-07,4.31600454931e-07,5.99731265538e-07,5.69650296711e-07,1.79879418738e-06,9.09628738555e-07,2.65723855364e-07,2.52881108054e-07,5.12634592553e-08,8.25905921431e-09,1.55522095202e-10],"max":[0.000596345111262,0.101003602147,0.0755333825946,0.0358246937394,0.0446697026491,0.00745556689799,0.0087777050212,0.0100965704769,0.0185176301748,0.0217870678753,0.0177928321064,0.0151911182329,0.0264181159437,0.0230748765171,0.0152468187734,0.00878503266722,0.0152278244495,0.0136368386447,0.0241696424782,0.00583650683984,0.013166625984,0.00844510179013,0.0076261148788,0.00752354599535,0.00415167631581,0.00134188681841,0.00021182699129],"mean":[2.70724049187e-05,0.00669866614044,0.0072336755693,0.0023754935246,0.00154091056902,0.000228525095736,0.000398273259634,0.00041319403681,0.000703037134372,0.000766183133237,0.000629965215921,0.000748102902435,0.00116828747559,0.000744035001844,0.000416007445892,0.000374783063307,0.000587570481002,0.000459891190985,0.000692775123753,0.000829777156468,0.000996312708594,0.000615183613263,0.000371208327124,0.000383858336136,0.000170400104253,4.94633095514e-05,3.48550020135e-06],"median":[5.9613553276e-06,0.00404536025599,0.00496484804899,0.00140254781581,0.000559325620998,9.53022099566e-05,0.000188102509128,0.000189697137102,0.000298925995594,0.000209928286495,0.000180352915777,0.000289074640023,0.000463633070467,0.000370824302081,0.000190577586181,0.000216370041016,0.000344968517311,0.000326911249431,0.000477935536765,0.000683710677549,0.00076897413237,0.000377602467779,0.000227339565754,0.000203121089726,9.05976776266e-05,1.83192460099e-05,7.49554487811e-07],"min":[1.92782478828e-24,1.18029841956e-23,1.29665098546e-23,3.86618583947e-23,2.38571764132e-23,8.75473730538e-23,5.81377108067e-23,3.58869202537e-23,1.02428243221e-22,8.81022641254e-23,9.04886945814e-23,5.04645743776e-23,5.392915681e-23,1.05765061742e-22,1.03639485499e-22,1.72587329632e-22,2.12199266858e-22,1.32760771753e-22,3.38738664994e-22,6.36061854785e-22,6.62224723318e-22,4.48102276682e-22,6.06539726216e-22,8.96653686588e-22,1.07854607867e-21,2.20384159444e-21,2.39347921222e-21],"var":[2.54547205536e-09,7.32158005121e-05,6.37526827632e-05,9.04298758542e-06,1.22357605505e-05,1.8866698781e-07,4.42328456529e-07,4.79709228784e-07,1.59885428275e-06,2.78997140413e-06,1.58307375386e-06,1.59793717103e-06,3.28785313286e-06,1.28633246277e-06,6.74022885505e-07,3.54030447625e-07,9.52681091348e-07,4.01780852144e-07,1.25859230593e-06,5.26969017756e-07,9.02900978872e-07,5.31508419499e-07,1.99786029498e-07,3.76666179136e-07,9.10106692231e-08,8.37509173124e-09,6.62771018622e-11]},"barkbands_crest":{"dmean":2.3657720089,"dmean2":3.78211832047,"dvar":5.58884239197,"dvar2":14.2203798294,"max":24.5959339142,"mean":9.56979179382,"median":8.85240745544,"min":2.11573958397,"var":16.3300247192},"barkbands_flatness_db":{"dmean":0.0179698728025,"dmean2":0.0271214079112,"dvar":0.000393962662201,"dvar2":0.00084625085583,"max":0.450435787439,"mean":0.114576689899,"median":0.101288825274,"min":0.0206079408526,"var":0.0030919581186},"barkbands_kurtosis":{"dmean":1.90444159508,"dmean2":2.8623919487,"dvar":34.682723999,"dvar2":66.9459991455,"max":228.455368042,"mean":2.68286538124,"median":-0.560626268387,"min":-1.95396828651,"var":159.891860962},"barkbands_skewness":{"dmean":0.467162907124,"dmean2":0.706254065037,"dvar":0.322488188744,"dvar2":0.699553251266,"max":12.7542829514,"mean":1.07033288479,"median":0.751663684845,"min":-6.13753795624,"var":2.11598110199},"barkbands_spread":{"dmean":7.14209365845,"dmean2":11.2407827377,"dvar":65.6254730225,"dvar2":154.245315552,"max":106.23841095,"mean":39.8136138916,"median":40.5906295776,"min":0.53570830822,"var":321.002868652},"dissonance":{"dmean":0.0074496595189,"dmean2":0.0128262499347,"dvar":6.34685857221e-05,"dvar2":0.000178669084562,"max":0.500000059605,"mean":0.488270789385,"median":0.491082429886,"min":0.374095708132,"var":9.94147485471e-05},"dynamic_complexity":3.70241498947,"erbbands":{"dmean":[0.0509519204497,0.898651719093,3.46752619743,3.74112057686,5.80452013016,2.85071635246,1.91731750965,0.971976459026,3.09038472176,4.34241008759,7.55909109116,9.89857006073,12.5405368805,12.3774051666,14.766204834,19.4743862152,31.7522068024,23.9119949341,13.0967350006,10.3551750183,11.31254673,15.6455640793,11.6500310898,14.140250206,14.3837785721,16.9484729767,17.7914524078,18.5856018066,11.1152334213,8.08250236511,4.83252429962,4.67949199677,2.37146258354,1.01994895935,0.452364295721,0.173829123378,0.0366049669683,0.0055895508267,0.000491789483931,1.85966855497e-05],"dmean2":[0.081353276968,1.40769851208,5.55441093445,5.95764732361,9.43612289429,4.66370773315,3.1978867054,1.59713482857,5.01145744324,6.99255275726,12.2259225845,16.0597438812,19.9114513397,20.0522994995,24.4103927612,31.9560947418,52.3587036133,38.5535202026,20.8426704407,16.4064865112,18.185754776,25.0452232361,18.6389694214,22.2877178192,23.4332294464,27.9911975861,29.9812145233,31.7356758118,18.6505527496,13.5804777145,7.85996341705,7.13458871841,3.61764454842,1.5272269249,0.671896457672,0.263060003519,0.0560087412596,0.00841090362519,0.000783171970397,2.81802185782e-05],"dvar":[0.0134415710345,3.26999187469,38.0786590576,35.668636322,242.674407959,41.6210021973,19.9537029266,5.42409181595,38.8263206482,73.3053894043,236.235702515,424.96697998,1003.38220215,875.999023438,1076.86877441,1418.14111328,3691.43847656,1712.15527344,765.604675293,494.437042236,469.10824585,971.449768066,385.938659668,978.751953125,356.940948486,511.521789551,965.994445801,1069.82873535,437.836395264,249.102600098,72.150352478,86.2506866455,29.8127975464,5.65789985657,1.06109786034,0.172253891826,0.00658029178157,0.000159194634762,1.91693220586e-06,1.40660783021e-09],"dvar2":[0.0331620685756,7.44751358032,102.305480957,95.3097686768,599.404968262,100.398155212,52.7722587585,13.9691667557,93.2594985962,187.159332275,601.917541504,1084.91564941,2502.97705078,2278.66455078,2886.70947266,3703.13671875,9879.44726562,4104.27929688,1808.29284668,1228.67370605,1154.89318848,2190.13183594,908.540039062,2146.89013672,903.647583008,1350.72106934,2664.7746582,2963.0378418,1166.43518066,676.676696777,179.266845703,189.662780762,57.1265106201,11.3704814911,2.13787913322,0.387401640415,0.0144694149494,0.000363514438504,4.90695401822e-06,3.43211814524e-09],"max":[1.99103665352,27.3408432007,78.1748352051,77.5102081299,220.664230347,92.5291519165,107.466026306,55.7672805786,126.380836487,175.36656189,331.304290771,526.593933105,855.761108398,619.719604492,624.996459961,582.135498047,1151.14953613,1203.93603516,860.487182617,642.812316895,467.849578857,811.411560059,644.359436035,1722.17016602,301.894622803,302.755737305,648.607971191,409.592529297,311.759887695,229.14894104,194.914840698,159.914413452,162.321289062,67.0236434937,30.8358230591,12.2922334671,2.13156533241,0.241946801543,0.0372504517436,0.000937765464187],"mean":[0.0949233323336,1.89866352081,7.75923061371,8.6619758606,7.50934171677,3.86543154716,2.60888552666,1.53674221039,4.72859525681,7.01667070389,11.9478588104,16.3363246918,21.9074230194,22.0405693054,25.2995948792,34.5519447327,55.2845497131,44.3111114502,26.3644180298,20.1480903625,22.6452598572,32.9849243164,26.8121852875,32.6493453979,34.3642425537,39.5497550964,39.1471633911,38.3324203491,21.9867534637,15.7565469742,10.4751062393,9.21724510193,5.33401870728,2.37958836555,1.00297009945,0.343208163977,0.0650801360607,0.00902405474335,0.00061602430651,5.64251968171e-05],"median":[0.0508615039289,1.2032353878,5.38063573837,6.81507730484,3.21399068832,1.7042298317,1.03175258636,0.759362101555,2.1716003418,3.61459684372,5.34845066071,7.43648147583,6.66174650192,6.72841644287,8.83234405518,14.8805065155,23.1184158325,23.1263656616,13.7829446793,10.9748497009,14.2396125793,20.2060279846,19.2642974854,19.5254821777,28.2144584656,33.5295410156,31.3883743286,28.183423996,13.5949373245,9.02813148499,6.58523368835,4.90188980103,2.75431013107,1.25686764717,0.505214214325,0.142275184393,0.0213630907238,0.0026144774165,0.000164516968653,4.89702870254e-05],"min":[6.31215093383e-22,1.57553915222e-21,1.12869311571e-20,7.77343820752e-20,1.02096305143e-19,6.49248957538e-20,4.61235340873e-19,6.34828653295e-19,5.40367470775e-19,1.28985664356e-18,9.67129852825e-19,2.09829851331e-18,2.17571083132e-18,3.04994271789e-18,4.3263787696e-18,1.97351624996e-18,2.83674229168e-18,5.81937318722e-18,4.61419130065e-18,8.73108492576e-18,7.86390682187e-18,1.24163449539e-17,7.66142127972e-18,1.21248382342e-17,2.07919357765e-17,3.4635895206e-17,3.36371804955e-17,1.67388368018e-17,1.7914323318e-17,1.55370806837e-17,1.8367262606e-17,1.94306264445e-17,1.38964738179e-17,1.12589058643e-17,9.01730761568e-18,6.69024093023e-18,4.12281292957e-18,1.52939139855e-18,3.44157024153e-19,3.2761838791e-20],"var":[0.0191701464355,5.34579658508,69.8363418579,69.9635238647,232.670288086,48.3536071777,25.5171928406,7.1931438446,70.4012451172,124.048408508,428.011169434,824.058532715,2303.3046875,1917.58239746,2245.06420898,2829.65795898,6825.46386719,3840.54492188,1993.5501709,1118.93273926,1004.65863037,2671.22558594,1115.93994141,5375.90136719,952.398742676,1174.88500977,1339.64294434,1509.99621582,657.988769531,384.177459717,154.388534546,185.615539551,100.181236267,18.4818153381,3.22943735123,0.407189548016,0.0143420044333,0.000277046463452,2.00621116164e-06,2.34972308277e-09]},"erbbands_crest":{"dmean":2.25795435905,"dmean2":3.723736763,"dvar":5.51282596588,"dvar2":14.4635734558,"max":28.2258701324,"mean":7.49747371674,"median":6.4106426239,"min":2.360714674,"var":13.6006717682},"erbbands_flatness_db":{"dmean":0.0122786648571,"dmean2":0.0187812652439,"dvar":0.000146895894432,"dvar2":0.000316396064591,"max":0.343197226524,"mean":0.144166529179,"median":0.133573517203,"min":0.0647330656648,"var":0.00213845516555},"erbbands_kurtosis":{"dmean":0.695323467255,"dmean2":1.1179420948,"dvar":1.04757225513,"dvar2":2.55246520042,"max":29.9743537903,"mean":0.29856979847,"median":0.0127105712891,"min":-1.83127343655,"var":2.25364398956},"erbbands_skewness":{"dmean":0.304578661919,"dmean2":0.4771656394,"dvar":0.0938577726483,"dvar2":0.217032179236,"max":5.09080648422,"mean":-0.373481571674,"median":-0.431376516819,"min":-3.43192768097,"var":0.553055465221},"erbbands_spread":{"dmean":8.10368251801,"dmean2":12.5807352066,"dvar":81.4808044434,"dvar2":185.233169556,"max":144.326171875,"mean":44.2736625671,"median":40.3360748291,"min":5.89259958267,"var":368.846130371},"gfcc":{"cov":[[21584.2128906,2313.90478516,1854.7755127,1923.8104248,526.209228516,1003.22155762,-407.926208496,643.108825684,51.0039215088,-22.2228889465,-519.7421875,349.335083008,34.8740501404],[2313.90478516,1556.21643066,354.56338501,423.250610352,440.517333984,2.52048254013,159.443130493,59.3275604248,156.953033447,-80.1186065674,11.804608345,-21.59532547,103.212623596],[1854.7755127,354.56338501,1250.77050781,432.587371826,414.91229248,151.517242432,-109.91796875,122.383575439,102.613212585,-34.1605796814,-98.3954925537,141.462402344,48.349319458],[1923.8104248,423.250610352,432.587371826,501.620635986,259.216247559,51.9070739746,-19.697095871,75.1491317749,79.7935714722,-19.2535610199,-32.9955749512,27.7527370453,37.7800827026],[526.209228516,440.517333984,414.91229248,259.216247559,426.988342285,-8.98579692841,63.6591300964,72.0701980591,105.148345947,-13.967001915,-10.7320413589,25.6126441956,45.2205162048],[1003.22155762,2.52048254013,151.517242432,51.9070739746,-8.98579692841,248.060577393,20.1537094116,66.2933731079,-11.2795553207,2.74948334694,-15.2521820068,23.7003326416,-10.6653556824],[-407.926208496,159.443130493,-109.91796875,-19.697095871,63.6591300964,20.1537094116,204.080322266,19.8263339996,27.7984352112,-1.96452069283,50.1719322205,-35.1360473633,6.84640407562],[643.108825684,59.3275604248,122.383575439,75.1491317749,72.0701980591,66.2933731079,19.8263339996,127.569473267,41.9164619446,13.8738336563,-16.7268772125,20.6645774841,3.89068770409],[51.0039215088,156.953033447,102.613212585,79.7935714722,105.148345947,-11.2795553207,27.7984352112,41.9164619446,116.917160034,8.28500461578,15.6487607956,3.93311834335,28.4814472198],[-22.2228889465,-80.1186065674,-34.1605796814,-19.2535610199,-13.967001915,2.74948334694,-1.96452069283,13.8738336563,8.28500461578,72.8179779053,19.0854415894,-1.88706755638,-14.8800630569],[-519.7421875,11.804608345,-98.3954925537,-32.9955749512,-10.7320413589,-15.2521820068,50.1719322205,-16.7268772125,15.6487607956,19.0854415894,81.3962936401,-3.20666122437,7.81407594681],[349.335083008,-21.59532547,141.462402344,27.7527370453,25.6126441956,23.7003326416,-35.1360473633,20.6645774841,3.93311834335,-1.88706755638,-3.20666122437,81.4890823364,25.3446083069],[34.8740501404,103.212623596,48.349319458,37.7800827026,45.2205162048,-10.6653556824,6.84640407562,3.89068770409,28.4814472198,-14.8800630569,7.81407594681,25.3446083069,72.577796936]],"icov":[[0.000178185771802,-0.00032155867666,0.000144587393152,-0.000557758728974,0.000284649053356,-0.00045593525283,0.000219204084715,-0.000309927825583,0.000231340774917,-0.000458948023152,0.000889391289093,-0.000776389322709,0.000307754235109],[-0.00032155867666,0.00177778536454,-0.000205925782211,0.000385151157388,-0.00120562314987,0.000724137062207,-0.000906068831682,0.000776619010139,-0.000862817978486,0.00175821920857,-0.00173995911609,0.00210057059303,-0.00138268107548],[0.000144587393152,-0.000205925782211,0.00233096489683,-0.00108694832306,-0.00152658217121,-0.00155068770982,0.00123215967324,0.000191091632587,-0.000631553994026,4.68904581794e-05,0.00201272359118,-0.0031266619917,0.000965761428233],[-0.000557758728974,0.000385151157388,-0.00108694832306,0.00560087664053,-0.00200118590146,0.000956693605985,0.00054992036894,0.000176046611159,-0.000941726320889,0.00148093677126,-0.00295200455002,0.00339607102796,-0.00133991462644],[0.000284649053356,-0.00120562314987,-0.00152658217121,-0.00200118590146,0.00682922080159,0.0012574485736,-0.0022083548829,-0.00148591154721,-0.000921434781048,-0.00141254463233,0.00197214260697,-0.0012534474954,0.000151510335854],[-0.00045593525283,0.000724137062207,-0.00155068770982,0.000956693605985,0.0012574485736,0.00719158956781,-0.00242289877497,-0.00218431744725,0.00108025711961,0.000997826573439,-0.00231635384262,0.00145689363126,-0.000135410838993],[0.000219204084715,-0.000906068831682,0.00123215967324,0.00054992036894,-0.0022083548829,-0.00242289877497,0.00922331772745,-0.00225573242642,0.000377875461709,0.00119844463188,-0.00392138771713,0.00227429438382,7.22833501641e-05],[-0.000309927825583,0.000776619010139,0.000191091632587,0.000176046611159,-0.00148591154721,-0.00218431744725,-0.00225573242642,0.0135976169258,-0.00478259148076,-0.00211044936441,0.00304759759456,-0.00211269967258,0.000768017023802],[0.000231340774917,-0.000862817978486,-0.000631553994026,-0.000941726320889,-0.000921434781048,0.00108025711961,0.000377875461709,-0.00478259148076,0.0147024299949,-0.00243411608972,-0.00251116417348,0.00181927543599,-0.00365323154256],[-0.000458948023152,0.00175821920857,4.68904581794e-05,0.00148093677126,-0.00141254463233,0.000997826573439,0.00119844463188,-0.00211044936441,-0.00243411608972,0.0190422013402,-0.00787047669291,0.00243033911102,0.00280282623135],[0.000889391289093,-0.00173995911609,0.00201272359118,-0.00295200455002,0.00197214260697,-0.00231635384262,-0.00392138771713,0.00304759759456,-0.00251116417348,-0.00787047669291,0.0242603346705,-0.00846397969872,0.000595758785494],[-0.000776389322709,0.00210057059303,-0.0031266619917,0.00339607102796,-0.0012534474954,0.00145689363126,0.00227429438382,-0.00211269967258,0.00181927543599,0.00243033911102,-0.00846397969872,0.0244230553508,-0.00923835020512],[0.000307754235109,-0.00138268107548,0.000965761428233,-0.00133991462644,0.000151510335854,-0.000135410838993,7.22833501641e-05,0.000768017023802,-0.00365323154256,0.00280282623135,0.000595758785494,-0.00923835020512,0.0206587929279]],"mean":[4.18210983276,49.2818984985,-128.264587402,56.4100646973,-56.084072113,32.6284255981,-22.5162639618,9.95070934296,-28.4383277893,4.09092664719,-19.96966362,-11.7099370956,-20.1781291962]},"hfc":{"dmean":8.83937740326,"dmean2":13.5601873398,"dvar":195.214157104,"dvar2":487.478179932,"max":232.881317139,"mean":34.7169647217,"median":31.7217311859,"min":1.24645795098e-16,"var":625.767578125},"melbands":{"dmean":[0.00070588249946,0.00153023214079,0.00068528013071,0.000322622741805,7.05956772435e-05,2.43427111855e-05,4.82502728119e-05,4.71876010124e-05,7.1101989306e-05,5.994510866e-05,6.4590589318e-05,5.21164292877e-05,4.98127228639e-05,4.10741267842e-05,7.16094509698e-05,7.06375867594e-05,4.67270147055e-05,2.40666377067e-05,1.68775441125e-05,1.41750433613e-05,1.48343970068e-05,1.83497104445e-05,1.54213175847e-05,1.02782087197e-05,1.29224472403e-05,1.15598295451e-05,1.17728750411e-05,1.22288674902e-05,1.20100239656e-05,1.29764894155e-05,1.05756544144e-05,6.92798539603e-06,5.91684693063e-06,4.26406768383e-06,3.03368028653e-06,2.70385112344e-06,3.01151885651e-06,1.87338457636e-06,1.29739612476e-06,8.17902503059e-07],"dmean2":[0.00111613748595,0.00238342094235,0.0010925095994,0.00052259239601,0.000118966971058,3.97703224735e-05,7.78683970566e-05,7.61842093198e-05,0.000115073497,9.73302667262e-05,0.00010264073353,8.43966990942e-05,8.22694928502e-05,6.7712047894e-05,0.000119421347335,0.000116419803817,7.55822620704e-05,3.89822889701e-05,2.69643405773e-05,2.26678312174e-05,2.40630615735e-05,2.95026493404e-05,2.45737428486e-05,1.66270801856e-05,2.04319803743e-05,1.87739042303e-05,1.96188339032e-05,2.02628798434e-05,2.026380389e-05,2.22334620048e-05,1.79996150109e-05,1.17402469186e-05,1.00298957477e-05,7.23754192222e-06,5.03333603774e-06,4.24813015343e-06,4.62050411443e-06,2.90415391646e-06,2.00027261599e-06,1.2435126564e-06],"dvar":[2.37245603785e-06,6.87506781105e-06,1.12112059014e-06,7.58039732318e-07,2.40993625056e-08,3.40533778953e-09,9.13537867575e-09,8.37287217337e-09,2.28376215716e-08,1.53862238506e-08,2.69044058143e-08,1.51873909005e-08,1.1682816492e-08,6.66795063609e-09,1.80741892564e-08,2.28693970428e-08,7.41898897871e-09,2.38084263415e-09,1.33112121325e-09,9.05593433576e-10,8.23557610996e-10,1.50674706045e-09,1.35465871853e-09,4.10287137598e-10,9.32785515495e-10,3.16292297908e-10,2.37089042843e-10,2.66048072461e-10,4.34036639962e-10,4.39880853964e-10,3.48767709157e-10,1.59527946408e-10,1.27300309183e-10,6.88271314941e-11,3.04017089281e-11,2.32762992908e-11,3.66527190543e-11,2.06581991097e-11,7.89340554724e-12,3.95994391791e-12],"dvar2":[5.60274111194e-06,1.71844185388e-05,2.92398476631e-06,1.83563486189e-06,6.57082068756e-08,8.68674643328e-09,2.18085141057e-08,2.13018580553e-08,5.80921835081e-08,3.92853571896e-08,6.746162029e-08,3.99427300124e-08,3.06721723575e-08,1.71944396499e-08,4.91535203651e-08,6.17497164512e-08,1.76866592483e-08,5.82314152453e-09,3.05340863704e-09,2.21420659585e-09,2.04913419566e-09,3.4320437603e-09,2.94957991365e-09,9.24154142101e-10,2.01698591162e-09,7.53081874638e-10,6.2823735103e-10,7.06406266815e-10,1.2012765227e-09,1.23559373844e-09,9.49043066356e-10,4.23736074007e-10,3.42998490721e-10,1.88668594636e-10,7.91509635611e-11,5.40438874208e-11,8.03280358896e-11,4.11781858611e-11,1.63018296778e-11,8.33824589236e-12],"max":[0.0243458468467,0.0324910245836,0.0126814432442,0.0111254099756,0.00323675409891,0.00133433693554,0.001975256484,0.00168497348204,0.00332602113485,0.00343217607588,0.00424366118386,0.00233534700237,0.00186427298468,0.00201274687424,0.00219319830649,0.00349849485792,0.00272522866726,0.00121232017409,0.000917946745176,0.000703654950485,0.000609496491961,0.00109497911762,0.00110664602835,0.000906477624085,0.00170217861887,0.00051109859487,0.000204960553674,0.000209569479921,0.000470988481538,0.000340486352798,0.000230100486078,0.000205573975109,0.00016998652427,0.000159019691637,0.000157197442604,0.000104470113001,0.00010494273738,0.000128572719404,6.85762643116e-05,5.49586366105e-05],"mean":[0.00138766376767,0.00366505188867,0.0015395663213,0.000404866557801,9.83428108157e-05,3.82260295737e-05,7.52307387302e-05,7.61744522606e-05,0.000110796914669,9.73563146545e-05,0.00010999225924,8.95109187695e-05,8.26613540994e-05,7.16312497389e-05,0.000118654177641,0.000113894078822,7.99696572358e-05,4.31786793342e-05,3.01528907585e-05,2.51702622336e-05,2.656801189e-05,3.47733475792e-05,2.95698282571e-05,2.13373896258e-05,2.70441541943e-05,2.46766085183e-05,2.54062906606e-05,2.62795601884e-05,2.39807923208e-05,2.5617535357e-05,2.04787684197e-05,1.27390276248e-05,1.04720993477e-05,7.86951932241e-06,6.08325444773e-06,5.37267442269e-06,5.6080612012e-06,3.89821252611e-06,2.80303356703e-06,1.73387229552e-06],"median":[0.000815894920379,0.00272731017321,0.00120793585666,0.000165938516147,4.38081588072e-05,1.76352768904e-05,3.47511886503e-05,3.93288792111e-05,4.56126290374e-05,4.43867247668e-05,3.01599266095e-05,2.54493606917e-05,2.60097622231e-05,2.99788880511e-05,4.75080669275e-05,4.56477646367e-05,3.84214727092e-05,2.18576205953e-05,1.40818647196e-05,1.36760318128e-05,1.5921661543e-05,2.00452868739e-05,1.83514603123e-05,1.45927278936e-05,1.45403409988e-05,1.85543831321e-05,2.05522028409e-05,2.14343272091e-05,1.8786149667e-05,1.89086895261e-05,1.41265691127e-05,7.67059555074e-06,5.76881848247e-06,4.31473563367e-06,3.70366342395e-06,3.19590526487e-06,2.77918843494e-06,1.87745069979e-06,1.45088506542e-06,8.55828034219e-07],"min":[4.07349193782e-24,4.38857915501e-24,1.49892722778e-23,5.24423764624e-24,1.32898355406e-23,1.5413015224e-23,9.25250853657e-24,1.34809654939e-23,1.02646541544e-23,1.27143244338e-23,1.08641087674e-23,1.21145637427e-23,1.39391769284e-23,7.49189484728e-24,4.958914151e-24,7.99432903528e-24,1.025779422e-23,6.36933828497e-24,8.31302884099e-24,1.40630612227e-23,7.70868013492e-24,1.45740821617e-23,6.06740768995e-24,7.68899016673e-24,9.83563057341e-24,1.28901220865e-23,1.6842540047e-23,2.34832847432e-23,1.9601502177e-23,1.87532258461e-23,6.46190756232e-24,8.70792393268e-24,1.10118032504e-23,8.01352359883e-24,1.03001891828e-23,1.26106042131e-23,1.09779548067e-23,9.8134083617e-24,7.82768295792e-24,1.05623623715e-23],"var":[3.47305581272e-06,1.34781384986e-05,2.08892265618e-06,7.40381608466e-07,2.96411037937e-08,4.75237760256e-09,1.70913878605e-08,1.45399727813e-08,4.18660981438e-08,2.86045160891e-08,6.2554548208e-08,3.42922206187e-08,2.44523779003e-08,1.364153146e-08,3.24102806815e-08,3.77641313776e-08,1.56514285976e-08,5.31146282512e-09,3.28953109197e-09,1.98817118324e-09,1.54188550816e-09,3.46154616082e-09,3.12227288468e-09,1.10194098291e-09,5.05963404507e-09,8.32631463776e-10,5.23553478349e-10,5.80441805731e-10,5.7270937992e-10,6.36768526796e-10,4.86477635953e-10,2.31959521035e-10,1.85683482479e-10,1.01666911001e-10,5.50768874952e-11,5.10597363002e-11,7.89457596517e-11,6.3150248919e-11,2.45750260419e-11,1.12077500058e-11]},"melbands_crest":{"dmean":2.87752461433,"dmean2":4.61449384689,"dvar":7.60082578659,"dvar2":19.6853427887,"max":31.3814888,"mean":16.3407516479,"median":16.1738967896,"min":1.99598681927,"var":30.2246055603},"melbands_flatness_db":{"dmean":0.0240426529199,"dmean2":0.0361379161477,"dvar":0.000711238884833,"dvar2":0.00155723956414,"max":0.573685765266,"mean":0.15468198061,"median":0.140607982874,"min":0.00563006429002,"var":0.00494874361902},"melbands_kurtosis":{"dmean":7.43713188171,"dmean2":11.2733249664,"dvar":280.854187012,"dvar2":602.543762207,"max":390.673065186,"mean":15.8259239197,"median":5.31232309341,"min":-1.67321872711,"var":1040.70373535},"melbands_skewness":{"dmean":0.74707275629,"dmean2":1.13314819336,"dvar":0.844296872616,"dvar2":1.87112820148,"max":15.5856189728,"mean":2.9066183567,"median":2.37228059769,"min":-0.93116658926,"var":4.6951956749},"melbands_spread":{"dmean":10.648144722,"dmean2":16.8121738434,"dvar":133.696258545,"dvar2":321.02243042,"max":157.893203735,"mean":40.3486671448,"median":39.0740280151,"min":0.440790235996,"var":503.749725342},"mfcc":{"cov":[[14618.3671875,1215.35876465,1078.3338623,1015.24908447,896.466491699,605.592712402,65.2541046143,614.583557129,431.619049072,245.767684937,-227.214233398,-159.219100952,146.94519043],[1215.35876465,1109.97106934,138.029693604,386.69241333,283.722106934,108.57964325,88.3026733398,136.115600586,150.89390564,45.4182853699,-17.7968902588,19.7480621338,47.2006568909],[1078.3338623,138.029693604,707.126953125,203.164306641,358.593566895,122.95349884,-28.1152420044,123.37374115,65.9583587646,11.8894319534,-71.2169799805,-46.5814781189,53.1667060852],[1015.24908447,386.69241333,203.164306641,542.485107422,324.821960449,70.2706756592,9.24982261658,68.6275253296,109.36579895,33.2548294067,-16.7169723511,7.55085277557,23.9095954895],[896.466491699,283.722106934,358.593566895,324.821960449,436.759338379,81.8776473999,-21.43866539,95.9819641113,102.572776794,36.8010826111,-44.5802688599,-16.0269145966,36.2582702637],[605.592712402,108.57964325,122.95349884,70.2706756592,81.8776473999,131.999298096,52.5394287109,54.3489456177,28.3601741791,21.4258766174,-2.13436388969,-1.90515697002,13.2102136612],[65.2541046143,88.3026733398,-28.1152420044,9.24982261658,-21.43866539,52.5394287109,143.09727478,45.7970581055,19.2874107361,23.5285682678,28.3251037598,21.7620277405,4.00970506668],[614.583557129,136.115600586,123.37374115,68.6275253296,95.9819641113,54.3489456177,45.7970581055,134.321395874,62.8069267273,25.6263046265,-11.7780122757,-6.86150550842,26.0041713715],[431.619049072,150.89390564,65.9583587646,109.36579895,102.572776794,28.3601741791,19.2874107361,62.8069267273,103.694885254,43.7219085693,-3.7874994278,-1.78413033485,16.9491519928],[245.767684937,45.4182853699,11.8894319534,33.2548294067,36.8010826111,21.4258766174,23.5285682678,25.6263046265,43.7219085693,79.4265670776,25.3490467072,9.3707151413,9.02387428284],[-227.214233398,-17.7968902588,-71.2169799805,-16.7169723511,-44.5802688599,-2.13436388969,28.3251037598,-11.7780122757,-3.7874994278,25.3490467072,76.8911895752,38.9683609009,-3.79973053932],[-159.219100952,19.7480621338,-46.5814781189,7.55085277557,-16.0269145966,-1.90515697002,21.7620277405,-6.86150550842,-1.78413033485,9.3707151413,38.9683609009,69.9881134033,13.3412399292],[146.94519043,47.2006568909,53.1667060852,23.9095954895,36.2582702637,13.2102136612,4.00970506668,26.0041713715,16.9491519928,9.02387428284,-3.79973053932,13.3412399292,61.9802970886]],"icov":[[0.000112260961032,-2.67437444563e-05,-1.41623431773e-05,-0.000141330034239,0.000103894948552,-0.000371378177078,0.000207093078643,-0.000321739673382,1.14784706966e-05,-0.00027305225376,0.000254602025962,8.24870949145e-05,-4.68332973469e-06],[-2.67437444563e-05,0.00144180422649,0.000318866223097,-0.000591262301896,-0.000376928248443,-0.000292065582471,-0.000576909165829,-0.000312469666824,-0.000964290171396,0.00049773522187,0.000296264188364,-0.000326793146087,-0.000349123001797],[-1.41623431773e-05,0.000318866223097,0.00317835342139,0.000284923589788,-0.00241228402592,-0.0016560042277,0.000686371116899,-0.00130052131135,0.000807463482488,0.000479013368022,0.000479299400467,0.000951178371906,-0.00124609621707],[-0.000141330034239,-0.000591262301896,0.000284923589788,0.00419080164284,-0.00285672629252,0.000126618819195,-0.000418137438828,0.00137327227276,-0.00171860691626,0.00117801886518,-0.000797257060185,-0.00063836137997,0.0004063519591],[0.000103894948552,-0.000376928248443,-0.00241228402592,-0.00285672629252,0.00753613328561,-0.000812780403066,0.00189470860641,-0.000978014548309,-0.00161152961664,-0.00166665925644,0.00172803585883,-0.000757403613534,0.000216688436922],[-0.000371378177078,-0.000292065582471,-0.0016560042277,0.000126618819195,-0.000812780403066,0.0133581561968,-0.00486223213375,-0.000313674187055,0.0013836841099,-0.000702712801285,-0.000925048720092,0.000399902608478,0.000130242551677],[0.000207093078643,-0.000576909165829,0.000686371116899,-0.000418137438828,0.00189470860641,-0.00486223213375,0.0116297537461,-0.00441132020205,0.000288154376904,-0.00138334429357,-0.00158751441631,-0.0017142604338,0.000941510021221],[-0.000321739673382,-0.000312469666824,-0.00130052131135,0.00137327227276,-0.000978014548309,-0.000313674187055,-0.00441132020205,0.0153428018093,-0.00637013465166,0.00135864282493,-2.02032822472e-07,0.00114258890972,-0.00262798299082],[1.14784706966e-05,-0.000964290171396,0.000807463482488,-0.00171860691626,-0.00161152961664,0.0013836841099,0.000288154376904,-0.00637013465166,0.0211968794465,-0.00877474248409,0.00166547321714,0.000883090193383,-0.000627675442956],[-0.00027305225376,0.00049773522187,0.000479013368022,0.00117801886518,-0.00166665925644,-0.000702712801285,-0.00138334429357,0.00135864282493,-0.00877474248409,0.021043073386,-0.00849388632923,0.00156172120478,-0.00147383951116],[0.000254602025962,0.000296264188364,0.000479299400467,-0.000797257060185,0.00172803585883,-0.000925048720092,-0.00158751441631,-2.02032822472e-07,0.00166547321714,-0.00849388632923,0.0243684984744,-0.0112036084756,0.00304292328656],[8.24870949145e-05,-0.000326793146087,0.000951178371906,-0.00063836137997,-0.000757403613534,0.000399902608478,-0.0017142604338,0.00114258890972,0.000883090193383,0.00156172120478,-0.0112036084756,0.0230712555349,-0.00664878357202],[-4.68332973469e-06,-0.000349123001797,-0.00124609621707,0.0004063519591,0.000216688436922,0.000130242551677,0.000941510021221,-0.00262798299082,-0.000627675442956,-0.00147383951116,0.00304292328656,-0.00664878357202,0.020214356482]],"mean":[-624.059265137,68.6774215698,-3.99132871628,28.3011360168,-0.553951263428,21.8611068726,16.3849430084,7.18531417847,5.09864091873,7.04346179962,5.08737039566,7.8468670845,-7.32364606857]},"pitch_salience":{"dmean":0.0698355957866,"dmean2":0.112227275968,"dvar":0.00465047173202,"dvar2":0.0117032499984,"max":0.835744321346,"mean":0.526758313179,"median":0.537945747375,"min":0.0760174170136,"var":0.0171002764255},"silence_rate_20dB":{"dmean":0,"dmean2":0,"dvar":0,"dvar2":0,"max":1,"mean":1,"median":1,"min":1,"var":0},"silence_rate_30dB":{"dmean":0.000383840320865,"dmean2":0.000767754332628,"dvar":0.000383781210985,"dvar2":0.00115139468107,"max":1,"mean":0.999808073044,"median":1,"min":0,"var":0.000191829502},"silence_rate_60dB":{"dmean":0.00153536128346,"dmean2":0.00307101733051,"dvar":0.0015329758171,"dvar2":0.00363729265518,"max":1,"mean":0.118307426572,"median":0,"min":0,"var":0.104312539101},"spectral_centroid":{"dmean":287.709777832,"dmean2":456.903778076,"dvar":92637.53125,"dvar2":217599.21875,"max":10628.7890625,"mean":2413.67919922,"median":2511.71728516,"min":137.890686035,"var":518805.1875},"spectral_complexity":{"dmean":4.80030727386,"dmean2":7.01458740234,"dvar":26.5119380951,"dvar2":46.9375419617,"max":60,"mean":29.1296291351,"median":33,"min":0,"var":233.503890991},"spectral_contrast_coeffs":{"dmean":[0.0483989603817,0.0428214408457,0.0347709916532,0.0297604221851,0.0197814553976,0.0190096534789],"dmean2":[0.0791019424796,0.0712792649865,0.0579810030758,0.0495203174651,0.0329022295773,0.0306219737977],"dvar":[0.00170954514761,0.00114956195466,0.000748763442971,0.000565331720281,0.000273461191682,0.000298998988001],"dvar2":[0.00453780498356,0.00317501765676,0.00205300119705,0.00153382075951,0.000713920861017,0.000704976031557],"max":[-0.325631916523,-0.501469254494,-0.560565590858,-0.575125277042,-0.56997013092,-0.545832514763],"mean":[-0.632049918175,-0.780308961868,-0.804451346397,-0.785949528217,-0.798609972,-0.717222809792],"median":[-0.631254315376,-0.784987449646,-0.810104489326,-0.788930296898,-0.800621092319,-0.71444350481],"min":[-0.944572508335,-0.964817285538,-0.961929678917,-0.962068080902,-0.961288332939,-0.959900796413],"var":[0.00511877750978,0.00335879670456,0.00276995217428,0.00247813761234,0.00129288586322,0.0019602489192]},"spectral_contrast_valleys":{"dmean":[0.366842150688,0.338216483593,0.291378766298,0.253390222788,0.206466436386,0.212062686682],"dmean2":[0.61165946722,0.555487334728,0.464614182711,0.390336722136,0.302156686783,0.309405595064],"dvar":[0.103081554174,0.0924711599946,0.0728510022163,0.0627593845129,0.0617678314447,0.0844122394919],"dvar2":[0.262389987707,0.220572412014,0.150320366025,0.119214661419,0.097763992846,0.154607832432],"max":[-5.42728614807,-5.32199573517,-5.36831998825,-5.75572967529,-5.45599222183,-7.37899398804],"mean":[-7.7172498703,-7.37216854095,-7.3280172348,-7.42612695694,-6.94946289062,-9.51773643494],"median":[-7.02490234375,-7.01825094223,-7.05098152161,-7.07535457611,-6.53797721863,-9.11483383179],"min":[-27.4358997345,-27.3205242157,-27.1588973999,-27.2371673584,-27.2446079254,-27.2090091705],"var":[4.87707281113,2.10905313492,1.77687263489,1.77597153187,1.71543645859,2.02873444557]},"spectral_decrease":{"dmean":1.80382131454e-09,"dmean2":2.77066081189e-09,"dvar":6.48834475427e-18,"dvar2":1.47552163339e-17,"max":4.18830819712e-16,"mean":-7.01523239499e-09,"median":-6.8343144477e-09,"min":-3.72376867119e-08,"var":1.83418863591e-17},"spectral_energy":{"dmean":0.00717551773414,"dmean2":0.0109802307561,"dvar":9.89985855995e-05,"dvar2":0.000223611525143,"max":0.143561393023,"mean":0.0296260155737,"median":0.0294551793486,"min":1.14038358499e-20,"var":0.000299948529573},"spectral_energyband_high":{"dmean":0.00109355349559,"dmean2":0.00175446469802,"dvar":3.8874945858e-06,"dvar2":1.02613294075e-05,"max":0.036062695086,"mean":0.00305170635693,"median":0.00232047913596,"min":8.52380379109e-21,"var":7.98334531282e-06},"spectral_energyband_low":{"dmean":0.00574030773714,"dmean2":0.00883903447539,"dvar":8.91170857358e-05,"dvar2":0.000206646742299,"max":0.133868902922,"mean":0.0153135387227,"median":0.012439372018,"min":4.46369433263e-23,"var":0.000191662198631},"spectral_energyband_middle_high":{"dmean":0.00185963511467,"dmean2":0.00287165562622,"dvar":5.43997703062e-06,"dvar2":1.31569950099e-05,"max":0.040023162961,"mean":0.00686384597793,"median":0.00534110609442,"min":1.65760401141e-21,"var":3.54067415174e-05},"spectral_energyband_middle_low":{"dmean":0.00266501819715,"dmean2":0.00420926045626,"dvar":2.24685081776e-05,"dvar2":5.36246443517e-05,"max":0.0643399581313,"mean":0.00591858383268,"median":0.004444825463,"min":3.67304416466e-22,"var":3.68261862604e-05},"spectral_entropy":{"dmean":0.0900788009167,"dmean2":0.134796246886,"dvar":0.014666958712,"dvar2":0.0280344486237,"max":9.7992477417,"mean":8.01655769348,"median":8.06231880188,"min":5.19345808029,"var":0.0938838869333},"spectral_flux":{"dmean":0.0191319640726,"dmean2":0.0293656568974,"dvar":0.000605686451308,"dvar2":0.00138183415402,"max":0.309282153845,"mean":0.081897392869,"median":0.0788759291172,"min":1.06788744514e-10,"var":0.00191071873996},"spectral_kurtosis":{"dmean":0.714162647724,"dmean2":1.2117125988,"dvar":1.24416148663,"dvar2":3.45770525932,"max":37.5546340942,"mean":2.19453477859,"median":1.95871043205,"min":-1.16023993492,"var":2.55462551117},"spectral_rms":{"dmean":0.000594971294049,"dmean2":0.000902880739886,"dvar":5.2818381846e-07,"dvar2":1.16449473353e-06,"max":0.0118346903473,"mean":0.00499833747745,"median":0.00536066759378,"min":3.33552001124e-12,"var":3.92000174543e-06},"spectral_rolloff":{"dmean":782.352966309,"dmean2":1295.56958008,"dvar":1070250,"dvar2":2415241,"max":18561.6210938,"mean":3059.9284668,"median":2993.11523438,"min":86.1328125,"var":5172051.5},"spectral_skewness":{"dmean":0.134443148971,"dmean2":0.222109913826,"dvar":0.0239889621735,"dvar2":0.0595140792429,"max":4.70220994949,"mean":0.939284384251,"median":0.920264720917,"min":-0.104070216417,"var":0.0842525735497},"spectral_spread":{"dmean":386199.65625,"dmean2":558741.875,"dvar":246976774144,"dvar2":359359184896,"max":39555184,"mean":4912200,"median":4777612,"min":1696540.5,"var":1927288455170.0},"spectral_strongpeak":{"dmean":0.330205857754,"dmean2":0.58179217577,"dvar":0.690156519413,"dvar2":1.76625740528,"max":18.6006507874,"mean":0.568043529987,"median":0.367181748152,"min":6.70703381722e-10,"var":1.08110570908},"zerocrossingrate":{"dmean":0.0118925366551,"dmean2":0.013768219389,"dvar":0.000153346773004,"dvar2":0.000181118724868,"max":0.7529296875,"mean":0.100508026779,"median":0.09375,"min":0.00341796875,"var":0.00436787726358}},"metadata":{"audio_properties":{"analysis_sample_rate":44100,"bit_rate":222417,"codec":"mp3","downmix":"mix","equal_loudness":0,"length":241.972244263,"lossless":false,"md5_encoded":"22f123695d2b61e22dd93ca87626acd9","replay_gain":-15.2852249146,"sample_rate":44100},"tags":{"album":["The Arockalypse"],"albumartist":["Lordi"],"albumartistsort":["Lordi"],"artist":["Lordi"],"artistsort":["Lordi"],"date":["2006"],"discnumber":["1/1"],"encodedby":["LAME 3.0.93 MOD"],"file_name":"10.Lordi-Supermonstars.mp3","genre":["Heavy Metal"],"isrc":["FIBAR0500293"],"language":["eng"],"musicbrainz album status":["promotion"],"musicbrainz album type":["album"],"musicbrainz_albumartistid":["b5b4ba6e-6e34-4669-a33b-0d813b4c3d83"],"musicbrainz_albumid":["dd1f50dd-37c6-413e-beed-71246f405da4"],"musicbrainz_artistid":["b5b4ba6e-6e34-4669-a33b-0d813b4c3d83"],"musicbrainz_recordingid":["14e42551-9301-4095-aeee-6d11de7016c9"],"originaldate":["2006"],"script":["Latn"],"title":["Supermonstars (The Anthem of the Phantoms)"],"tracknumber":["10/10"]},"version":{"essentia":"2.1-beta2","essentia_build_sha":"70f2e5ece6736b2c40cc944ad0e695b16b925413","essentia_git_sha":"v2.1_beta2","extractor":"music 1.0"}},"rhythm":{"beats_count":522,"beats_loudness":{"dmean":0.0133424643427,"dmean2":0.0233838967979,"dvar":0.000153203582158,"dvar2":0.000480203685584,"max":0.114369936287,"mean":0.0422443822026,"median":0.0452415794134,"min":1.90883864271e-09,"var":0.000420639727963},"beats_loudness_band_ratio":{"dmean":[0.225335121155,0.192823052406,0.0367351695895,0.0867183953524,0.0424641035497,0.114613518119],"dmean2":[0.432786732912,0.382464230061,0.0633632317185,0.155041411519,0.0790084451437,0.212152004242],"dvar":[0.0242123268545,0.0182086788118,0.00198481860571,0.0090278852731,0.00234780297615,0.0048057930544],"dvar2":[0.0779363438487,0.0673599615693,0.00539437029511,0.0253608264029,0.00669158855453,0.0150586254895],"max":[0.986123085022,0.472494870424,0.357862532139,0.808773040771,0.555349051952,0.984259009361],"mean":[0.547631800175,0.111865364015,0.0512283332646,0.147626966238,0.0645479783416,0.161174818873],"median"