{"lowlevel":{"average_loudness":0.954492211342,"barkbands":{"dmean":[1.15019593068e-05,0.00261611281894,0.00146510079503,0.000738524424378,0.00110659201164,0.000402325560572,0.000280057050986,0.000359685742296,0.000555454811547,0.000718286901247,0.000532670062967,0.000527665833943,0.000538864347618,0.000748828635551,0.000515293737408,0.000434731889982,0.000500590365846,0.000264647736913,0.000307444599457,0.000315443467116,0.000258049636614,0.000161824558745,0.000102217461972,9.21554019442e-05,5.41138324479e-05,2.08533801924e-05,1.65054450463e-06],"dmean2":[1.72400377778e-05,0.00406977115199,0.00242727436125,0.00118839007337,0.00187260145321,0.000655383744743,0.000437537033577,0.000573490920942,0.000887049129233,0.00113489921205,0.000851206947118,0.000850699201692,0.000867851951625,0.00119995640125,0.000843881862238,0.000714646535926,0.000830535136629,0.000439971801825,0.000506394077092,0.000525910756551,0.000438180926722,0.000278592371615,0.000167105856235,0.000140115123941,7.99195258878e-05,3.1720232073e-05,2.84586599264e-06],"dvar":[7.38784144971e-10,5.1912447816e-05,1.14827562356e-05,1.31870240239e-06,7.40310952096e-06,4.40045198502e-07,2.28383939316e-07,3.69853495386e-07,1.42699752814e-06,1.56662940753e-06,8.143301784e-07,7.91514992216e-07,8.98667735783e-07,1.72870738879e-06,8.33330773276e-07,5.26399787759e-07,6.32023784419e-07,1.30604405513e-07,1.96383766138e-07,1.90580479398e-07,1.67778551941e-07,1.48510395093e-07,3.97805308694e-08,4.01043962484e-08,2.06962482707e-08,2.58555554744e-09,4.55832385726e-11],"dvar2":[1.58677382345e-09,0.000109039392555,3.15719844366e-05,3.60559465662e-06,2.0642140953e-05,1.13424050596e-06,5.54132952857e-07,9.12098812478e-07,3.45203420693e-06,3.73819489141e-06,2.00160275199e-06,1.99322539629e-06,2.21662639888e-06,4.29598685514e-06,2.00990075427e-06,1.2810763792e-06,1.62297646966e-06,3.38400354849e-07,4.91223204335e-07,5.0759365422e-07,4.69328512054e-07,4.18932415869e-07,1.04156498537e-07,7.59659286587e-08,4.10035418952e-08,5.76044811851e-09,1.26539098644e-10],"max":[0.000540666049346,0.115772299469,0.0421906672418,0.0206134095788,0.0353494174778,0.0143804419786,0.0122691718861,0.0110327126458,0.0290570240468,0.0299579054117,0.0179078578949,0.0174449756742,0.018850363791,0.030251134187,0.0243975222111,0.0185149684548,0.0176748875529,0.00751144206151,0.00893364660442,0.00606132950634,0.00524213118479,0.00592902069911,0.00361229898408,0.00432547554374,0.00324241141789,0.00108486646786,0.000129908570671],"mean":[1.60951349244e-05,0.00373001629487,0.00291233882308,0.00171995372511,0.00176966609433,0.000818694592454,0.000555485719815,0.000678136013448,0.000952477159444,0.00127718888689,0.000974889902864,0.000982163939625,0.000948029628489,0.00138388783671,0.00093568925513,0.000877825252246,0.00108614459168,0.000598124403041,0.000759219576139,0.000790098507423,0.000587560702115,0.000296954298392,0.000208176483284,0.0001973756589,0.000113172638521,3.48155153915e-05,1.60472689004e-06],"median":[4.16308694184e-06,0.00132724363357,0.00184667482972,0.0011702341726,0.00105899211485,0.000517878390383,0.000303804554278,0.000414073379943,0.00040923411143,0.000519650871865,0.000456060195575,0.000483847077703,0.000437450275058,0.000659900484607,0.00049134681467,0.000548677286133,0.000658871897031,0.000428945786553,0.000553678837605,0.000610252900515,0.000498892040923,0.000185761920875,0.000113638066978,0.00011101646669,6.61768790451e-05,1.47635155372e-05,3.50645649405e-07],"min":[3.3176555111e-23,7.65360738854e-23,3.16348242905e-23,4.99536070812e-24,2.98438923101e-23,7.72423568311e-23,5.2488923989e-23,3.69036893854e-23,3.5414395727e-23,5.95878706533e-23,8.57177458682e-23,1.11959418451e-22,1.10076741947e-22,7.43228772842e-23,8.51856749648e-23,1.06903122971e-22,2.17834964895e-22,3.28680928266e-22,2.3944649728e-22,3.06134021417e-22,4.41330139314e-22,6.25935354629e-22,6.74743403148e-22,9.80748329055e-22,1.44850937291e-21,1.68231593123e-21,2.14387827017e-21],"var":[1.23334631397e-09,7.14325215085e-05,1.45896847243e-05,3.61377897207e-06,6.67758604322e-06,9.45017916365e-07,5.81023016366e-07,6.78828030232e-07,2.70993837148e-06,3.79673247153e-06,2.13669954974e-06,1.91492790691e-06,1.91133563021e-06,3.85943531001e-06,2.30400632972e-06,1.36290964292e-06,1.93328423848e-06,3.69712722659e-07,6.72923306411e-07,5.92066157878e-07,2.82664643692e-07,1.62751490507e-07,7.22088770999e-08,1.02379942746e-07,4.07752018816e-08,3.95657062668e-09,3.08063956289e-11]},"barkbands_crest":{"dmean":2.05714869499,"dmean2":3.27518963814,"dvar":5.56206035614,"dvar2":12.3755130768,"max":26.9052867889,"mean":7.39178228378,"median":6.26840734482,"min":2.05642414093,"var":15.3719186783},"barkbands_flatness_db":{"dmean":0.0149818900973,"dmean2":0.0226140841842,"dvar":0.00030894469819,"dvar2":0.000619026250206,"max":0.49592012167,"mean":0.106199637055,"median":0.0860475376248,"min":0.0267101433128,"var":0.00327093666419},"barkbands_kurtosis":{"dmean":2.2618932724,"dmean2":3.5624434948,"dvar":742.985229492,"dvar2":1460.09851074,"max":1792.28369141,"mean":4.7739777565,"median":-0.654153048992,"min":-1.89906859398,"var":5078.90722656},"barkbands_skewness":{"dmean":0.363360285759,"dmean2":0.559562325478,"dvar":0.450133979321,"dvar2":0.79360896349,"max":8.75580596924,"mean":0.509656965733,"median":0.421160757542,"min":-37.15391922,"var":4.57903003693},"barkbands_spread":{"dmean":5.25115728378,"dmean2":8.25092697144,"dvar":39.0525093079,"dvar2":88.5525360107,"max":104.762794495,"mean":31.9691696167,"median":33.0530815125,"min":0.140321567655,"var":160.674743652},"dissonance":{"dmean":0.00993598345667,"dmean2":0.0169624891132,"dvar":0.00010886076052,"dvar2":0.000303379638353,"max":0.500000059605,"mean":0.481269359589,"median":0.48572653532,"min":0.306682765484,"var":0.000293290591799},"dynamic_complexity":2.39241695404,"erbbands":{"dmean":[0.0454539470375,0.688457727432,1.69505572319,1.8162457943,4.19135332108,2.97040009499,2.86269044876,3.21540975571,3.23853540421,6.53577470779,7.66369199753,13.391998291,17.8848609924,19.2306194305,22.087884903,23.296667099,24.226518631,32.653503418,32.2907752991,20.9620132446,23.1191768646,22.7452449799,14.4839105606,14.8424358368,15.6924934387,15.0351610184,12.551987648,8.38928508759,5.5337972641,4.57782936096,2.84233498573,2.19255566597,1.45131731033,0.753296971321,0.334177225828,0.127368316054,0.0311577245593,0.00456848554313,0.00026106351288,1.16730525406e-05],"dmean2":[0.0731911212206,1.06961798668,2.75587487221,2.93012356758,7.05608701706,5.00928688049,4.57147693634,5.27289104462,4.99732732773,10.4453735352,12.2269554138,21.3397789001,27.9497890472,30.8322238922,34.8809242249,37.1586380005,38.7065505981,52.2012367249,52.8487815857,34.106967926,38.019859314,37.6160392761,23.925786972,24.3975925446,26.0769195557,25.1783103943,21.2360057831,14.4713258743,9.49917030334,7.79646444321,4.63783740997,3.3960609436,2.20695376396,1.1252040863,0.495317578316,0.191354990005,0.048015948385,0.00733919721097,0.0004442325735,1.83021111297e-05],"dvar":[0.0176755506545,3.5102660656,16.6853561401,8.22295761108,98.7617721558,46.2683067322,29.3463249207,29.684223175,34.3996315002,105.289985657,240.333465576,894.889587402,1197.00708008,1350.02929688,1545.98937988,1575.53112793,1873.2845459,3255.84619141,3076.75341797,1524.80981445,1392.09143066,1265.55566406,382.214019775,547.773864746,537.212524414,454.698852539,372.109405518,240.221466064,155.970855713,100.987754822,29.5076656342,20.5340137482,11.07716465,3.91922092438,0.780495941639,0.0996701940894,0.00600317958742,0.000169468505192,1.26835379888e-06,8.09011413416e-10],"dvar2":[0.0427034348249,7.23410844803,43.9145011902,22.5479011536,276.286224365,127.456665039,70.6048202515,79.4944076538,81.662651062,259.799560547,589.362731934,2183.29882813,2717.10986328,3284.96166992,3771.7109375,3871.65820313,4617.56298828,8049.39160156,7625.57568359,3635.36108398,3565.59106445,3270.15649414,1000.76306152,1297.12255859,1396.86743164,1236.60644531,1023.5723877,687.737121582,435.515991211,282.60925293,75.2112503052,42.958732605,21.0210857391,7.56290626526,1.65257823467,0.211569830775,0.0141489142552,0.000438758754171,3.51873109139e-06,2.14870610193e-09],"max":[1.95620572567,29.9317913055,54.3921051025,53.5556106567,133.759429932,87.1526184082,154.587753296,140.849655151,180.855209351,186.601303101,293.911529541,652.598388672,1130.50134277,831.737487793,809.414916992,852.14855957,928.865539551,1272.40917969,1267.58361816,1351.5916748,1026.17651367,926.609008789,396.602050781,559.869140625,571.551025391,318.870574951,242.438323975,204.390304565,180.017990112,120.645057678,113.118812561,104.049797058,80.0535507202,43.8528823853,19.8678588867,7.74542856216,1.42264902592,0.201406657696,0.0222001839429,0.000913705385756],"mean":[0.0569503456354,1.02325963974,3.30152606964,4.89989805222,6.61554908752,4.9572467804,5.86589574814,6.37215232849,6.53395414352,13.3054084778,14.4923019409,23.4991168976,33.222782135,36.9746551514,44.3548812866,45.3855781555,46.5404853821,63.248714447,62.5169754028,46.0184211731,52.6785354614,54.3757209778,36.5264816284,36.0337524414,40.0346717834,38.126209259,29.3929004669,18.0528125763,10.3581533432,8.60138034821,5.87320613861,4.51695203781,2.96510219574,1.53629207611,0.671709358692,0.227258682251,0.050012703985,0.0063008684665,0.000284778128844,4.20659962401e-05],"median":[0.0158347319812,0.40290042758,1.9035807848,3.72790694237,3.71602940559,3.05007886887,3.2734644413,4.01312303543,3.63464736938,8.25436401367,8.52110671997,10.7335729599,13.434428215,16.5441684723,21.7988834381,24.0800170898,23.9090652466,33.1289787292,34.7322731018,28.1824245453,35.3057556152,34.7934646606,27.0472145081,24.5895709991,29.3026180267,29.8071670532,24.2050971985,15.3792152405,6.84782075882,4.61347484589,3.31350922585,2.5061314106,1.65012931824,0.890798330307,0.390026539564,0.109421864152,0.0194360781461,0.0021942765452,8.08055192465e-05,4.06095532526e-05],"min":[2.91966927743e-21,1.5014387943e-20,3.58339100378e-20,2.44027618797e-20,5.05565487939e-20,1.39836821257e-19,2.75114559019e-19,7.29804910843e-19,7.5743925735e-19,7.7756342428e-19,6.03171572374e-19,6.142934293e-19,2.20659403308e-18,2.59628026722e-18,2.834509938e-18,5.14564988113e-18,4.064607125e-18,5.54391418502e-18,2.33470301007e-18,5.9778560295e-18,6.96274482969e-18,1.24200490687e-17,1.77945657632e-17,1.77000818849e-17,1.05291555474e-17,1.44765573835e-17,1.83396695151e-17,1.77480649779e-17,2.17225685596e-17,1.63832302021e-17,2.2893897666e-17,1.88965969866e-17,1.78488867141e-17,1.51834808242e-17,1.08138396814e-17,6.42426927607e-18,3.07442498927e-18,1.12417112609e-18,3.12598326025e-19,3.2545182094e-20],"var":[0.0207507628947,4.90044021606,21.2607460022,20.2586326599,96.7533721924,47.4950370789,71.3380737305,58.6916427612,95.6616821289,237.654953003,395.89743042,1640.39086914,3023.6027832,3221.99926758,4170.09033203,3770.57226563,4141.12158203,7431.15966797,7317.51611328,5495.97753906,3806.64038086,4213.90820313,1214.71459961,1865.55444336,1674.01184082,1380.84326172,730.67010498,306.606384277,175.796615601,137.489028931,57.2335624695,49.0627746582,26.6494197845,8.21651268005,1.35116231441,0.164066389203,0.00839958991855,0.000168955390109,8.54364941461e-07,9.81215997342e-10]},"erbbands_crest":{"dmean":2.10071897507,"dmean2":3.47679305077,"dvar":4.05168962479,"dvar2":10.5596542358,"max":30.6556777954,"mean":7.65803575516,"median":6.86296224594,"min":2.14959955215,"var":11.6119651794},"erbbands_flatness_db":{"dmean":0.0120701314881,"dmean2":0.0180840939283,"dvar":0.000140957825352,"dvar2":0.000281726417597,"max":0.362565368414,"mean":0.158984720707,"median":0.147786945105,"min":0.0341067910194,"var":0.00273242918774},"erbbands_kurtosis":{"dmean":0.565621256828,"dmean2":0.90003913641,"dvar":0.447091788054,"dvar2":1.11159706116,"max":17.0105419159,"mean":0.269654661417,"median":-0.0309861619025,"min":-1.5037471056,"var":1.67597734928},"erbbands_skewness":{"dmean":0.24686345458,"dmean2":0.387113541365,"dvar":0.0487526543438,"dvar2":0.118872560561,"max":2.42849898338,"mean":-0.182537123561,"median":-0.179140940309,"min":-3.20663237572,"var":0.293466597795},"erbbands_spread":{"dmean":5.5432600975,"dmean2":8.59979248047,"dvar":34.4066581726,"dvar2":79.7917861938,"max":106.940437317,"mean":33.4145011902,"median":31.2635402679,"min":5.7073507309,"var":167.546463013},"gfcc":{"cov":[[9837.18652344,-405.578125,898.207824707,1284.46838379,-79.72681427,922.708007813,-268.60748291,415.615966797,-439.751373291,232.518432617,-477.718933105,65.2833175659,-272.511260986],[-405.578125,877.516540527,-175.709884644,-2.91837263107,159.759750366,-100.849502563,113.448432922,-43.6376190186,67.2659683228,-36.0432243347,61.4166412354,-43.3832588196,50.5812683105],[898.207824707,-175.709884644,1471.671875,460.110351563,326.311065674,466.600128174,-18.5946102142,151.073944092,-41.1919136047,123.047370911,-145.625778198,107.771644592,-115.250213623],[1284.46838379,-2.91837263107,460.110351563,538.142211914,216.743041992,216.581130981,29.9387130737,83.7979888916,-32.3997116089,40.9150314331,-88.243560791,-0.506175816059,-30.1807861328],[-79.72681427,159.759750366,326.311065674,216.743041992,340.680999756,94.6362991333,67.8676757813,43.3274993896,12.7935504913,33.6485748291,-31.3720531464,-3.74941587448,2.09657478333],[922.708007813,-100.849502563,466.600128174,216.581130981,94.6362991333,336.721374512,33.6484527588,97.9447631836,-40.7219467163,35.3379669189,-54.669834137,22.7935562134,-51.3068809509],[-268.60748291,113.448432922,-18.5946102142,29.9387130737,67.8676757813,33.6484527588,199.152923584,34.3015823364,6.23073577881,-9.30545806885,22.6725120544,-17.8961753845,2.9144923687],[415.615966797,-43.6376190186,151.073944092,83.7979888916,43.3274993896,97.9447631836,34.3015823364,137.16847229,10.2875766754,22.6122131348,-29.9173564911,7.86010026932,-9.07262992859],[-439.751373291,67.2659683228,-41.1919136047,-32.3997116089,12.7935504913,-40.7219467163,6.23073577881,10.2875766754,131.002853394,24.3484992981,24.7295436859,-7.65466308594,19.1387729645],[232.518432617,-36.0432243347,123.047370911,40.9150314331,33.6485748291,35.3379669189,-9.30545806885,22.6122131348,24.3484992981,105.02910614,7.67576122284,13.6308660507,-22.8432712555],[-477.718933105,61.4166412354,-145.625778198,-88.243560791,-31.3720531464,-54.669834137,22.6725120544,-29.9173564911,24.7295436859,7.67576122284,104.703361511,15.4096498489,17.379026413],[65.2833175659,-43.3832588196,107.771644592,-0.506175816059,-3.74941587448,22.7935562134,-17.8961753845,7.86010026932,-7.65466308594,13.6308660507,15.4096498489,75.4800567627,8.8158416748],[-272.511260986,50.5812683105,-115.250213623,-30.1807861328,2.09657478333,-51.3068809509,2.9144923687,-9.07262992859,19.1387729645,-22.8432712555,17.379026413,8.8158416748,76.7356185913]],"icov":[[0.000683099671733,-0.000565919617657,0.000971087138169,-0.00153092807159,0.00111391767859,-0.0014396617189,0.00105699512642,-0.00110936246347,0.00163689686451,-0.00187903549522,0.00233159097843,-0.00156458071433,0.00117502245121],[-0.000565919617657,0.0020679179579,-0.000725506688468,0.00122724380344,-0.0018408264732,0.00145602505654,-0.00139940460213,0.00133836152963,-0.00190496013965,0.00215096655302,-0.0026460501831,0.00182318268344,-0.00123934447765],[0.000971087138169,-0.000725506688468,0.00361916050315,-0.00242782873102,0.000148153631017,-0.0038706518244,0.00195412524045,-0.0013962428784,0.00178003800102,-0.0032630849164,0.00504703680053,-0.00534045742825,0.00363143836148],[-0.00153092807159,0.00122724380344,-0.00242782873102,0.00684219272807,-0.0038992667105,0.00206504692324,-0.00228440365754,0.00218669185415,-0.00313409976661,0.00367661053315,-0.00391163025051,0.00413187686354,-0.00308109284379],[0.00111391767859,-0.0018408264732,0.000148153631017,-0.0038992667105,0.00764279067516,-0.00157466053497,0.00033476241515,-0.00177739572246,0.00268958765082,-0.00410961359739,0.0038104292471,-0.000869413081091,-0.000283662811853],[-0.0014396617189,0.00145602505654,-0.0038706518244,0.00206504692324,-0.00157466053497,0.0100418021902,-0.00324139301665,-0.000205998396268,-0.00207369006239,0.00432755611837,-0.00582858826965,0.00414606695995,-0.00156849925406],[0.00105699512642,-0.00139940460213,0.00195412524045,-0.00228440365754,0.00033476241515,-0.00324139301665,0.00841592438519,-0.00375194335356,0.00287273945287,-0.00177952682134,0.00115949171595,-0.00104488804936,0.00238414760679],[-0.00110936246347,0.00133836152963,-0.0013962428784,0.00218669185415,-0.00177739572246,-0.000205998396268,-0.00375194335356,0.0125373853371,-0.00466142920777,0.00168516323902,-0.000934978364967,0.00125560315792,-0.00279144337401],[0.00163689686451,-0.00190496013965,0.00178003800102,-0.00313409976661,0.00268958765082,-0.00207369006239,0.00287273945287,-0.00466142920777,0.0138165773824,-0.00734963268042,0.00362520641647,-0.00116654951125,6.84216502123e-05],[-0.00187903549522,0.00215096655302,-0.0032630849164,0.00367661053315,-0.00410961359739,0.00432755611837,-0.00177952682134,0.00168516323902,-0.00734963268042,0.0183099843562,-0.00959907006472,0.00324985873885,0.000811289355624],[0.00233159097843,-0.0026460501831,0.00504703680053,-0.00391163025051,0.0038104292471,-0.00582858826965,0.00115949171595,-0.000934978364967,0.00362520641647,-0.00959907006472,0.0239390432835,-0.011710033752,0.00407221773639],[-0.00156458071433,0.00182318268344,-0.00534045742825,0.00413187686354,-0.000869413081091,0.00414606695995,-0.00104488804936,0.00125560315792,-0.00116654951125,0.00324985873885,-0.011710033752,0.024372421205,-0.00905941147357],[0.00117502245121,-0.00123934447765,0.00363143836148,-0.00308109284379,-0.000283662811853,-0.00156849925406,0.00238414760679,-0.00279144337401,6.84216502123e-05,0.000811289355624,0.00407221773639,-0.00905941147357,0.0211452320218]],"mean":[24.3708457947,72.5614929199,-144.662872314,38.9484901428,-55.7344245911,19.7707805634,-35.796169281,8.54701137543,-29.7540721893,1.51062142849,-19.5472583771,-6.46173286438,-12.1917638779]},"hfc":{"dmean":6.36803293228,"dmean2":10.0200052261,"dvar":72.9558258057,"dvar2":185.968490601,"max":122.447914124,"mean":32.6848526001,"median":33.4554748535,"min":1.21535754813e-16,"var":390.793273926},"melbands":{"dmean":[0.000594784971327,0.000857798440848,0.000365094543668,0.000278740655631,9.31698814384e-05,7.23560442566e-05,5.02560324094e-05,7.24302080926e-05,6.76336421748e-05,8.59102219692e-05,9.18030709727e-05,8.29291457194e-05,7.37102163839e-05,6.1669779825e-05,6.11281066085e-05,4.99958296132e-05,7.03259574948e-05,5.97027974436e-05,3.10151808662e-05,3.28650785377e-05,3.04421446344e-05,2.75007532764e-05,2.18208697333e-05,1.28882156787e-05,1.35962854984e-05,1.27925741253e-05,1.15580160127e-05,1.09301890916e-05,9.22734579945e-06,7.15836904419e-06,4.74053877042e-06,3.39099233315e-06,3.2507209653e-06,2.37489052779e-06,1.80927315796e-06,1.45763817727e-06,1.40767474477e-06,1.14862154987e-06,8.42835390813e-07,6.24739243449e-07],"dmean2":[0.000927290995605,0.00133917445783,0.000599114166107,0.000475271721371,0.000148001810885,0.000118202711747,7.76195374783e-05,0.000115940507385,0.00010801271128,0.000137119292049,0.000143618497532,0.000133241293952,0.000117419665912,9.87385501503e-05,9.72490452114e-05,8.02664435469e-05,0.000113243171654,9.77965755737e-05,5.02860384586e-05,5.38099520782e-05,5.03181836393e-05,4.5344215323e-05,3.58369434252e-05,2.15080981434e-05,2.23974293476e-05,2.11700389627e-05,1.92421284737e-05,1.83724096132e-05,1.57082595251e-05,1.21428829516e-05,8.21980120236e-06,5.84150575378e-06,5.56265877094e-06,4.03361718782e-06,2.99622365674e-06,2.30721843764e-06,2.20239394366e-06,1.76343223757e-06,1.30341959448e-06,9.39374672271e-07],"dvar":[2.81518782685e-06,4.15211979998e-06,3.33208873826e-07,5.08870698468e-07,2.76859424275e-08,1.40877656207e-08,7.9718338597e-09,1.25863257594e-08,2.00851175691e-08,3.80244600251e-08,3.12403116709e-08,2.57953924887e-08,1.62540860771e-08,1.02214956499e-08,1.06430446678e-08,7.7244806107e-09,1.60832769325e-08,1.1314710946e-08,3.64180552381e-09,3.29454730164e-09,2.59747356957e-09,2.02697858498e-09,1.39456635129e-09,3.21026316641e-10,5.24683740899e-10,3.99426325348e-10,2.81263595747e-10,2.44727710319e-10,1.98560501374e-10,1.2311539288e-10,8.62125509871e-11,5.68940831946e-11,5.63826971223e-11,2.51613833935e-11,1.21102216796e-11,7.82207632e-12,9.57130642104e-12,7.35267836199e-12,3.65307914127e-12,2.97638411313e-12],"dvar2":[6.1824111981e-06,9.34667241381e-06,9.26102472931e-07,1.42901353684e-06,6.66040094188e-08,3.72157771267e-08,1.90755820029e-08,3.10431360617e-08,4.97311667402e-08,9.16440328069e-08,7.10168919227e-08,6.30276630886e-08,4.0369748433e-08,2.55217802447e-08,2.65251962617e-08,1.89358964064e-08,4.0089485509e-08,2.80928418306e-08,8.39492031446e-09,7.68058061595e-09,6.75491529378e-09,5.00042940388e-09,3.34512750833e-09,8.16449297059e-10,1.20861898267e-09,1.03600428236e-09,7.10044301133e-10,6.67224109296e-10,5.45836154053e-10,3.42656458763e-10,2.46801218351e-10,1.57890658881e-10,1.60165061769e-10,6.9712881301e-11,3.18151859025e-11,1.79753330276e-11,2.04168973394e-11,1.46725236128e-11,7.13570738956e-12,6.06274188839e-12],"max":[0.0269410368055,0.0263333395123,0.00776545703411,0.00899296067655,0.00461082719266,0.00287806568667,0.00236738310196,0.00176407280378,0.00257340190001,0.00489498022944,0.00567736197263,0.00343623873778,0.00277954875492,0.00226485962048,0.00181892781984,0.0017300787149,0.00295253074728,0.00200082035735,0.00236084475182,0.00171766104177,0.00115660112351,0.00119550898671,0.000808893644717,0.000384352140827,0.000573698373046,0.000408382824389,0.000344876840245,0.000236878957367,0.000197606990696,0.000175624300027,0.000125487829791,0.00011416507914,9.48509114096e-05,6.09326052654e-05,6.46945482004e-05,6.38293640804e-05,7.73921856307e-05,6.19376733084e-05,4.29575011367e-05,4.13894958911e-05],"mean":[0.000800503592473,0.00166581536178,0.000919430458453,0.000433780514868,0.0001997169893,0.000146207792568,0.000101783552964,0.000146917926031,0.000120541255455,0.000148018225445,0.000165474761161,0.000149636063725,0.000139776690048,0.000120830933156,0.000111322260636,8.99721635506e-05,0.00012562260963,0.00010890061094,5.96829086135e-05,6.39101563138e-05,6.26181645202e-05,5.9430814872e-05,4.39894574811e-05,2.78080078715e-05,2.87300517812e-05,2.87674047286e-05,2.74244521279e-05,2.46002291533e-05,1.94943640963e-05,1.47288646986e-05,8.87333317223e-06,5.76906541028e-06,5.57450039196e-06,4.32226852354e-06,3.45847684002e-06,2.88512887892e-06,2.69628253591e-06,2.17019555748e-06,1.6360573909e-06,1.18979266972e-06],"median":[0.000264228467131,0.000955751631409,0.000708275882062,0.000260372646153,0.000121953416965,9.30162350414e-05,5.70320735278e-05,9.24573396333e-05,6.55074327369e-05,6.43009188934e-05,6.36852273601e-05,5.98662227276e-05,6.69285582262e-05,6.46637345199e-05,5.59031395824e-05,4.28986204497e-05,5.93674885749e-05,5.60513290111e-05,3.20203580486e-05,3.86367355532e-05,3.88449407183e-05,3.61344864359e-05,2.67863088084e-05,1.97213248612e-05,1.77595647983e-05,1.9805631382e-05,1.93726482394e-05,1.86644156202e-05,1.52762258949e-05,1.19909936984e-05,6.96073948347e-06,3.70948009731e-06,2.89058289127e-06,2.23611846195e-06,1.88229944342e-06,1.5898243646e-06,1.41611178606e-06,1.14039607979e-06,9.21408229715e-07,6.64321305521e-07],"min":[2.51585397382e-23,1.90123414099e-23,5.39882559024e-24,6.02241619152e-24,9.64255292255e-24,1.68914951771e-23,1.08970129447e-23,9.15741608761e-24,4.29774616051e-24,4.60704077208e-24,1.10864334364e-23,1.01406168211e-23,9.96905298489e-24,1.34049429685e-23,8.37823687228e-24,1.25122048592e-23,9.49316633293e-24,2.44499095369e-24,8.68240112695e-24,5.93375532552e-24,8.76297932411e-24,1.22345297649e-23,1.4185085383e-23,1.70733071054e-23,1.45224370159e-23,6.53748990338e-24,9.54115905268e-24,9.38136659886e-24,1.09033885185e-23,9.71463824321e-24,1.09366366391e-23,1.33052372609e-23,9.75761065216e-24,7.78146754178e-24,1.27500006682e-23,1.19978367835e-23,1.20408959671e-23,1.28459009108e-23,1.00146909548e-23,1.51622663189e-23],"var":[3.69279268853e-06,6.14887039774e-06,6.78379478813e-07,4.35922913766e-07,6.78559786138e-08,2.95591213728e-08,2.18577849154e-08,2.78936624909e-08,3.16457011706e-08,7.0754715864e-08,7.78658275635e-08,5.90921693799e-08,4.3650473458e-08,2.5461392994e-08,2.49219844761e-08,1.66177756e-08,3.40002301868e-08,2.53314240695e-08,1.13320872686e-08,9.25050613887e-09,6.3698135655e-09,6.29565910515e-09,3.46669448703e-09,8.63851434829e-10,1.55199841867e-09,1.05151498619e-09,8.53649595456e-10,6.37342012499e-10,3.64619889837e-10,2.005950267e-10,9.58476006896e-11,5.98414442998e-11,6.82615353131e-11,3.56105075983e-11,2.09641054516e-11,1.75693539578e-11,2.07030174254e-11,1.6202095221e-11,8.14394732207e-12,5.60829117521e-12]},"melbands_crest":{"dmean":2.54226660728,"dmean2":4.09825229645,"dvar":7.71340084076,"dvar2":19.0816192627,"max":28.8554821014,"mean":11.9653358459,"median":10.7736711502,"min":1.81418919563,"var":27.2565937042},"melbands_flatness_db":{"dmean":0.019914643839,"dmean2":0.0301279071718,"dvar":0.000585745903663,"dvar2":0.0012591391569,"max":0.417837798595,"mean":0.139659866691,"median":0.123395107687,"min":0.00503581762314,"var":0.00370492995717},"melbands_kurtosis":{"dmean":2.99133300781,"dmean2":4.64308023453,"dvar":59.4939193726,"dvar2":124.253089905,"max":219.351654053,"mean":4.90271043777,"median":1.52177166939,"min":-1.77263402939,"var":118.456604004},"melbands_skewness":{"dmean":0.486907988787,"dmean2":0.745727181435,"dvar":0.392500609159,"dvar2":0.8092020154,"max":12.1506738663,"mean":1.71340537071,"median":1.38916087151,"min":-0.761251211166,"var":1.67045962811},"melbands_spread":{"dmean":8.16077709198,"dmean2":12.979927063,"dvar":88.3110275269,"dvar2":214.950378418,"max":149.194473267,"mean":42.6543502808,"median":44.1120567322,"min":1.33404517174,"var":384.933624268},"mfcc":{"cov":[[5875.73876953,-1011.29473877,985.343017578,525.425964355,457.325073242,484.698944092,379.120819092,228.168533325,235.939361572,187.124938965,-48.3187828064,-20.4691257477,6.22213840485],[-1011.29473877,802.77935791,-189.45111084,39.1586608887,7.52416276932,-11.0567874908,23.8815555573,-6.61092185974,17.1644420624,-21.6783008575,44.252243042,20.2708511353,2.07677412033],[985.343017578,-189.45111084,1041.91796875,167.860015869,395.077667236,309.255310059,150.757141113,146.091491699,103.384353638,64.4687271118,46.7918167114,2.03532457352,51.540145874],[525.425964355,39.1586608887,167.860015869,403.728271484,206.702194214,135.422561646,105.522132874,39.0111198425,97.9619674683,33.3842658997,2.82857131958,27.3660163879,20.8257923126],[457.325073242,7.52416276932,395.077667236,206.702194214,388.294433594,174.685134888,83.8652877808,56.3546333313,98.0686187744,40.7414398193,9.56194972992,16.5158061981,19.3738880157],[484.698944092,-11.0567874908,309.255310059,135.422561646,174.685134888,232.613571167,119.648521423,63.8970184326,50.47498703,46.3185577393,28.0508403778,1.35445916653,17.9836769104],[379.120819092,23.8815555573,150.757141113,105.522132874,83.8652877808,119.648521423,225.114044189,88.7610244751,51.2131538391,25.4380836487,17.5179767609,11.9054403305,0.173042446375],[228.168533325,-6.61092185974,146.091491699,39.0111198425,56.3546333313,63.8970184326,88.7610244751,132.406417847,55.5401763916,21.8646888733,6.59948444366,2.19505882263,4.57014846802],[235.939361572,17.1644420624,103.384353638,97.9619674683,98.0686187744,50.47498703,51.2131538391,55.5401763916,131.177322388,47.2554931641,9.66704750061,9.08520317078,-3.80013442039],[187.124938965,-21.6783008575,64.4687271118,33.3842658997,40.7414398193,46.3185577393,25.4380836487,21.8646888733,47.2554931641,94.7227630615,36.5372390747,4.21822071075,3.27602577209],[-48.3187828064,44.252243042,46.7918167114,2.82857131958,9.56194972992,28.0508403778,17.5179767609,6.59948444366,9.66704750061,36.5372390747,79.3818511963,25.3775348663,9.60181903839],[-20.4691257477,20.2708511353,2.03532457352,27.3660163879,16.5158061981,1.35445916653,11.9054403305,2.19505882263,9.08520317078,4.21822071075,25.3775348663,70.9318084717,23.2549304962],[6.22213840485,2.07677412033,51.540145874,20.8257923126,19.3738880157,17.9836769104,0.173042446375,4.57014846802,-3.80013442039,3.27602577209,9.60181903839,23.2549304962,74.8897399902]],"icov":[[0.000323709013173,0.000376327720005,-9.58476084634e-05,-0.000248831609497,6.65592087898e-05,-0.00026619041455,-0.000245417380938,-1.19080805234e-05,-0.000130209213239,-0.000298257538816,0.000335512624588,-6.31905322734e-06,0.000111211113108],[0.000376327720005,0.00195273966528,0.00049300462706,-0.000322489679093,-0.00039344135439,-0.000471131934319,-0.000452092121122,-0.000122239755001,-0.000595951452851,0.000777773500886,-0.00119347230066,0.000340295111528,-0.000128523199237],[-9.58476084634e-05,0.00049300462706,0.00244997278787,0.00056531856535,-0.00181981467176,-0.00169448112138,0.000284891517367,-0.00129195174668,-8.89767179615e-05,0.000875893922057,-0.00146265642252,0.000800804933533,-0.000997115508653],[-0.000248831609497,-0.000322489679093,0.00056531856535,0.00445416197181,-0.00156678538769,-0.00121854618192,-0.000794392719399,0.0010112702148,-0.00194827769883,0.000501068891026,0.000664727820549,-0.00095746840816,-0.000868710980285],[6.65592087898e-05,-0.00039344135439,-0.00181981467176,-0.00156678538769,0.00628840457648,-0.00187256094068,0.000562569708563,0.000986339058727,-0.00201950944029,-0.000245488248765,0.00179971207399,-0.00131271616556,0.000540021399502],[-0.00026619041455,-0.000471131934319,-0.00169448112138,-0.00121854618192,-0.00187256094068,0.0111135840416,-0.00310359639116,-0.000199347094167,0.00192463898566,-0.00212505366653,-0.00167734338902,0.00209225458093,-0.00086880516028],[-0.000245417380938,-0.000452092121122,0.000284891517367,-0.000794392719399,0.000562569708563,-0.00310359639116,0.00811635144055,-0.00401068199426,9.89861582639e-05,0.000659188488498,-0.000543239526451,-0.00124183646403,0.00131497089751],[-1.19080805234e-05,-0.000122239755001,-0.00129195174668,0.0010112702148,0.000986339058727,-0.000199347094167,-0.00401068199426,0.0128529267386,-0.00438072066754,8.50686046761e-05,0.00109611090738,0.000148477804032,-0.000782733026426],[-0.000130209213239,-0.000595951452851,-8.89767179615e-05,-0.00194827769883,-0.00201950944029,0.00192463898566,9.89861582639e-05,-0.00438072066754,0.0142005439848,-0.00585571769625,0.00137947872281,-0.00122581946198,0.00213825702667],[-0.000298257538816,0.000777773500886,0.000875893922057,0.000501068891026,-0.000245488248765,-0.00212505366653,0.000659188488498,8.50686046761e-05,-0.00585571769625,0.017675081268,-0.00864811241627,0.00255442550406,-0.00092657195637],[0.000335512624588,-0.00119347230066,-0.00146265642252,0.000664727820549,0.00179971207399,-0.00167734338902,-0.000543239526451,0.00109611090738,0.00137947872281,-0.00864811241627,0.0208166148514,-0.00747874332592,0.000800228852313],[-6.31905322734e-06,0.000340295111528,0.000800804933533,-0.00095746840816,-0.00131271616556,0.00209225458093,-0.00124183646403,0.000148477804032,-0.00122581946198,0.00255442550406,-0.00747874332592,0.0193611755967,-0.0056899455376],[0.000111211113108,-0.000128523199237,-0.000997115508653,-0.000868710980285,0.000540021399502,-0.00086880516028,0.00131497089751,-0.000782733026426,0.00213825702667,-0.00092657195637,0.000800228852313,-0.0056899455376,0.016202038154]],"mean":[-604.448913574,96.6863555908,-23.5850448608,20.4691886902,1.52738034725,8.96984291077,6.0156826973,1.69922554493,1.5103136301,2.03818154335,-4.28043317795,0.803236365318,-4.07334566116]},"pitch_salience":{"dmean":0.0603495649993,"dmean2":0.0970644727349,"dvar":0.00389144639485,"dvar2":0.00866272952408,"max":0.869493365288,"mean":0.580943226814,"median":0.60085350275,"min":0.1081751436,"var":0.0122590856627},"silence_rate_20dB":{"dmean":0,"dmean2":0,"dvar":0,"dvar2":0,"max":1,"mean":1,"median":1,"min":1,"var":0},"silence_rate_30dB":{"dmean":0,"dmean2":0,"dvar":0,"dvar2":0,"max":1,"mean":1,"median":1,"min":1,"var":0},"silence_rate_60dB":{"dmean":0.00895140692592,"dmean2":0.0179047212005,"dvar":0.00887132436037,"dvar2":0.0186498891562,"max":1,"mean":0.0458177961409,"median":0,"min":0,"var":0.0437186993659},"spectral_centroid":{"dmean":214.714279175,"dmean2":342.80279541,"dvar":63705.9296875,"dvar2":157598.421875,"max":11261.0703125,"mean":2063.40161133,"median":2191.20874023,"min":312.696289063,"var":377837.71875},"spectral_complexity":{"dmean":4.03473997116,"dmean2":6.42395830154,"dvar":14.7563934326,"dvar2":34.5343475342,"max":60,"mean":32.1295700073,"median":35,"min":0,"var":172.146530151},"spectral_contrast_coeffs":{"dmean":[0.046233214438,0.0410154573619,0.0377516001463,0.0302838012576,0.0211887154728,0.0194798856974],"dmean2":[0.0765334516764,0.068639613688,0.0620005764067,0.0496940948069,0.0350010767579,0.0310629792511],"dvar":[0.00156201701611,0.00113367463928,0.000943291641306,0.000597438658588,0.000310662202537,0.000343585270457],"dvar2":[0.00429154606536,0.00312484009191,0.00252289278433,0.00158012437169,0.000802242313512,0.000816458370537],"max":[-0.364776551723,-0.517092823982,-0.513000249863,-0.561844527721,-0.562896132469,-0.611792087555],"mean":[-0.638856232166,-0.749775826931,-0.759934186935,-0.762737810612,-0.780735969543,-0.736403942108],"median":[-0.641488611698,-0.752757608891,-0.76554697752,-0.76740860939,-0.785173535347,-0.733435034752],"min":[-0.945654153824,-0.955207705498,-0.963244199753,-0.951906144619,-0.957482516766,-0.961228191853],"var":[0.00416243635118,0.00328969117254,0.00343103380874,0.00230562407523,0.00141726434231,0.0019554765895]},"spectral_contrast_valleys":{"dmean":[0.369718581438,0.315899819136,0.289375573397,0.244031220675,0.204076454043,0.228133261204],"dmean2":[0.613118052483,0.521702289581,0.466444313526,0.390610277653,0.319163113832,0.326792091131],"dvar":[0.107932828367,0.0846787169576,0.0773736909032,0.0666666775942,0.0694497600198,0.110856220126],"dvar2":[0.27014669776,0.192019939423,0.166568428278,0.131070062518,0.123618118465,0.198013886809],"max":[-5.59290456772,-5.08305597305,-5.14427947998,-5.60801315308,-5.56643247604,-7.6239066124],"mean":[-7.55818891525,-6.84648561478,-6.97876262665,-7.10026454926,-6.88920402527,-9.70960140228],"median":[-7.14928817749,-6.69902276993,-6.84779691696,-6.88815689087,-6.52320718765,-9.329621315],"min":[-27.7077960968,-27.3650379181,-27.525592804,-27.5223369598,-27.3230228424,-27.2423152924],"var":[2.50294446945,0.920920491219,1.02864134312,0.987500429153,1.28632962704,1.54832816124]},"spectral_decrease":{"dmean":1.31568522743e-09,"dmean2":2.05190775482e-09,"dvar":4.03156415466e-18,"dvar2":8.25451556919e-18,"max":2.04239824143e-15,"mean":-5.89291415665e-09,"median":-5.73450043007e-09,"min":-3.33638681127e-08,"var":1.11686265451e-17},"spectral_energy":{"dmean":0.00523832021281,"dmean2":0.00812772940844,"dvar":5.79177722102e-05,"dvar2":0.000118698109873,"max":0.127325415611,"mean":0.0252058058977,"median":0.0251466128975,"min":1.10703544316e-20,"var":0.000186171819223},"spectral_energyband_high":{"dmean":0.000651216483675,"dmean2":0.00107042712625,"dvar":1.3316988543e-06,"dvar2":3.58762849828e-06,"max":0.0130431475118,"mean":0.00183384015691,"median":0.00154128775466,"min":7.95657680293e-21,"var":2.65761605078e-06},"spectral_energyband_low":{"dmean":0.00347175914794,"dmean2":0.00535202492028,"dvar":6.35093529127e-05,"dvar2":0.000126943123178,"max":0.124012082815,"mean":0.00758753716946,"median":0.0047972695902,"min":1.25799131063e-22,"var":0.000109105560114},"spectral_energyband_middle_high":{"dmean":0.00207916996442,"dmean2":0.00329443230294,"dvar":4.89382819069e-06,"dvar2":1.18309444588e-05,"max":0.0404092334211,"mean":0.0100339520723,"median":0.0092057865113,"min":1.55547204541e-21,"var":4.66490928375e-05},"spectral_energyband_middle_low":{"dmean":0.00223097461276,"dmean2":0.00365059287287,"dvar":1.19914529932e-05,"dvar2":3.22977066389e-05,"max":0.0453322827816,"mean":0.00691823894158,"median":0.00607151398435,"min":2.6058405679e-22,"var":2.31004050875e-05},"spectral_entropy":{"dmean":0.0961106419563,"dmean2":0.144739061594,"dvar":0.0142791615799,"dvar2":0.0289138983935,"max":9.78900814056,"mean":7.84590435028,"median":7.93994522095,"min":6.47488260269,"var":0.127288267016},"spectral_flux":{"dmean":0.0179713349789,"dmean2":0.0286662448198,"dvar":0.000466379366117,"dvar2":0.00111388077494,"max":0.264618963003,"mean":0.0820808559656,"median":0.0825678780675,"min":1.05215752777e-10,"var":0.00152279308531},"spectral_kurtosis":{"dmean":1.20535075665,"dmean2":2.05754709244,"dvar":2.69328808784,"dvar2":8.09721755981,"max":27.2368812561,"mean":3.63993811607,"median":3.09539151192,"min":-1.18552160263,"var":5.31002998352},"spectral_rms":{"dmean":0.00047329562949,"dmean2":0.000726953556295,"dvar":3.47517612909e-07,"dvar2":6.89968771894e-07,"max":0.0111453989521,"mean":0.00474190060049,"median":0.00495310826227,"min":3.28638787191e-12,"var":2.10559142033e-06},"spectral_rolloff":{"dmean":539.129821777,"dmean2":888.222290039,"dvar":684550.75,"dvar2":1526830.625,"max":21877.734375,"mean":2601.96557617,"median":2519.38476563,"min":86.1328125,"var":3242703.75},"spectral_skewness":{"dmean":0.172047868371,"dmean2":0.284403860569,"dvar":0.03449068591,"dvar2":0.0930609554052,"max":3.38697767258,"mean":1.26403129101,"median":1.20868945122,"min":-0.0246486645192,"var":0.129309684038},"spectral_spread":{"dmean":386008.84375,"dmean2":556856.5625,"dvar":330869800960,"dvar2":572192587776,"max":39713880,"mean":4348125.5,"median":4214211,"min":1598098.5,"var":3780206395390.0},"spectral_strongpeak":{"dmean":0.706489503384,"dmean2":1.22712051868,"dvar":1.44302892685,"dvar2":3.67368841171,"max":11.532626152,"mean":1.06844139099,"median":0.469534486532,"min":2.59449306483e-09,"var":2.18328356743},"zerocrossingrate":{"dmean":0.00981869921088,"dmean2":0.0114104710519,"dvar":0.000161131029017,"dvar2":0.000165642195498,"max":0.89404296875,"mean":0.0881178304553,"median":0.0869140625,"min":0.00634765625,"var":0.00353031465784}},"metadata":{"audio_properties":{"analysis_sample_rate":44100,"bit_rate":320000,"codec":"mp3","downmix":"mix","equal_loudness":0,"length":217.88734436,"lossless":false,"md5_encoded":"d3708d6386fefbbffc9d8a3b18ab5cf7","replay_gain":-16.3112068176,"sample_rate":44100},"tags":{"acoustid_id":["25e2b479-b655-431f-aaa7-4097764796ae"],"album":["The Arockalypse"],"albumartist":["Lordi"],"albumartistsort":["Lordi"],"artist":["Lordi"],"artistsort":["Lordi"],"date":[""],"discnumber":["1/1"],"file_name":"04 It Snows in Hell.mp3","genre":[""],"isrc":["FIBAR0600114"],"musicbrainz album status":["promotion"],"musicbrainz album type":["album"],"musicbrainz_albumartistid":["b5b4ba6e-6e34-4669-a33b-0d813b4c3d83"],"musicbrainz_albumid":["dd1f50dd-37c6-413e-beed-71246f405da4"],"musicbrainz_artistid":["b5b4ba6e-6e34-4669-a33b-0d813b4c3d83"],"musicbrainz_recordingid":["3a38ee98-acc9-4641-93a6-40004576d82e"],"musicbrainz_releasegroupid":["fa5d429b-6a17-35c3-ba27-2185e8a60bb2"],"originaldate":["2006"],"script":["Latn"],"title":["It Snows in Hell"],"tracknumber":["4/10"]},"version":{"essentia":"2.1-beta2","essentia_build_sha":"2d9f1f26377add8aeb1075a9c2973f962c4f09fd","essentia_git_sha":"v2.1_beta2-1-ge3940c0","extractor":"music 1.0"}},"rhythm":{"beats_count":333,"beats_loudness":{"dmean":0.0159988254309,"dmean2":0.0297780074179,"dvar":0.000272114149993,"dvar2":0.000779498193879,"max":0.0908345207572,"mean":0.0332702882588,"median":0.0312100406736,"min":7.90015519669e-09,"var":0.000317549071042},"beats_loudness_band_ratio":{"dmean":[0.254817277193,0.120898604393,0.0953270122409,0.114967726171,0.105446502566,0.0839623212814],"dmean2":[0.463150948286,0.227260366082,0.162040814757,0.199444517493,0.187670409679,0.154639810324],"dvar":[0.0448541715741,0.00982470717281,0.00941052194685,0.00743217999116,0.0108729302883,0.00509885372594],"dvar2":[0.150038585067,0.030770463869,0.0271585155278,0.0227871071547,0.0297704562545,0.0121069774032],"max":[0.959603726864,0.450871169567,0.8068125844,0.573898732662,0.587879121304,0.992397427559],"mean":[0.374898701906,0.1091478616,0.125621497631,0.16557970643,0.155544400215,0.119389474392],"median":[0.326392173767,0.0681920051575,0.090982735157,0.1388