{"lowlevel":{"average_loudness":0.939501643181,"barkbands":{"dmean":[5.30129291292e-05,0.00453639123589,0.00311969034374,0.000779040798079,0.00140438217204,0.000333855656208,0.000234516919591,0.000194336593268,0.000357207580237,0.00026634891401,0.000345021020621,0.000373066286556,0.000691217486747,0.000791346945334,0.000636462005787,0.000595088640694,0.000624314765446,0.000348281901097,0.000369783549104,0.000272387405857,0.000301541032968,0.000220934613026,0.000219921799726,0.000133301233291,0.000117476876767,6.46694170428e-05,7.52675668991e-06],"dmean2":[7.35722205718e-05,0.00756246224046,0.0050639170222,0.00129108631518,0.00241047772579,0.000532775651664,0.000377723568818,0.000315933779348,0.000580124906264,0.000429244275438,0.000555556849577,0.000608820468187,0.00111832807306,0.00129819265567,0.00104291271418,0.000962159305345,0.00101241783705,0.00057093356736,0.000618503487203,0.000467568897875,0.000521582434885,0.000380416371627,0.000385854043998,0.000211631762795,0.000180816219654,9.81200355454e-05,1.14538770504e-05],"dvar":[1.51126293702e-08,7.49592509237e-05,2.8020434911e-05,1.33933144753e-06,1.17460649562e-05,3.82509568908e-07,2.29516231798e-07,1.57288653213e-07,4.11826874824e-07,1.93010933458e-07,4.00982145266e-07,4.58926905367e-07,1.6912325691e-06,1.95068537323e-06,1.17316733395e-06,8.00612610874e-07,9.22340461784e-07,2.32194736327e-07,2.95616075618e-07,1.50458419057e-07,2.51964650033e-07,2.0031495751e-07,2.61920433786e-07,1.19529076414e-07,1.6718698248e-07,4.15445100543e-08,2.49815085285e-10],"dvar2":[2.58106460649e-08,0.000194205262233,7.32010157662e-05,3.61126217285e-06,3.22278174281e-05,9.60866941568e-07,5.46130820567e-07,3.85201673225e-07,1.07025709895e-06,4.85428415686e-07,9.87650196294e-07,1.17723391213e-06,4.42281816504e-06,5.16464160683e-06,3.0679880183e-06,1.9741696633e-06,2.33115497394e-06,5.97783639478e-07,7.86501232142e-07,4.18297986471e-07,7.09828441359e-07,5.6084775224e-07,7.52852713504e-07,2.72412307822e-07,3.73851605673e-07,8.15792589037e-08,5.82567105667e-10],"max":[0.0019492811989,0.109878003597,0.0882760286331,0.025586431846,0.0540366396308,0.00925619062036,0.0118509661406,0.010323446244,0.0123102199286,0.00872035138309,0.0164794083685,0.013767930679,0.0262666270137,0.0272037591785,0.0224324204028,0.0136644244194,0.0217517390847,0.00951695721596,0.0115833375603,0.00422897702083,0.00620928360149,0.00977609772235,0.00868922844529,0.0124743580818,0.0148116098717,0.0111470622942,0.00045919342665],"mean":[6.27289773547e-05,0.00744760781527,0.00632460322231,0.00136887910776,0.00171263830271,0.000519232125953,0.000356752832886,0.00028931882116,0.000594893703237,0.0004485900281,0.000546874303836,0.000651027075946,0.00128256517928,0.00143928581383,0.00118796806782,0.00114064104855,0.0012015113607,0.000714208232239,0.000761298579164,0.000548813026398,0.000567456823774,0.00037732871715,0.000361807673471,0.000280537555227,0.000255281978752,0.000125367703731,1.20381446322e-05],"median":[1.0197384654e-05,0.00392646249384,0.0040943888016,0.000911728828214,0.000886500813067,0.00027361777029,0.000165874094819,0.000123627745779,0.000251145567745,0.000237909058342,0.000220943940803,0.000294853845844,0.000407997809816,0.000640817102976,0.00053458759794,0.000701524317265,0.000759359565563,0.000558709260076,0.000568996823858,0.000437757757027,0.000452877226053,0.000239583023358,0.000219314795686,0.000185798038729,0.000179117632797,6.80017401464e-05,4.16732427766e-06],"min":[2.25418044963e-23,2.9521491169e-23,4.84165826048e-24,1.09119350375e-23,7.53145953489e-23,7.16052514657e-23,1.23703828146e-22,4.75485342642e-23,4.40507754976e-23,9.21271018836e-23,5.474550794e-23,1.41504405053e-22,1.01774845511e-22,3.54757975044e-23,1.17562173657e-22,1.07331909893e-22,2.09822233313e-22,1.97452755479e-22,2.85514838186e-22,3.62146225401e-22,7.51967256457e-22,3.90689156705e-22,7.8998858504e-22,9.06290562867e-22,1.24040014158e-21,1.78777216971e-21,2.19964954972e-21],"var":[2.39659154744e-08,0.000108085609099,5.641577809e-05,2.39498740484e-06,9.36822561926e-06,5.42533939552e-07,3.85566011118e-07,3.63853075669e-07,8.47529179282e-07,4.05703843853e-07,9.13672749903e-07,1.07865309928e-06,4.59397597297e-06,4.66718029202e-06,2.66633378487e-06,1.86748388842e-06,2.10890038943e-06,5.01351280491e-07,6.42218594749e-07,2.65060265292e-07,3.08301849827e-07,2.29150302289e-07,2.48662189506e-07,2.49857833978e-07,2.91893456961e-07,8.87789184389e-08,4.18757112319e-10]},"barkbands_crest":{"dmean":2.58692312241,"dmean2":4.23745155334,"dvar":6.67221975327,"dvar2":17.2767505646,"max":25.6887683868,"mean":9.21617031097,"median":8.04935646057,"min":2.31168961525,"var":20.4853248596},"barkbands_flatness_db":{"dmean":0.0198625661433,"dmean2":0.0305324941874,"dvar":0.000503124494571,"dvar2":0.00112247373909,"max":0.439861565828,"mean":0.101099736989,"median":0.0817966759205,"min":0.0196337886155,"var":0.00332367024384},"barkbands_kurtosis":{"dmean":3.00131583214,"dmean2":4.71369552612,"dvar":142.145675659,"dvar2":328.227233887,"max":497.632415771,"mean":3.27112364769,"median":-0.79108607769,"min":-1.97319078445,"var":303.399780273},"barkbands_skewness":{"dmean":0.57395786047,"dmean2":0.887785553932,"dvar":0.570719540119,"dvar2":1.32242834568,"max":20.2188949585,"mean":0.902088224888,"median":0.507490038872,"min":-6.11817359924,"var":2.97885012627},"barkbands_spread":{"dmean":7.3245306015,"dmean2":11.77759552,"dvar":67.0973892212,"dvar2":163.116516113,"max":123.106758118,"mean":39.069278717,"median":41.1049842834,"min":0.39192378521,"var":266.624847412},"dissonance":{"dmean":0.00805849395692,"dmean2":0.0139332069084,"dvar":0.000203476956813,"dvar2":0.000592089141719,"max":0.500000059605,"mean":0.487644940615,"median":0.491205990314,"min":0.165286272764,"var":0.000296227983199},"dynamic_complexity":3.79615163803,"erbbands":{"dmean":[0.0842550322413,1.20161128044,3.5402264595,2.72805595398,3.33887410164,5.65226173401,2.69112682343,3.03594207764,3.07233691216,3.55650162697,4.69342851639,8.51536083221,7.27826356888,9.06889438629,14.2982006073,16.5785999298,29.9987316132,35.1590118408,37.0322151184,28.3829154968,32.3573150635,33.2001914978,20.1782550812,19.5332679749,15.1363382339,12.9657211304,13.4826927185,10.2081079483,7.86145544052,7.8833193779,5.81486797333,2.99794077873,2.28672242165,1.47335493565,0.831512093544,0.380562514067,0.0976791679859,0.0175967477262,0.00132232834585,3.52695751644e-05],"dmean2":[0.137144178152,2.00890135765,5.7260684967,4.53581285477,5.57616996765,9.88784790039,4.47718000412,4.88906002045,4.93591928482,5.8008646965,7.58745956421,13.7777090073,11.8719482422,14.4133415222,22.9160766602,26.7994174957,48.4838981628,57.5754699707,60.5536575317,46.0617179871,52.2206077576,53.6096420288,33.1599617004,32.1801834106,25.7724990845,22.211265564,23.4689445496,17.44298172,13.4614114761,13.7278528214,10.1824531555,4.87327718735,3.64995408058,2.29747605324,1.29538857937,0.587266027927,0.149130046368,0.0264393463731,0.00201783981174,5.33010206709e-05],"dvar":[0.0355131216347,4.92760133743,33.5510215759,18.0615272522,44.0306854248,197.001586914,28.1561203003,32.9235420227,35.5113334656,56.6667518616,98.0404663086,245.798355103,196.307250977,270.559295654,644.85748291,888.730407715,3314.12402344,3984.76074219,4661.03173828,1935.27966309,2528.6105957,2828.70166016,748.58795166,852.522033691,460.012390137,345.850616455,545.009155273,261.333099365,251.300598145,296.373962402,179.698654175,45.2796630859,40.1041107178,22.5220928192,8.77802848816,1.79022181034,0.0789424479008,0.00164553511422,8.90686897037e-06,5.8590439167e-09],"dvar2":[0.0852840766311,12.9688272476,88.3711471558,49.3628311157,118.740318298,550.807189941,74.2073059082,84.315574646,86.812461853,139.109344482,238.801315308,643.507568359,513.958557129,649.863891602,1590.5234375,2287.31640625,8686.17480469,10563.7207031,12149.5898438,4956.48925781,6204.38134766,7173.25195312,1941.62768555,2187.54760742,1291.2668457,960.457763672,1542.9753418,725.393859863,703.760681152,835.010803223,514.164001465,103.167633057,92.1162643433,49.3731040955,20.0373725891,3.7000746727,0.153567031026,0.00356751610525,2.12404011108e-05,1.38030751273e-08],"max":[2.52278542519,28.0890598297,95.2174606323,87.4511947632,116.39453125,199.417785645,99.5285644531,90.0650482178,120.154449463,180.051589966,284.366363525,337.910797119,300.339416504,503.873962402,546.409301758,656.901916504,1171.96533203,1237.30102539,1392.60205078,702.965820312,772.116027832,1414.58276367,470.108062744,563.337524414,301.846405029,217.648376465,224.626602173,226.903930664,409.147918701,326.542419434,209.113143921,183.281387329,268.187652588,173.457946777,130.034515381,69.5193939209,15.3680200577,1.7156547308,0.101152040064,0.00275784474798],"mean":[0.114370554686,2.04525542259,7.61157178879,5.37270116806,5.06493473053,6.22778511047,4.03184700012,4.51347780228,4.76120662689,5.58053684235,7.77570962906,14.2906942368,12.6416463852,16.1585559845,24.7645263672,33.0165786743,58.4726142883,68.4806747437,71.2132034302,58.9258117676,65.6747436523,66.9613265991,44.2684135437,41.09715271,32.1263160706,26.3830757141,23.7203636169,20.2021083832,13.4704208374,12.9021291733,9.6297121048,6.21061182022,4.47305583954,3.05666732788,1.71246707439,0.748920142651,0.180313378572,0.0303639657795,0.00212865346111,9.00090963114e-05],"median":[0.0392666868865,1.19632816315,5.35614299774,4.01132392883,3.29696202278,2.85068798065,2.28255367279,2.27213096619,2.34215641022,2.72021436691,3.75329828262,6.29160451889,6.21048927307,8.30486488342,10.9106674194,15.1765785217,19.4041957855,30.5630187988,32.8468551636,34.0227737427,42.5630149841,44.0626907349,35.0195541382,30.7344932556,26.6021728516,21.4402122498,18.4353027344,15.8405447006,8.66318893433,7.52694511414,5.9885969162,4.17708396912,2.83698511124,2.07353210449,1.16374051571,0.451174914837,0.0839588940144,0.0119848940521,0.000740500516258,6.91200984875e-05],"min":[1.63633935063e-21,3.77543245366e-21,4.86748211446e-21,2.57731319672e-20,1.84685597642e-19,1.93349629549e-19,4.22033519735e-19,6.75684551315e-19,1.04504416607e-18,2.04100012587e-18,9.61014920147e-19,7.72715008517e-19,2.19631734795e-18,2.91903208017e-18,3.09721795105e-18,5.56300013689e-18,4.82743349948e-18,2.33709108049e-18,4.00858838596e-18,6.05726205958e-18,7.00021280272e-18,1.08777484827e-17,1.16400334675e-17,1.30906650708e-17,1.46100990759e-17,1.7840601673e-17,3.13246118046e-17,2.21875168557e-17,1.56795178765e-17,2.15518368268e-17,2.01782670237e-17,1.43735551992e-17,1.7351261475e-17,1.09135116365e-17,1.074820869e-17,7.0290342568e-18,3.5061245539e-18,1.03188237836e-18,3.45464098768e-19,3.36427958369e-20],"var":[0.0446870662272,7.20503664017,69.1659545898,29.4334926605,42.7322692871,148.88583374,33.5286636353,44.3662223816,56.8571853638,96.5535125732,240.274291992,480.938842773,366.41027832,596.397644043,1492.73168945,2449.32250977,8981.86425781,10084.28125,10368.6318359,4923.33544922,5891.33056641,6463.43310547,1797.63342285,1906.51953125,883.869995117,604.485778809,605.506408691,374.683197021,287.986938477,315.626983643,173.892654419,96.9931030273,76.4916534424,40.3853340149,14.4993247986,3.54123234749,0.178816229105,0.00303613510914,1.40761676448e-05,9.9529051667e-09]},"erbbands_crest":{"dmean":2.30618238449,"dmean2":3.84007740021,"dvar":4.99300575256,"dvar2":13.0775661469,"max":32.9918518066,"mean":7.80535173416,"median":7.04375648499,"min":1.89535200596,"var":12.6034183502},"erbbands_flatness_db":{"dmean":0.0144663276151,"dmean2":0.0216236468405,"dvar":0.000202690949664,"dvar2":0.00041350608808,"max":0.490904033184,"mean":0.133605122566,"median":0.129278212786,"min":0.0355906113982,"var":0.00202239514329},"erbbands_kurtosis":{"dmean":1.02428638935,"dmean2":1.64607715607,"dvar":1.94716012478,"dvar2":4.83738803864,"max":35.4655723572,"mean":1.31454896927,"median":0.987452983856,"min":-1.80284941196,"var":4.33007478714},"erbbands_skewness":{"dmean":0.319083243608,"dmean2":0.493908256292,"dvar":0.11837862432,"dvar2":0.265591204166,"max":3.79025959969,"mean":-0.420498073101,"median":-0.482421815395,"min":-3.98803758621,"var":0.464811593294},"erbbands_spread":{"dmean":8.29701137543,"dmean2":12.8289051056,"dvar":96.2275085449,"dvar2":215.937530518,"max":184.056762695,"mean":37.6745109558,"median":31.1423988342,"min":0.69355660677,"var":523.610412598},"gfcc":{"cov":[[20246.0683594,1300.07971191,-386.186920166,1255.92565918,-104.781867981,464.619720459,-444.724121094,285.615875244,-349.210510254,234.407806396,-242.785171509,75.9935913086,-376.190643311],[1300.07971191,1463.16552734,-242.632736206,33.2167396545,135.102645874,-10.3491868973,34.5329322815,-55.7580947876,0.0327899828553,-48.4216346741,-15.7928857803,-86.8020477295,76.6830749512],[-386.186920166,-242.632736206,941.793212891,225.891738892,177.720397949,21.034280777,-27.311630249,37.2500648499,5.75865602493,13.3914470673,-58.7847518921,55.5444717407,-50.6587753296],[1255.92565918,33.2167396545,225.891738892,565.455932617,122.966400146,70.9600524902,-14.4873971939,54.9393043518,1.26831424236,10.5183382034,3.42756819725,8.01752853394,-30.4071712494],[-104.781867981,135.102645874,177.720397949,122.966400146,341.190643311,68.1784667969,68.6848754883,31.4496059418,-15.679693222,29.0507450104,-3.76143693924,-0.649949729443,-8.40283870697],[464.619720459,-10.3491868973,21.034280777,70.9600524902,68.1784667969,212.205780029,44.5112762451,24.4223251343,-7.55833244324,31.6579647064,17.6276073456,-7.41875743866,-22.5410461426],[-444.724121094,34.5329322815,-27.311630249,-14.4873971939,68.6848754883,44.5112762451,157.344589233,44.3696327209,18.3523578644,3.93355941772,18.6248950958,-14.3811120987,9.04888629913],[285.615875244,-55.7580947876,37.2500648499,54.9393043518,31.4496059418,24.4223251343,44.3696327209,141.932479858,44.2222938538,14.5685958862,-2.07090950012,-0.716862142086,-11.3454532623],[-349.210510254,0.0327899828553,5.75865602493,1.26831424236,-15.679693222,-7.55833244324,18.3523578644,44.2222938538,114.622711182,18.190612793,4.4003944397,-10.8313550949,13.111125946],[234.407806396,-48.4216346741,13.3914470673,10.5183382034,29.0507450104,31.6579647064,3.93355941772,14.5685958862,18.190612793,85.9199829102,18.9580574036,0.160312309861,-12.2053585052],[-242.785171509,-15.7928857803,-58.7847518921,3.42756819725,-3.76143693924,17.6276073456,18.6248950958,-2.07090950012,4.4003944397,18.9580574036,79.845954895,17.6115570068,1.99288642406],[75.9935913086,-86.8020477295,55.5444717407,8.01752853394,-0.649949729443,-7.41875743866,-14.3811120987,-0.716862142086,-10.8313550949,0.160312309861,17.6115570068,76.0184936523,1.81363379955],[-376.190643311,76.6830749512,-50.6587753296,-30.4071712494,-8.40283870697,-22.5410461426,9.04888629913,-11.3454532623,13.111125946,-12.2053585052,1.99288642406,1.81363379955,72.7629470825]],"icov":[[0.000149482744746,-0.000232847669395,0.000179955502972,-0.00031780792051,0.000294556346489,-0.00025677823578,0.00032558341627,-0.000485527969431,0.000555812264793,-0.000664591090754,0.000779009831604,-0.000593738688622,0.000630815222394],[-0.000232847669395,0.00126600102521,-1.19526121125e-05,0.000358878111001,-0.0010369149968,0.000452887412393,-0.000419079937274,0.00113041652367,-0.00103082007263,0.00154577766079,-0.0011627341155,0.00177610910032,-0.00171485927422],[0.000179955502972,-1.19526121125e-05,0.00180816627108,-0.000828666496091,-0.000503431016114,-0.000213984836591,0.000610648770817,-0.000386021449231,0.000116503702884,-0.000722807308193,0.00233038282022,-0.00189665751532,0.00143621570896],[-0.00031780792051,0.000358878111001,-0.000828666496091,0.00294678192586,-0.00117194536142,-4.03103804274e-05,0.00019855343271,0.000126944025396,-0.00115608645137,0.00185042771045,-0.00239385012537,0.00145613437053,-0.00097154424293],[0.000294556346489,-0.0010369149968,-0.000503431016114,-0.00117194536142,0.00513160694391,-0.00103441788815,-0.00135694269557,-0.00128932564985,0.0024340308737,-0.00304574333131,0.00200600572862,-0.00144944817293,0.00104699202348],[-0.00025677823578,0.000452887412393,-0.000213984836591,-4.03103804274e-05,-0.00103441788815,0.00632122438401,-0.00196192204021,0.000600493396632,-0.000119166790682,-0.000498515553772,-0.0020575041417,0.00163393642288,0.000159196380991],[0.00032558341627,-0.000419079937274,0.000610648770817,0.00019855343271,-0.00135694269557,-0.00196192204021,0.00976277608424,-0.0036712307483,0.000556628569029,0.000188778649317,-0.000867351482157,0.000617431476712,2.1780075258e-05],[-0.000485527969431,0.00113041652367,-0.000386021449231,0.000126944025396,-0.00128932564985,0.000600493396632,-0.0036712307483,0.0113442484289,-0.00550469662994,0.00177627138328,-0.000900447077584,0.000934052979574,-0.000363496190403],[0.000555812264793,-0.00103082007263,0.000116503702884,-0.00115608645137,0.0024340308737,-0.000119166790682,0.000556628569029,-0.00550469662994,0.0135820973665,-0.00523988995701,0.00203014491126,-0.000145344049088,-0.00050369935343],[-0.000664591090754,0.00154577766079,-0.000722807308193,0.00185042771045,-0.00304574333131,-0.000498515553772,0.000188778649317,0.00177627138328,-0.00523988995701,0.0176161509007,-0.00702163856477,0.00360811967403,-0.00104616384488],[0.000779009831604,-0.0011627341155,0.00233038282022,-0.00239385012537,0.00200600572862,-0.0020575041417,-0.000867351482157,-0.000900447077584,0.00203014491126,-0.00702163856477,0.0205401424319,-0.00845196098089,0.00354120205157],[-0.000593738688622,0.00177610910032,-0.00189665751532,0.00145613437053,-0.00144944817293,0.00163393642288,0.000617431476712,0.000934052979574,-0.000145344049088,0.00360811967403,-0.00845196098089,0.019327076152,-0.00486463168636],[0.000630815222394,-0.00171485927422,0.00143621570896,-0.00097154424293,0.00104699202348,0.000159196380991,2.1780075258e-05,-0.000363496190403,-0.00050369935343,-0.00104616384488,0.00354120205157,-0.00486463168636,0.0194561686367]],"mean":[20.9310245514,43.8975486755,-116.261421204,46.7916564941,-36.8871421814,28.0262413025,-37.5013389587,11.4187955856,-27.2587814331,4.39135408401,-22.9781551361,-1.20480501652,-15.3610401154]},"hfc":{"dmean":9.77658653259,"dmean2":15.6926527023,"dvar":238.264831543,"dvar2":601.850585938,"max":333.940032959,"mean":37.3698883057,"median":36.6080932617,"min":1.19557244667e-16,"var":651.093505859},"melbands":{"dmean":[0.00102479523048,0.00168539665174,0.000445164710982,0.000361941143638,0.000114554117317,6.52770977467e-05,4.68937250844e-05,3.8667665649e-05,4.37582748418e-05,5.250261529e-05,3.69583140127e-05,3.75251365767e-05,4.73940672236e-05,3.94301387132e-05,7.18934825272e-05,5.74149271415e-05,7.47841695556e-05,6.7243759986e-05,4.3104053475e-05,4.17731389462e-05,4.07995903515e-05,3.99838827434e-05,2.60482229351e-05,1.58173716045e-05,1.77392448677e-05,1.35516174851e-05,1.02793846963e-05,8.80855714058e-06,9.63865477388e-06,7.35342428015e-06,6.02490308665e-06,4.64110144094e-06,4.66817436973e-06,4.81126789964e-06,4.17002866016e-06,2.05536184694e-06,1.91920639736e-06,1.81818745659e-06,1.34065203383e-06,1.34808612984e-06],"dmean2":[0.00170931464527,0.00273467693478,0.000731327570975,0.000622822204605,0.000193464104086,0.000104522376205,7.52471023588e-05,6.31611255812e-05,7.08947263774e-05,8.4980718384e-05,6.03810985922e-05,5.99595950916e-05,7.63779244153e-05,6.29867136013e-05,0.000118483236292,9.23903644434e-05,0.000123109755805,0.000111116052722,7.09082160029e-05,6.81926758261e-05,6.62145757815e-05,6.49823705317e-05,4.25225989602e-05,2.62541379925e-05,2.93126558972e-05,2.29200340982e-05,1.76736939466e-05,1.51095937326e-05,1.6897720343e-05,1.25863916765e-05,1.03615811895e-05,7.96443873696e-06,8.11231529951e-06,8.42445479066e-06,7.41196708987e-06,3.4220327052e-06,3.09997358272e-06,2.93613948088e-06,2.12484974327e-06,2.11707356357e-06],"dvar":[4.45254272563e-06,6.96543474987e-06,4.27329410968e-07,8.08187962775e-07,5.50505916408e-08,1.47970729003e-08,8.28314750123e-09,5.73037439722e-09,7.47711048632e-09,9.10003894461e-09,5.05175501431e-09,4.52594806077e-09,7.52272377724e-09,4.77964112733e-09,1.82971060525e-08,1.16909140147e-08,1.90707218906e-08,1.59827067137e-08,5.07814013062e-09,3.93896915085e-09,4.35459268644e-09,4.77464556781e-09,1.32088295857e-09,5.11202913334e-10,7.54797169211e-10,4.09388078992e-10,2.00610722478e-10,1.59238650044e-10,2.97752350553e-10,1.14450254829e-10,1.02554617576e-10,7.95009127974e-11,1.07799283389e-10,1.10734463266e-10,1.05305597575e-10,1.70525919774e-11,2.30126924461e-11,2.64483920875e-11,1.32547202381e-11,2.19835573356e-11],"dvar2":[1.14419844977e-05,1.81537780009e-05,1.15824718705e-06,2.22553057938e-06,1.50334486193e-07,3.74665383163e-08,1.99215861585e-08,1.42140175186e-08,1.84076238696e-08,2.40412507679e-08,1.32372539596e-08,1.08662945308e-08,1.8664213286e-08,1.19184830893e-08,4.87143623218e-08,2.86407857431e-08,5.16081435364e-08,4.18825756299e-08,1.29143353789e-08,9.81413172951e-09,1.07670441452e-08,1.23319567891e-08,3.35402350338e-09,1.31731259234e-09,1.94913063467e-09,1.10892106608e-09,5.59992496818e-10,4.42085201779e-10,8.38673241965e-10,3.14667958357e-10,2.88431056816e-10,2.23286930612e-10,3.00021507638e-10,3.1435182235e-10,3.0641908455e-10,4.09632085197e-11,5.50313336567e-11,6.31656046912e-11,2.96420110679e-11,4.97902274965e-11],"max":[0.0268576703966,0.0386460572481,0.0126064540818,0.0150398928672,0.00375679763965,0.00200588814914,0.00183650467079,0.0015819168184,0.00223318324424,0.00215030298568,0.00148008950055,0.00199437560514,0.00245438260026,0.00194907700643,0.00245843501762,0.00335207185708,0.00283941836096,0.0022502487991,0.00165265181568,0.000990777392872,0.00107856304385,0.00199717096984,0.000710873573553,0.000408644322306,0.000540225533769,0.000368914799765,0.000206593482289,0.000152146676555,0.000158533759532,0.000143263838254,0.000140238335007,0.000232615726418,0.000196504188352,0.000199634829187,0.000163485514349,0.000114400347229,0.000136251270305,0.000215400476009,0.000144873265526,0.000191843282664],"mean":[0.00154924311209,0.00365344807506,0.000962771766353,0.000438941788161,0.000162936572451,9.94580113911e-05,7.30114988983e-05,6.07139008935e-05,7.09520318196e-05,8.78041537362e-05,6.1824968725e-05,6.33054733044e-05,7.74775180616e-05,7.13180343155e-05,0.000126235521748,0.000111676061351,0.000132973553264,0.000119494477985,8.13682418084e-05,7.9256031313e-05,7.52675769036e-05,7.2940827522e-05,5.11786565767e-05,3.13223827106e-05,3.40581864293e-05,2.57502015302e-05,2.03445724765e-05,1.64180000866e-05,1.48985118358e-05,1.40783658935e-05,1.07375981315e-05,7.63678599469e-06,6.93073116054e-06,7.44838052924e-06,6.14301416135e-06,3.92490528611e-06,3.69459598915e-06,3.22212963511e-06,2.68115672952e-06,2.5581916816e-06],"median":[0.000698152231053,0.0026878491044,0.000767090474255,0.000227883501793,9.51801921474e-05,5.16139407409e-05,3.50695481757e-05,2.94451019727e-05,3.28313253704e-05,3.79500270355e-05,2.87329876301e-05,3.14623393933e-05,3.21911647916e-05,3.35353033734e-05,4.47007041657e-05,3.84596205549e-05,5.64895271964e-05,5.26635849383e-05,3.82880607503e-05,4.75687884318e-05,4.55751214758e-05,4.44950237579e-05,3.70151537936e-05,2.41485795414e-05,2.35589614022e-05,1.92206862266e-05,1.60542149388e-05,1.27852217702e-05,1.05420112959e-05,1.10579876491e-05,7.95763025963e-06,4.90187585456e-06,3.86175452149e-06,4.21610002377e-06,3.59878367817e-06,2.58570867118e-06,2.34390790865e-06,1.89781292192e-06,1.74460353719e-06,1.68606061379e-06],"min":[1.2505865573e-23,3.28298862419e-24,7.6599261644e-24,1.64810256046e-23,1.26061037617e-23,1.42469888759e-23,1.94799213565e-23,1.99179379519e-23,7.71501626571e-24,5.25184936512e-24,1.15683446191e-23,1.22831062417e-23,8.18368562925e-24,1.180996877e-23,2.10626950322e-23,5.91707525611e-24,3.87131162098e-24,4.74148357514e-24,1.02502669092e-23,7.87935255835e-24,8.28666432068e-24,1.09114987975e-23,1.20963915429e-23,9.10951093142e-24,1.03760705021e-23,1.20635788736e-23,1.12937642261e-23,1.06234762146e-23,2.05414962098e-23,1.61572297574e-23,1.12790219935e-23,8.51324962735e-24,8.24880215267e-24,1.42850687695e-23,1.19881061842e-23,1.01110787134e-23,8.03525671677e-24,1.23971684289e-23,1.08080562558e-23,8.63836612236e-24],"var":[5.74148043597e-06,1.41087257362e-05,7.68031952703e-07,6.3271778572e-07,5.60079200795e-08,2.06507397849e-08,1.39388305342e-08,1.0907214687e-08,1.80421153573e-08,1.83916348817e-08,9.35700583682e-09,9.71174518583e-09,1.76457799483e-08,1.14385487748e-08,4.29826343407e-08,3.5009332322e-08,4.30413997776e-08,3.27070992512e-08,1.21186642943e-08,9.10617270478e-09,9.10030983903e-09,9.64328972231e-09,3.07559067103e-09,1.00616981413e-09,1.56372093052e-09,7.62424179346e-10,3.78697601056e-10,2.59499394195e-10,3.00557634336e-10,1.80014947393e-10,1.28464502924e-10,9.21843781865e-11,1.10187095559e-10,1.11690101612e-10,8.65662333482e-11,3.15781081839e-11,4.40057122686e-11,4.49475283382e-11,2.72383782196e-11,3.43904314748e-11]},"melbands_crest":{"dmean":3.18085646629,"dmean2":5.17599153519,"dvar":8.86147689819,"dvar2":22.555355072,"max":31.7262802124,"mean":16.1755905151,"median":16.1383132935,"min":1.87602066994,"var":36.599571228},"melbands_flatness_db":{"dmean":0.0273651592433,"dmean2":0.0421359203756,"dvar":0.000831402663607,"dvar2":0.00190489494707,"max":0.561093330383,"mean":0.152481243014,"median":0.130139008164,"min":0.00575668597594,"var":0.00605871388689},"melbands_kurtosis":{"dmean":10.0462713242,"dmean2":15.7130918503,"dvar":888.723693848,"dvar2":2182.42260742,"max":658.967468262,"mean":17.3877735138,"median":2.99080014229,"min":-1.78064835072,"var":2484.9309082},"melbands_skewness":{"dmean":0.862795710564,"dmean2":1.32961440086,"dvar":1.21904122829,"dvar2":2.86868834496,"max":19.8344573975,"mean":2.65487885475,"median":1.90362107754,"min":-2.98512601852,"var":7.09521961212},"melbands_spread":{"dmean":11.381685257,"dmean2":18.3286056519,"dvar":141.461776733,"dvar2":353.317932129,"max":221.58303833,"mean":44.1015968323,"median":46.2222290039,"min":0.391896754503,"var":599.049072266},"mfcc":{"cov":[[14288.7548828,740.522033691,-424.168518066,612.389465332,284.091552734,351.226104736,94.8097763062,119.342056274,24.0120792389,70.2064285278,100.369743347,154.146484375,93.2760848999],[740.522033691,950.00579834,-158.072845459,36.5763664246,71.7842407227,63.3817176819,65.7236862183,-10.7389698029,53.1497459412,0.64851886034,-11.0258817673,-8.40924263,-22.5819263458],[-424.168518066,-158.072845459,615.932678223,169.527374268,126.961997986,21.2346420288,-28.3237113953,35.9281387329,25.4265823364,-15.6625165939,8.37330341339,7.90373468399,-5.42209243774],[612.389465332,36.5763664246,169.527374268,455.288482666,192.243804932,60.7610931396,46.0221481323,55.1290969849,47.6846351624,-3.59518861771,16.0655574799,30.2447414398,6.66305828094],[284.091552734,71.7842407227,126.961997986,192.243804932,272.734191895,102.36706543,62.7633132935,32.0709762573,43.8353729248,5.33775854111,28.9908180237,23.1719512939,5.83473110199],[351.226104736,63.3817176819,21.2346420288,60.7610931396,102.36706543,196.155517578,87.1772537231,9.51839733124,0.0807721763849,14.7632722855,28.1920070648,2.86880922318,7.15636873245],[94.8097763062,65.7236862183,-28.3237113953,46.0221481323,62.7633132935,87.1772537231,176.394165039,48.2094726562,20.2332420349,12.9637126923,33.121257782,15.2701177597,1.11022043228],[119.342056274,-10.7389698029,35.9281387329,55.1290969849,32.0709762573,9.51839733124,48.2094726562,109.881668091,37.0407714844,9.88229656219,17.1065311432,18.7833080292,5.60454273224],[24.0120792389,53.1497459412,25.4265823364,47.6846351624,43.8353729248,0.0807721763849,20.2332420349,37.0407714844,110.470603943,42.8798522949,14.8220415115,9.90596008301,-5.22286605835],[70.2064285278,0.64851886034,-15.6625165939,-3.59518861771,5.33775854111,14.7632722855,12.9637126923,9.88229656219,42.8798522949,91.1214294434,37.6094703674,6.45787763596,1.8831602335],[100.369743347,-11.0258817673,8.37330341339,16.0655574799,28.9908180237,28.1920070648,33.121257782,17.1065311432,14.8220415115,37.6094703674,75.1775741577,29.0883197784,6.67562675476],[154.146484375,-8.40924263,7.90373468399,30.2447414398,23.1719512939,2.86880922318,15.2701177597,18.7833080292,9.90596008301,6.45787763596,29.0883197784,65.2573471069,22.0489196777],[93.2760848999,-22.5819263458,-5.42209243774,6.66305828094,5.83473110199,7.15636873245,1.11022043228,5.60454273224,-5.22286605835,1.8831602335,6.67562675476,22.0489196777,63.3136024475]],"icov":[[8.70784278959e-05,-5.57036510145e-05,9.32703915169e-05,-0.000132662142278,1.87398181879e-05,-0.000162395022926,0.0001373556006,-0.000108986641862,8.50297801662e-05,-6.17452969891e-05,-1.2520979908e-05,-0.000150783220306,-3.96575815103e-05],[-5.57036510145e-05,0.00127813254949,0.000347124267137,4.02907244279e-05,-0.000303971173707,-0.000170243089087,-0.000341816165019,0.000468876125524,-0.000857570732478,0.000385056366213,0.000342733110301,9.1756664915e-05,0.000424878177],[9.32703915169e-05,0.000347124267137,0.00222833594307,-0.000602521933615,-0.000770140031818,-0.000350666494342,0.000998127041385,-0.000611155061051,-0.000280025182292,0.000581119849812,-0.000368910143152,9.50983157963e-05,0.00035324000055],[-0.000132662142278,4.02907244279e-05,-0.000602521933615,0.00359219824895,-0.00203725649044,0.00027814367786,-0.000238257256569,-0.00064109324012,-0.000497586734127,0.000369199638953,0.000532742706127,-0.000547325296793,7.98160108388e-05],[1.87398181879e-05,-0.000303971173707,-0.000770140031818,-0.00203725649044,0.00702596176416,-0.00264635146596,-0.0003897860297,0.000420766271418,-0.00192807801068,0.00123108143453,-0.00113201758359,-0.000713249959517,-0.000194279360585],[-0.000162395022926,-0.000170243089087,-0.000350666494342,0.00027814367786,-0.00264635146596,0.00862587895244,-0.00369608565234,0.00115387188271,0.00182640715502,-0.00129763677251,-0.00109288969543,0.0020663884934,-0.00106434209738],[0.0001373556006,-0.000341816165019,0.000998127041385,-0.000238257256569,-0.0003897860297,-0.00369608565234,0.00934104435146,-0.00363866076805,-0.000260744884145,0.000830982346088,-0.00228364742361,-0.000500438385643,0.000767102988902],[-0.000108986641862,0.000468876125524,-0.000611155061051,-0.00064109324012,0.000420766271418,0.00115387188271,-0.00363866076805,0.0127028431743,-0.00377405318432,0.0010381807806,-0.000668928027153,-0.0013103907695,-0.000702263787389],[8.50297801662e-05,-0.000857570732478,-0.000280025182292,-0.000497586734127,-0.00192807801068,0.00182640715502,-0.000260744884145,-0.00377405318432,0.0146473245695,-0.00760763231665,0.00220295297913,-0.00127227499615,0.0015525034396],[-6.17452969891e-05,0.000385056366213,0.000581119849812,0.000369199638953,0.00123108143453,-0.00129763677251,0.000830982346088,0.0010381807806,-0.00760763231665,0.018259646371,-0.00926336832345,0.00290937675163,-0.00104119046591],[-1.2520979908e-05,0.000342733110301,-0.000368910143152,0.000532742706127,-0.00113201758359,-0.00109288969543,-0.00228364742361,-0.000668928027153,0.00220295297913,-0.00926336832345,0.0228834170848,-0.00910903420299,0.00159683544189],[-0.000150783220306,9.1756664915e-05,9.50983157963e-05,-0.000547325296793,-0.000713249959517,0.0020663884934,-0.000500438385643,-0.0013103907695,-0.00127227499615,0.00290937675163,-0.00910903420299,0.0228969249874,-0.00692734541371],[-3.96575815103e-05,0.000424878177,0.00035324000055,7.98160108388e-05,-0.000194279360585,-0.00106434209738,0.000767102988902,-0.000702263787389,0.0015525034396,-0.00104119046591,0.00159683544189,-0.00692734541371,0.0186162460595]],"mean":[-616.982849121,75.9790344238,-8.80581760406,26.5588703156,20.8349895477,18.2225608826,8.07931518555,6.88257598877,5.09693622589,3.01433348656,0.535049498081,0.256183832884,-3.40003323555]},"pitch_salience":{"dmean":0.0754943490028,"dmean2":0.122437044978,"dvar":0.00515378220007,"dvar2":0.0130305793136,"max":0.950032413006,"mean":0.545298755169,"median":0.564026236534,"min":0.0390596613288,"var":0.0185392070562},"silence_rate_20dB":{"dmean":0,"dmean2":0,"dvar":0,"dvar2":0,"max":1,"mean":1,"median":1,"min":1,"var":0},"silence_rate_30dB":{"dmean":0.00121445197146,"dmean2":0.00242914981209,"dvar":0.00121314125136,"dvar2":0.00363847170956,"max":1,"mean":0.999392807484,"median":1,"min":0,"var":0.000606840243563},"silence_rate_60dB":{"dmean":0.00465539935976,"dmean2":0.00931174121797,"dvar":0.00463319057599,"dvar2":0.0110441818833,"max":1,"mean":0.0863185599446,"median":0,"min":0,"var":0.0788640826941},"spectral_centroid":{"dmean":265.327819824,"dmean2":424.186279297,"dvar":90748.6484375,"dvar2":212295.625,"max":11207.2617188,"mean":2183.42089844,"median":2287.37817383,"min":128.990753174,"var":495357.40625},"spectral_complexity":{"dmean":4.86205863953,"dmean2":7.33846139908,"dvar":25.6260490417,"dvar2":50.6604995728,"max":64,"mean":30.8868656158,"median":36,"min":0,"var":242.562591553},"spectral_contrast_coeffs":{"dmean":[0.0514382235706,0.0438067466021,0.0356438420713,0.0307190082967,0.0222592335194,0.0212445110083],"dmean2":[0.0850929319859,0.0728966966271,0.0585118979216,0.0510844402015,0.0365523323417,0.0341579839587],"dvar":[0.00177320605144,0.00121786317322,0.000816434505396,0.000595485093072,0.000378860335331,0.000397347175749],"dvar2":[0.00477016856894,0.00332086160779,0.0021566147916,0.00158234895207,0.00093660922721,0.000955104129389],"max":[-0.323029875755,-0.507629096508,-0.518171548843,-0.56012070179,-0.586015343666,-0.602610588074],"mean":[-0.64755409956,-0.780902683735,-0.800352394581,-0.785653650761,-0.793911218643,-0.75573682785],"median":[-0.645659327507,-0.782751262188,-0.803822219372,-0.786202549934,-0.796783447266,-0.751397252083],"min":[-0.968533933163,-0.980071544647,-0.973309338093,-0.976407289505,-0.961888194084,-0.959682881832],"var":[0.00587037624791,0.00339207891375,0.00289219338447,0.00220681424253,0.00165339373052,0.00175311393104]},"spectral_contrast_valleys":{"dmean":[0.400177568197,0.367787003517,0.31954652071,0.281578302383,0.265747517347,0.241508170962],"dmean2":[0.66208845377,0.591919124126,0.50150179863,0.433822363615,0.399886637926,0.356309503317],"dvar":[0.113062903285,0.111900910735,0.101727835834,0.100146889687,0.110168471932,0.0966249257326],"dvar2":[0.284002065659,0.24567297101,0.210536077619,0.195836186409,0.216606527567,0.180450871587],"max":[-5.61338806152,-5.45872783661,-5.54503059387,-5.29738998413,-5.26032304764,-7.16112565994],"mean":[-7.43681716919,-7.30893993378,-7.36823415756,-7.11852741241,-6.96014595032,-9.42088508606],"median":[-6.97618770599,-6.97579574585,-7.03322219849,-6.77333259583,-6.48807525635,-9.02062225342],"min":[-27.1696052551,-27.3188228607,-27.275308609,-27.3534011841,-27.2194328308,-27.2370014191],"var":[3.13559389114,2.05046749115,1.93386173248,2.02338695526,2.07340240479,1.96155834198]},"spectral_decrease":{"dmean":1.98451144406e-09,"dmean2":3.17898440905e-09,"dvar":6.91386052344e-18,"dvar2":1.71245461583e-17,"max":2.80840126409e-16,"mean":-7.20401960308e-09,"median":-7.04565028542e-09,"min":-3.64523700114e-08,"var":1.73557232872e-17},"spectral_energy":{"dmean":0.00792295485735,"dmean2":0.0126601457596,"dvar":0.000104459897557,"dvar2":0.000257420382695,"max":0.14052978158,"mean":0.0305792056024,"median":0.030550532043,"min":1.10639558988e-20,"var":0.000281298271148},"spectral_energyband_high":{"dmean":0.000946357031353,"dmean2":0.00158042600378,"dvar":3.18699085256e-06,"dvar2":8.51151708048e-06,"max":0.0299758687615,"mean":0.0022469596006,"median":0.00181393453386,"min":8.13157881686e-21,"var":5.01579688716e-06},"spectral_energyband_low":{"dmean":0.00654567172751,"dmean2":0.0106073338538,"dvar":0.000103814134491,"dvar2":0.000260382337729,"max":0.13407702744,"mean":0.0145910819992,"median":0.010631531477,"min":5.41858016615e-23,"var":0.000213471357711},"spectral_energyband_middle_high":{"dmean":0.00240104016848,"dmean2":0.00372510286979,"dvar":7.6372316471e-06,"dvar2":1.77979491127e-05,"max":0.0473211221397,"mean":0.00960229896009,"median":0.00836383365095,"min":1.5346813575e-21,"var":5.70027332287e-05},"spectral_energyband_middle_low":{"dmean":0.00227550696582,"dmean2":0.00378320831805,"dvar":1.59391765919e-05,"dvar2":4.26741789852e-05,"max":0.0655560269952,"mean":0.00497743673623,"median":0.00416539423168,"min":3.96167006831e-22,"var":1.89690017578e-05},"spectral_entropy":{"dmean":0.109875366092,"dmean2":0.163657724857,"dvar":0.0188818480819,"dvar2":0.0373181886971,"max":9.8091583252,"mean":8.00883579254,"median":8.07316398621,"min":5.05378723145,"var":0.128598973155},"spectral_flux":{"dmean":0.0212634541094,"dmean2":0.0321732237935,"dvar":0.00058087304933,"dvar2":0.00127440015785,"max":0.295986533165,"mean":0.0908323302865,"median":0.090271063149,"min":1.05185339605e-10,"var":0.00180441082921},"spectral_kurtosis":{"dmean":1.22509002686,"dmean2":2.00842547417,"dvar":15.4342412949,"dvar2":40.8315238953,"max":134.422714233,"mean":3.92456483841,"median":3.10205435753,"min":-1.22328948975,"var":38.4140090942},"spectral_rms":{"dmean":0.000665930449031,"dmean2":0.00105102872476,"dvar":5.50695119728e-07,"dvar2":1.34371953209e-06,"max":0.0117090661079,"mean":0.00513298902661,"median":0.00545943155885,"min":3.2854381108e-12,"var":3.48590924659e-06},"spectral_rolloff":{"dmean":699.01763916,"dmean2":1171.69763184,"dvar":940386.5,"dvar2":2223002.25,"max":18626.2207031,"mean":2803.83398438,"median":2519.38476562,"min":86.1328125,"var":5840630},"spectral_skewness":{"dmean":0.192335143685,"dmean2":0.311800837517,"dvar":0.0945252627134,"dvar2":0.251805186272,"max":9.49846363068,"mean":1.39338970184,"median":1.35234975815,"min":-0.0920822024345,"var":0.314186811447},"spectral_spread":{"dmean":524142.65625,"dmean2":756330.875,"dvar":478183587840,"dvar2":802918498304,"max":40801576,"mean":5230964.5,"median":4883549.5,"min":716694.9375,"var":3053988085760.0},"spectral_strongpeak":{"dmean":0.384462326765,"dmean2":0.686549067497,"dvar":0.829383552074,"dvar2":2.26213955879,"max":14.6608104706,"mean":0.585220813751,"median":0.365358829498,"min":0,"var":0.817354619503},"zerocrossingrate":{"dmean":0.0120334820822,"dmean2":0.0139873307198,"dvar":0.000154896406457,"dvar2":0.000183301031939,"max":0.74560546875,"mean":0.102056957781,"median":0.0927734375,"min":0.00341796875,"var":0.00544207310304}},"metadata":{"audio_properties":{"analysis_sample_rate":44100,"bit_rate":224870,"codec":"mp3","downmix":"mix","equal_loudness":0,"length":229.43347168,"lossless":false,"md5_encoded":"2c9b00744f885b774eb408501ee1d06a","replay_gain":-16.6339912415,"sample_rate":44100},"tags":{"album":["The Arockalypse"],"albumartist":["Lordi"],"albumartistsort":["Lordi"],"artist":["Lordi"],"artistsort":["Lordi"],"date":["2006"],"discnumber":["1/1"],"encodedby":["LAME 3.0.93 MOD"],"file_name":"06.Lordi-They_Only_Come_Out_at_Night.mp3","genre":["Heavy Metal"],"isrc":["FIBAR0500288"],"language":["eng"],"musicbrainz album status":["promotion"],"musicbrainz album type":["album"],"musicbrainz_albumartistid":["b5b4ba6e-6e34-4669-a33b-0d813b4c3d83"],"musicbrainz_albumid":["dd1f50dd-37c6-413e-beed-71246f405da4"],"musicbrainz_artistid":["b5b4ba6e-6e34-4669-a33b-0d813b4c3d83"],"musicbrainz_recordingid":["f546ebd9-d4f8-4aa2-968b-0c0a62e6e108"],"originaldate":["2006"],"script":["Latn"],"title":["They Only Come Out at Night"],"tracknumber":["6/10"]},"version":{"essentia":"2.1-beta2","essentia_build_sha":"70f2e5ece6736b2c40cc944ad0e695b16b925413","essentia_git_sha":"v2.1_beta2","extractor":"music 1.0"}},"rhythm":{"beats_count":557,"beats_loudness":{"dmean":0.0119059132412,"dmean2":0.0204740911722,"dvar":0.000193357889657,"dvar2":0.000535710190888,"max":0.123959079385,"mean":0.0365750491619,"median":0.0350886359811,"min":1.14083209546e-09,"var":0.00041919274372},"beats_loudness_band_ratio":{"dmean":[0.246580928564,0.170804366469,0.0429247021675,0.0835273489356,0.0872510075569,0.0671651735902],"dmean2":[0.47152659297,0.335994809866,0.0748435109854,0.146456822753,0.150549024343,0.120757341385],"dvar":[0.0387006960809,0.0204529147595,0.00553026981652,0.00855177920312,0.00579928420484,0.00538293132558],"dvar2":[0.136696740985,0.0743383020163,0.0162957832217,0.0259341336787,0.0161041840911,0.0144592402503],"max":[0.988351404667,0.577901542187,0.847242593765,0.823886632919,0.698185324669,0.976702332497],"mean":[0.406092047691,0.141459211707,0.0604229159653,0.127900630236,0.171265035