{"lowlevel":{"average_loudness":0.96099448204,"barkbands":{"dmean":[2.32220791077e-05,0.00439304532483,0.00221285992302,0.00110716850031,0.00175996951293,0.000451916683232,0.000408415333368,0.000409030209994,0.000431628490333,0.000445859797765,0.000399106065743,0.000338030047715,0.000500414287671,0.000578045961447,0.000391654320993,0.000483363546664,0.000457509682747,0.000265769049292,0.000279314117506,0.000399560900405,0.000484354182845,0.000459594943095,0.000303799082758,0.000272376724752,0.000130981847178,6.33380695945e-05,8.54037534737e-06],"dmean2":[3.01238505926e-05,0.00722820218652,0.00367494882084,0.00181041564792,0.00299893808551,0.000751012761611,0.000639647303615,0.000649094523396,0.000687656807713,0.000704638310708,0.000638759869616,0.000549485033844,0.000812305370346,0.000946206739172,0.000627522356808,0.000792183971498,0.000752924242988,0.00043827155605,0.000458946247818,0.000665394414682,0.000836765568238,0.000786150980275,0.000491672893986,0.00042992393719,0.000195295971935,9.91157940007e-05,1.41585187521e-05],"dvar":[2.50331022578e-09,0.000104997641756,1.93488649529e-05,2.71129260909e-06,2.10550606425e-05,5.34918456196e-07,4.69686767701e-07,4.71768970556e-07,6.5742182187e-07,7.77978925726e-07,6.79063646203e-07,4.17410518594e-07,1.2246263168e-06,1.03073534774e-06,4.60478986497e-07,5.36374898275e-07,4.45500205615e-07,1.02680878911e-07,1.08132120147e-07,2.46431426376e-07,5.86437693073e-07,6.97842096997e-07,2.73026756759e-07,3.05374129539e-07,8.90768845352e-08,1.67940630291e-08,8.14163625407e-10],"dvar2":[3.80767506414e-09,0.000254369719187,5.30812139914e-05,7.39908864489e-06,5.77042919758e-05,1.45694536968e-06,1.15479292617e-06,1.19754554362e-06,1.64738469266e-06,1.89514014437e-06,1.65803885466e-06,1.09305904061e-06,3.22770415551e-06,2.66329334409e-06,1.11372548872e-06,1.33477180952e-06,1.21620587379e-06,2.7354735721e-07,2.8169247912e-07,6.50990955364e-07,1.63813024301e-06,1.92763081941e-06,6.42232464543e-07,5.80833784625e-07,1.7153162446e-07,3.93076149408e-08,2.09776662707e-09],"max":[0.000676561438013,0.097075805068,0.0651234462857,0.0201945211738,0.0436296612024,0.0122984452173,0.0149544309825,0.0117800440639,0.0127413775772,0.0169922653586,0.0179424379021,0.01213443093,0.0272283032537,0.0171259641647,0.01186452806,0.0131261879578,0.0127369742841,0.00503936549649,0.00547949783504,0.00876152329147,0.00816536229104,0.00931701995432,0.0087395934388,0.0135264042765,0.00814915262163,0.00256995181553,0.000568321207538],"mean":[3.1471317925e-05,0.00528060272336,0.00349395745434,0.00225218944252,0.0023026461713,0.000771170365624,0.00074147421401,0.000703650934156,0.000711555883754,0.000772128987592,0.000670036883093,0.000582843204029,0.000831000506878,0.000989615684375,0.000707609462552,0.000964663864579,0.000917794066481,0.000587044167332,0.000658573932014,0.000963318801951,0.000973521673586,0.00082109082723,0.000603399530519,0.0005169204087,0.000293311633868,0.000116903924209,9.55670657277e-06],"median":[7.49775381337e-06,0.0015718601644,0.00224668020383,0.0016762597952,0.00121081946418,0.000462854863144,0.000381114223273,0.000360532547347,0.000342419720255,0.000321966654155,0.000270901276963,0.00025192234898,0.000326697074343,0.00052494549891,0.000346132321283,0.000588995520957,0.000649805180728,0.000484829710331,0.00054294988513,0.000776530476287,0.000754893757403,0.000586127280258,0.000395682174712,0.000306734116748,0.00018238031771,6.30779395578e-05,2.44314469455e-06],"min":[2.58110791681e-24,2.8611555892e-23,6.95809081652e-24,6.92607016351e-24,4.59150873194e-23,3.08437608857e-23,5.27415298726e-23,4.03533402586e-23,5.71986444742e-23,1.00959920641e-22,3.86338822316e-23,1.80667398382e-22,5.62106435221e-23,8.92439478036e-23,1.63393187336e-22,7.51316048625e-23,1.81626160993e-22,1.42130306228e-22,2.5278031655e-22,3.96340758179e-22,5.0422767274e-22,5.9928669924e-22,8.44253481052e-22,6.08085691642e-22,1.12477135872e-21,1.88901919785e-21,2.41278527652e-21],"var":[4.88532947429e-09,0.000118495248898,2.02017599804e-05,4.79531172459e-06,1.66509234987e-05,8.54901486491e-07,1.16866044664e-06,1.07976575237e-06,1.19482263017e-06,2.0129468794e-06,1.57982367455e-06,9.21876505799e-07,2.26080965149e-06,2.13530802284e-06,1.12056943635e-06,1.56167493515e-06,9.39059134453e-07,2.1897578506e-07,2.64451813337e-07,6.99773522683e-07,7.24569076738e-07,7.81613891832e-07,5.34142770903e-07,7.56287477088e-07,2.03084056238e-07,2.51645744243e-08,6.59733656594e-10]},"barkbands_crest":{"dmean":2.53705716133,"dmean2":4.11737203598,"dvar":8.43564987183,"dvar2":21.296251297,"max":26.9121417999,"mean":7.41736936569,"median":6.05867862701,"min":1.95072042942,"var":19.3521518707},"barkbands_flatness_db":{"dmean":0.0168705638498,"dmean2":0.0266780350357,"dvar":0.000365497340681,"dvar2":0.000858812651131,"max":0.484157383442,"mean":0.0802831873298,"median":0.0710780918598,"min":0.0141109144315,"var":0.00197022990324},"barkbands_kurtosis":{"dmean":2.97609066963,"dmean2":4.96448469162,"dvar":708.640441895,"dvar2":2022.12609863,"max":1710.5637207,"mean":7.50234270096,"median":-0.928364872932,"min":-1.88599586487,"var":8528.13476563},"barkbands_skewness":{"dmean":0.498347073793,"dmean2":0.78079777956,"dvar":0.516693770885,"dvar2":1.15200316906,"max":24.5242080688,"mean":0.43343552947,"median":0.465031266212,"min":-36.9396438599,"var":7.17314434052},"barkbands_spread":{"dmean":7.8619055748,"dmean2":12.6645755768,"dvar":72.451499939,"dvar2":179.435470581,"max":106.082931519,"mean":44.254119873,"median":44.5611839294,"min":0.154416397214,"var":206.796066284},"dissonance":{"dmean":0.007987533696,"dmean2":0.0135152870789,"dvar":6.45400941721e-05,"dvar2":0.000178589223651,"max":0.500000119209,"mean":0.485917210579,"median":0.488518416882,"min":0.401899635792,"var":0.000117294817755},"dynamic_complexity":2.83549499512,"erbbands":{"dmean":[0.0733677521348,1.15956652164,2.60400485992,2.80698394775,6.51079463959,4.72193098068,3.70810222626,3.43568396568,4.92454147339,8.13282489777,7.9225320816,10.4977416992,11.5852460861,12.8228330612,16.1533374786,15.0236234665,21.7609539032,27.6356601715,21.3974819183,21.7386703491,24.1618385315,23.377571106,15.6315364838,14.0736989975,13.9775133133,19.9646263123,20.8255348206,18.0992355347,15.1782073975,14.0489912033,8.31168079376,5.5148639679,5.04534482956,1.90787088871,0.857397735119,0.350974589586,0.112031422555,0.0181130152196,0.00149219331797,5.20731737197e-05],"dmean2":[0.124479033053,1.88542330265,4.20296573639,4.64091587067,11.0780162811,7.99804735184,6.16013288498,5.65568447113,7.69255065918,13.0574712753,12.4855203629,16.7513599396,18.3074474335,20.2707519531,25.9890365601,24.2133731842,34.9380302429,45.0429763794,34.2317352295,34.599067688,39.1523704529,38.3868904114,25.9230747223,23.2021408081,23.0967216492,33.2609901428,35.751625061,31.1634597778,25.8876667023,23.8809337616,13.3504552841,8.64126300812,8.09404659271,2.90744757652,1.27867496014,0.54078489542,0.175886541605,0.0292154364288,0.00247650337406,8.49884818308e-05],"dvar":[0.0272676721215,7.38168096542,27.9817142487,17.4865550995,288.771057129,115.891387939,39.2559356689,35.1173667908,69.4332351685,195.02545166,245.62109375,404.02456665,708.35559082,690.76159668,1173.2364502,760.538452148,2344.28100586,2377.58813477,1233.50463867,1259.80578613,1177.08862305,1247.47802734,366.006072998,307.98828125,270.347503662,603.981445313,1155.77502441,800.560424805,648.600280762,704.63269043,205.970748901,135.068908691,102.040351868,19.4095439911,3.48043274879,0.503367543221,0.0457515046,0.00223606545478,2.7591466278e-05,2.68313389284e-08],"dvar2":[0.0749422609806,17.4449691772,70.5259857178,47.649307251,791.756896973,314.783325195,103.766433716,95.5299835205,173.457382202,468.866790771,616.001708984,1029.77050781,1688.01525879,1703.10168457,2893.12182617,1993.49462891,6077.640625,6217.5625,2931.79956055,2976.3190918,2917.38427734,3394.69970703,1010.80957031,804.927124023,717.210266113,1602.23095703,3202.11499023,2259.60766602,1769.72302246,1898.76538086,465.06362915,266.755615234,207.644332886,37.5797157288,7.28986644745,1.15065145493,0.108983792365,0.00563944876194,7.14052221156e-05,6.8841728762e-08],"max":[1.54425764084,25.5578098297,66.2970428467,52.1395874023,166.705337524,109.300987244,169.265472412,97.2886581421,176.723709106,348.501556396,330.191833496,321.65045166,678.32623291,560.225891113,1031.08496094,512.561706543,1335.78393555,772.738098145,771.737792969,673.959655762,670.122131348,666.000976563,403.786010742,301.515258789,214.5184021,395.713806152,446.435577393,322.819396973,314.300598145,366.632415771,272.754669189,233.335037231,284.679473877,129.288909912,55.2338752747,11.7877979279,4.59556436539,1.30527734756,0.141041561961,0.00315193063579],"mean":[0.0856536105275,1.4113984108,4.09882497787,6.20147228241,8.73240852356,6.48671340942,6.05071353912,6.15125894547,8.99242973328,14.8271474838,14.4900789261,17.7288036346,20.4260463715,23.7830085754,28.3808708191,27.8276538849,38.8099555969,49.2209281921,41.3175506592,44.5339698792,51.3041992188,50.2793121338,36.4066123962,32.5977210999,34.4593811035,46.9508552551,42.2362556458,36.527759552,28.3214855194,24.4103355408,16.6123027802,11.1834716797,8.2818365097,3.9556145668,1.84049713612,0.683927714825,0.18658387661,0.0272723119706,0.00166742352303,9.05662454898e-05],"median":[0.0241667535156,0.451511502266,2.44801425934,4.81625509262,4.83460664749,3.48215007782,3.52536773682,3.55265188217,4.88370609283,7.62494802475,7.33291721344,8.74204349518,8.51320648193,10.036075592,12.9635810852,12.8426494598,16.4547653198,26.8275604248,22.2682781219,23.8324241638,35.4203681946,36.6961898804,30.0879058838,26.6799964905,29.9368305206,38.157699585,31.7748222351,28.3466205597,20.6456413269,16.0895442963,10.7317714691,6.60322189331,4.51675987244,2.4618678093,1.11860954762,0.36175429821,0.103217378259,0.0130412373692,0.000417121744249,5.75352532906e-05],"min":[5.23165080252e-22,6.87070353174e-21,8.34166007423e-21,1.83625097166e-20,1.21224533691e-19,9.05922843119e-20,2.53619443621e-19,2.33193355768e-19,6.20318406086e-19,9.36352530183e-19,9.56639341501e-19,9.36264952436e-19,2.79601315908e-18,2.5113507386e-18,2.26858873845e-18,8.43763267729e-18,3.01941975328e-18,3.98863389446e-18,5.28144315921e-18,9.1589440976e-18,4.69274864343e-18,9.78437370439e-18,6.78630637785e-18,1.1610504774e-17,1.42086666703e-17,2.14443463605e-17,1.54318517293e-17,2.22192028363e-17,1.86163647387e-17,2.4967343331e-17,2.34469539322e-17,1.0704589802e-17,1.35666504378e-17,1.08230222134e-17,9.34241937491e-18,5.85523560267e-18,4.03716623536e-18,1.14483089247e-18,2.82490114951e-19,3.92335868125e-20],"var":[0.0300912894309,8.28343582153,31.2330513,31.1657581329,227.580841064,105.104164124,58.7310752869,61.8729705811,153.555419922,512.23651123,575.069030762,699.318054199,1808.45898438,1743.640625,2606.26367188,1799.47595215,4547.49121094,4652.703125,3216.82470703,3927.96875,3220.76708984,2692.55151367,869.408874512,687.138793945,620.94140625,1568.2713623,1564.04003906,1003.17590332,793.470336914,876.978149414,435.953491211,327.136260986,220.540466309,42.1146507263,7.48825645447,0.866640090942,0.0635116323829,0.00219063251279,2.17109718506e-05,2.22128289096e-08]},"erbbands_crest":{"dmean":1.83382487297,"dmean2":3.05879068375,"dvar":3.68816184998,"dvar2":9.70973396301,"max":26.2280902863,"mean":6.41430187225,"median":5.52700519562,"min":2.3421061039,"var":8.61213874817},"erbbands_flatness_db":{"dmean":0.0121187269688,"dmean2":0.0182440653443,"dvar":0.000130072163302,"dvar2":0.000264860864263,"max":0.261510968208,"mean":0.122130423784,"median":0.120027258992,"min":0.030590293929,"var":0.00078564370051},"erbbands_kurtosis":{"dmean":0.658024847507,"dmean2":1.06203484535,"dvar":0.638348758221,"dvar2":1.48733305931,"max":23.6233215332,"mean":0.281820476055,"median":0.0477256327868,"min":-1.71908950806,"var":1.66205632687},"erbbands_skewness":{"dmean":0.261559695005,"dmean2":0.409327298403,"dvar":0.0593366213143,"dvar2":0.133561745286,"max":2.4836473465,"mean":-0.448673576117,"median":-0.530340909958,"min":-4.01286935806,"var":0.345244377851},"erbbands_spread":{"dmean":8.2482881546,"dmean2":12.7854757309,"dvar":70.496421814,"dvar2":157.929504395,"max":144.16595459,"mean":44.2980079651,"median":40.3466758728,"min":6.63470602036,"var":296.993591309},"gfcc":{"cov":[[16339.1435547,1154.97473145,-805.034423828,805.005737305,-820.137023926,635.187316895,-551.747314453,333.696899414,-318.411407471,237.378448486,-343.390167236,-13.1581354141,-268.322845459],[1154.97473145,928.130310059,-259.580200195,223.854141235,23.4418296814,19.7032928467,115.500686646,51.9492835999,25.2128162384,-2.49742937088,19.8586540222,-26.6529979706,32.6107559204],[-805.034423828,-259.580200195,639.342834473,17.4258880615,127.245124817,65.7077255249,-5.38780927658,20.0568065643,8.74031543732,20.3715496063,3.71085476875,35.8349609375,-20.0070705414],[805.005737305,223.854141235,17.4258880615,311.786071777,56.4881324768,13.1207208633,-18.8898468018,28.787355423,10.2037696838,4.76095819473,-8.28276920319,2.40749979019,22.5777568817],[-820.137023926,23.4418296814,127.245124817,56.4881324768,271.181549072,-10.552022934,69.2010192871,13.4029407501,48.004119873,16.7966270447,10.3782548904,12.4219322205,39.6438331604],[635.187316895,19.7032928467,65.7077255249,13.1207208633,-10.552022934,240.712554932,53.0413513184,60.4110908508,-18.2875843048,13.6429777145,7.25222969055,-18.2212238312,-28.8952140808],[-551.747314453,115.500686646,-5.38780927658,-18.8898468018,69.2010192871,53.0413513184,225.536483765,42.1111946106,22.5519752502,-9.55907917023,44.5304908752,-6.88367128372,0.893127977848],[333.696899414,51.9492835999,20.0568065643,28.787355423,13.4029407501,60.4110908508,42.1111946106,113.136276245,33.7394676208,23.1071510315,-1.6082226038,3.81887125969,-2.79931664467],[-318.411407471,25.2128162384,8.74031543732,10.2037696838,48.004119873,-18.2875843048,22.5519752502,33.7394676208,112.208114624,32.1894454956,16.9577693939,0.201263904572,13.7000541687],[237.378448486,-2.49742937088,20.3715496063,4.76095819473,16.7966270447,13.6429777145,-9.55907917023,23.1071510315,32.1894454956,75.8316802979,16.7082691193,12.0495538712,-9.10122108459],[-343.390167236,19.8586540222,3.71085476875,-8.28276920319,10.3782548904,7.25222969055,44.5304908752,-1.6082226038,16.9577693939,16.7082691193,73.9340820313,21.9332447052,8.63875961304],[-13.1581354141,-26.6529979706,35.8349609375,2.40749979019,12.4219322205,-18.2212238312,-6.88367128372,3.81887125969,0.201263904572,12.0495538712,21.9332447052,66.7161178589,22.0557003021],[-268.322845459,32.6107559204,-20.0070705414,22.5777568817,39.6438331604,-28.8952140808,0.893127977848,-2.79931664467,13.7000541687,-9.10122108459,8.63875961304,22.0557003021,67.364364624]],"icov":[[0.000228776960284,-0.000198027541046,0.000274790538242,-0.000487319717649,0.000457483518403,-0.000543511065189,0.000356815260602,-0.000312952528475,0.000469532038551,-0.000866729184054,0.00104918202851,-0.000740013201721,0.00062711519422],[-0.000198027541046,0.0019213873893,0.000448228092864,-0.000901919964235,-0.00028469300014,0.000499625108205,-0.00125435902737,8.37673178467e-06,-0.000361603364581,0.000519292952958,-0.00107836141251,0.00116729259025,-0.000984865939245],[0.000274790538242,0.000448228092864,0.0026335993316,-0.00101836561225,-0.000732677290216,-0.00135084078647,0.000672491383739,-0.000505880918354,0.00041017588228,-0.000647402310278,0.00120104209054,-0.0023022997193,0.00225173705257],[-0.000487319717649,-0.000901919964235,-0.00101836561225,0.00562679953873,-0.00195402908139,0.000913504569326,0.000827794254292,-0.000323526212014,-0.000759212300181,0.00221409439109,-0.00222893827595,0.00158638809808,-0.00195544073358],[0.000457483518403,-0.00028469300014,-0.000732677290216,-0.00195402908139,0.00682172784582,-0.000597970793024,-0.00183693110012,0.000507344142534,-0.000412731373217,-0.00369280413724,0.00373762240633,-0.000977832009085,-0.00240241456777],[-0.000543511065189,0.000499625108205,-0.00135084078647,0.000913504569326,-0.000597970793024,0.00726434402168,-0.00182123086415,-0.0025407676585,0.00132628087886,0.000901965249795,-0.00372489937581,0.00414516404271,-0.000755045446567],[0.000356815260602,-0.00125435902737,0.000672491383739,0.000827794254292,-0.00183693110012,-0.00182123086415,0.00839370582253,-0.00335401901975,0.000526025716681,0.00231935735792,-0.00358261773363,-4.83631847601e-05,0.00268158246763],[-0.000312952528475,8.37673178467e-06,-0.000505880918354,-0.000323526212014,0.000507344142534,-0.0025407676585,-0.00335401901975,0.0144153265283,-0.00500465976074,-0.00171403505374,0.00334264035337,-0.00219061388634,-0.000962513149716],[0.000469532038551,-0.000361603364581,0.00041017588228,-0.000759212300181,-0.000412731373217,0.00132628087886,0.000526025716681,-0.00500465976074,0.0143216196448,-0.00659235753119,-0.000655916926917,0.00238828943111,-0.00148272025399],[-0.000866729184054,0.000519292952958,-0.000647402310278,0.00221409439109,-0.00369280413724,0.000901965249795,0.00231935735792,-0.00171403505374,-0.00659235753119,0.0227021221071,-0.00867852475494,-0.000847751682159,0.00361841497943],[0.00104918202851,-0.00107836141251,0.00120104209054,-0.00222893827595,0.00373762240633,-0.00372489937581,-0.00358261773363,0.00334264035337,-0.000655916926917,-0.00867852475494,0.0254640579224,-0.0102796889842,0.00125496042892],[-0.000740013201721,0.00116729259025,-0.0023022997193,0.00158638809808,-0.000977832009085,0.00414516404271,-4.83631847601e-05,-0.00219061388634,0.00238828943111,-0.000847751682159,-0.0102796889842,0.0246996190399,-0.00983391795307],[0.00062711519422,-0.000984865939245,0.00225173705257,-0.00195544073358,-0.00240241456777,-0.000755045446567,0.00268158246763,-0.000962513149716,-0.00148272025399,0.00361841497943,0.00125496042892,-0.00983391795307,0.0240070410073]],"mean":[42.6861152649,42.9560928345,-118.285697937,50.2174034119,-56.9975967407,22.4140701294,-37.2124252319,8.72195720673,-27.6233596802,4.83776473999,-24.2288417816,-2.14834046364,-16.2591991425]},"hfc":{"dmean":12.4677791595,"dmean2":19.5385742188,"dvar":370.755981445,"dvar2":883.392883301,"max":242.214065552,"mean":44.2540626526,"median":40.5433769226,"min":1.22605875063e-16,"var":789.991821289},"melbands":{"dmean":[0.000978947267868,0.00137025432196,0.000567330047488,0.00044443825027,0.000124757381855,7.82986026024e-05,7.69771504565e-05,8.9758883405e-05,6.78002179484e-05,6.47309643682e-05,5.90308627579e-05,5.43642454431e-05,5.39682077942e-05,3.85566490877e-05,4.86283352075e-05,4.85336895508e-05,5.75627782382e-05,3.84366467188e-05,2.79893320112e-05,3.62972859875e-05,2.88195697067e-05,2.66772094619e-05,2.13405601244e-05,1.33414214361e-05,1.25831438709e-05,1.13767846415e-05,1.13015084935e-05,1.48532508319e-05,1.48291110236e-05,1.26242011902e-05,1.08908470793e-05,8.64502362674e-06,1.01248706414e-05,7.42741394788e-06,5.48759089725e-06,3.86391320717e-06,3.37279675477e-06,3.67688653569e-06,2.70005443781e-06,1.51179756358e-06],"dmean2":[0.00163970945869,0.00215089111589,0.000939735677093,0.000763186544646,0.000204296040465,0.000129121137434,0.000119852360513,0.000144042729517,0.000106733008579,0.000103777041659,9.38470038818e-05,8.6138396e-05,8.67400958668e-05,6.20321079623e-05,7.88621982792e-05,7.89328187238e-05,9.43057966651e-05,6.21929793851e-05,4.49251747341e-05,5.93131408095e-05,4.7125020501e-05,4.39257237304e-05,3.6018263927e-05,2.21077261813e-05,2.08975907299e-05,1.90158043551e-05,1.86484558071e-05,2.48627711699e-05,2.5457724405e-05,2.18400200538e-05,1.87543137145e-05,1.4750511582e-05,1.74167234945e-05,1.26114482555e-05,8.99528913578e-06,6.04827755524e-06,5.36314155397e-06,5.89059209233e-06,4.33178865933e-06,2.30374030252e-06],"dvar":[5.14900330018e-06,8.05157924333e-06,7.97745258296e-07,1.44328043916e-06,4.12141822892e-08,1.68251421684e-08,1.64665863167e-08,2.17403641756e-08,1.80967241192e-08,1.61253801423e-08,1.80271069183e-08,1.2363173596e-08,1.22717880302e-08,5.96851901236e-09,1.13597868889e-08,1.13654508027e-08,1.10350253379e-08,4.45681935801e-09,2.88383805724e-09,3.42220363159e-09,1.72911529539e-09,1.66148428349e-09,1.27162191887e-09,2.90521856572e-10,2.60362620352e-10,1.97088081966e-10,1.81712325742e-10,3.42504302697e-10,5.82783321601e-10,3.80896758578e-10,2.68057492869e-10,2.0652149435e-10,3.71669667265e-10,1.75436998262e-10,8.62595411766e-11,6.07298308863e-11,5.54777612738e-11,6.32562058289e-11,2.80589058932e-11,1.35041899538e-11],"dvar2":[1.32075156216e-05,1.78260015673e-05,2.18100353777e-06,3.98863858209e-06,1.06452304749e-07,4.58364759481e-08,4.12626057766e-08,5.29211128253e-08,4.49049011308e-08,4.09329921069e-08,4.30392290696e-08,3.04571123877e-08,2.99633953205e-08,1.53038826056e-08,2.98725062464e-08,2.97804838567e-08,2.91437398658e-08,1.08133857424e-08,7.05406799639e-09,8.49291836857e-09,4.3413046491e-09,4.42725545113e-09,3.7302685385e-09,7.62060026194e-10,6.87633339158e-10,5.30907484642e-10,4.77532235976e-10,9.2462421053e-10,1.60873836474e-09,1.07469166899e-09,7.5364947616e-10,5.66258817614e-10,1.03068187318e-09,4.64027483105e-10,2.08121270218e-10,1.25274873808e-10,1.10414663523e-10,1.27063554123e-10,5.8632675104e-11,2.7160504748e-11],"max":[0.0214754771441,0.0261774174869,0.00928243342787,0.0112763214856,0.00461307913065,0.00196229293942,0.00277280015871,0.0031840633601,0.00313204852864,0.00215473840944,0.00333684054203,0.00253817811608,0.00270346854813,0.00172405736521,0.00266546872444,0.00226483540609,0.00168203865178,0.00152592151426,0.00101628515404,0.00107199361082,0.000875196361449,0.000803658738732,0.00104509701487,0.000263964146143,0.000286483264063,0.00019284200971,0.000278803054243,0.000293037242955,0.000373927992769,0.000218048357056,0.000184297939995,0.000198996349354,0.000244503549766,0.000182100207894,0.000172227824805,0.000203866075026,0.000167903403053,0.000264988077106,0.000144593301229,0.000100961726275],"mean":[0.00114579370711,0.00214888877235,0.00117161020171,0.000578550738283,0.000215294203372,0.000139366980875,0.00014044373529,0.000161599906278,0.000120378383144,0.000106933439383,0.000100432407635,9.48022789089e-05,9.21793325688e-05,6.8887064117e-05,8.155885007e-05,8.22929941933e-05,9.49712193687e-05,6.87920401106e-05,5.11309444846e-05,6.97681534803e-05,5.60690059501e-05,5.3049516282e-05,4.17532901338e-05,2.77931139863e-05,2.57876672549e-05,2.45703304245e-05,2.62351477431e-05,3.22338819387e-05,2.78873394564e-05,2.30042387557e-05,2.05181222555e-05,1.56819278345e-05,1.57559861691e-05,1.2630072888e-05,1.00830166048e-05,7.55287237553e-06,6.39483869236e-06,5.90396848565e-06,4.51877031082e-06,3.02903572447e-06],"median":[0.000322670093738,0.0011481277179,0.000925349595491,0.000308890710585,0.000130063068355,8.25206370791e-05,7.44952267269e-05,8.37967090774e-05,5.78717445023e-05,5.08789489686e-05,3.9964033931e-05,3.85269740946e-05,3.91572611989e-05,3.27490633936e-05,3.57241660822e-05,3.4268014133e-05,4.95328131365e-05,3.54649637302e-05,2.40700392169e-05,3.90167915612e-05,3.73485163436e-05,3.73339862563e-05,2.92109543807e-05,2.24203795369e-05,1.99470341613e-05,1.99276000785e-05,2.21347872866e-05,2.52807949437e-05,1.99611040443e-05,1.70407693076e-05,1.55945963343e-05,1.13676578621e-05,1.00066827144e-05,8.08200456959e-06,6.38890742266e-06,4.40367466581e-06,3.59242926606e-06,3.08504968416e-06,2.6376912956e-06,1.81011273526e-06],"min":[6.45619187064e-24,7.27363517861e-24,6.37416848029e-24,7.90842997131e-24,8.25339726745e-24,5.30314465105e-24,1.01364816123e-23,1.00760990431e-23,8.11898956869e-24,6.14958569703e-24,1.44544608717e-23,1.10808285796e-23,5.17499735244e-24,1.91176685402e-23,1.57004288062e-23,4.65007707876e-24,7.87759024309e-24,7.22315123611e-24,1.45443231729e-23,7.9108052315e-24,5.04950733179e-24,1.08926024233e-23,8.26262457345e-24,5.29398952581e-24,9.68244246308e-24,1.09706191891e-23,9.24382160028e-24,1.64998399372e-23,6.82827744368e-24,1.39783486055e-23,1.22882866913e-23,9.35325080733e-24,1.35654903622e-23,1.37679231145e-23,1.40473234476e-23,1.02457475251e-23,5.5188835147e-24,9.57300694514e-24,9.69135974675e-24,8.4870129025e-24],"var":[5.63641424378e-06,1.03254042187e-05,1.09858683572e-06,1.09810810045e-06,6.91362913585e-08,2.91555970477e-08,3.78918265653e-08,5.56977219901e-08,4.24031476598e-08,2.70955293757e-08,4.52926087746e-08,2.97994589005e-08,2.87642833996e-08,1.26636967579e-08,2.08205204189e-08,2.14728288483e-08,2.02592467247e-08,1.05429114328e-08,6.5951804018e-09,9.85516912522e-09,3.99551147723e-09,3.38258177024e-09,2.48563059024e-09,5.49561063323e-10,5.18055209842e-10,4.04570349444e-10,4.45862152754e-10,8.47254155723e-10,8.18239087597e-10,4.66267191523e-10,3.40769440443e-10,2.44872233601e-10,3.99927452266e-10,2.39451486417e-10,1.61186647363e-10,1.36391911654e-10,1.28954263934e-10,1.40277053862e-10,5.33893936006e-11,2.779237257e-11]},"melbands_crest":{"dmean":3.17564320564,"dmean2":5.11743307114,"dvar":9.47709655762,"dvar2":24.4994392395,"max":29.8780460358,"mean":12.6315832138,"median":12.0141792297,"min":1.78422021866,"var":25.0742416382},"melbands_flatness_db":{"dmean":0.0253584906459,"dmean2":0.0397965759039,"dvar":0.000802358554211,"dvar2":0.00187408190686,"max":0.517675936222,"mean":0.116687327623,"median":0.107872694731,"min":0.00469306809828,"var":0.00266082887538},"melbands_kurtosis":{"dmean":5.71754217148,"dmean2":9.11953926086,"dvar":160.440368652,"dvar2":362.757080078,"max":447.007232666,"mean":7.93677282333,"median":2.81693887711,"min":-1.88769972324,"var":283.423980713},"melbands_skewness":{"dmean":0.7437967062,"dmean2":1.15410733223,"dvar":0.866731524467,"dvar2":1.90724050999,"max":13.7636079788,"mean":2.233700037,"median":1.81629085541,"min":-2.16352963448,"var":2.57272934914},"melbands_spread":{"dmean":13.9614639282,"dmean2":22.2844944,"dvar":248.785140991,"dvar2":570.79296875,"max":236.230773926,"mean":52.9423179626,"median":51.1986618042,"min":0.381995886564,"var":718.74810791},"mfcc":{"cov":[[9246.04101563,467.087524414,28.3482723236,192.071548462,17.3586330414,228.748519897,34.9128074646,53.7800788879,53.8663711548,120.684638977,18.2473220825,37.0389289856,-7.4782128334],[467.087524414,605.265991211,-96.1031112671,143.823471069,-18.472454071,46.7955780029,76.7684555054,53.8690948486,69.3253631592,10.9278306961,49.7117805481,33.6222381592,5.14462327957],[28.3482723236,-96.1031112671,429.122589111,-9.67960071564,86.5395889282,47.8913078308,27.8655529022,35.0752677917,-23.114233017,26.3804607391,4.71998929977,4.41467571259,15.0531206131],[192.071548462,143.823471069,-9.67960071564,333.451416016,93.2238693237,8.96186733246,-9.80593490601,-2.94184279442,49.4353141785,-31.8737983704,6.62989997864,11.586763382,5.70225048065],[17.3586330414,-18.472454071,86.5395889282,93.2238693237,216.667404175,39.1952400208,-17.6723251343,-9.75537967682,35.5659866333,18.4308433533,-8.19083118439,-2.81151413918,0.638687074184],[228.748519897,46.7955780029,47.8913078308,8.96186733246,39.1952400208,118.37046051,67.5306167603,30.6303024292,6.64500761032,32.238948822,13.8133745193,4.85684919357,3.41935420036],[34.9128074646,76.7684555054,27.8655529022,-9.80593490601,-17.6723251343,67.5306167603,171.83934021,74.4794082642,16.8017234802,19.6091632843,23.7341499329,17.5450115204,-2.07301306725],[53.7800788879,53.8690948486,35.0752677917,-2.94184279442,-9.75537967682,30.6303024292,74.4794082642,104.455116272,37.1741485596,23.6727161407,20.1820449829,16.0355567932,8.31494617462],[53.8663711548,69.3253631592,-23.114233017,49.4353141785,35.5659866333,6.64500761032,16.8017234802,37.1741485596,92.0542831421,34.5596237183,19.4153385162,4.16008424759,2.1190290451],[120.684638977,10.9278306961,26.3804607391,-31.8737983704,18.4308433533,32.238948822,19.6091632843,23.6727161407,34.5596237183,97.6664428711,31.6906604767,8.9003276825,5.88762998581],[18.2473220825,49.7117805481,4.71998929977,6.62989997864,-8.19083118439,13.8133745193,23.7341499329,20.1820449829,19.4153385162,31.6906604767,76.220413208,31.4609680176,8.90613555908],[37.0389289856,33.6222381592,4.41467571259,11.586763382,-2.81151413918,4.85684919357,17.5450115204,16.0355567932,4.16008424759,8.9003276825,31.4609680176,66.3070755005,29.2360992432],[-7.4782128334,5.14462327957,15.0531206131,5.70225048065,0.638687074184,3.41935420036,-2.07301306725,8.31494617462,2.1190290451,5.88762998581,8.90613555908,29.2360992432,64.0458221436]],"icov":[[0.000122081488371,-7.79892507126e-05,-1.63422755577e-05,-7.15684727766e-05,9.57632291829e-05,-0.000273888290394,0.000144875113619,-2.18539698835e-05,1.95678676391e-05,-0.000163174190675,0.00014944432769,-0.00011803117377,9.93776775431e-05],[-7.79892507126e-05,0.00235745473765,0.000446484511485,-0.00090418686159,0.000599454913754,-0.000665038474835,-0.000529303681105,-0.000210564016015,-0.00108525366522,0.00034524887451,-0.000767785473727,-0.000426368176704,0.000122389261378],[-1.63422755577e-05,0.000446484511485,0.00310662272386,-6.58698918414e-05,-0.00153443089221,-0.000237295869738,-0.000106687817606,-0.00182277197018,0.00220719142817,-0.000689423584845,-0.000476874382002,0.00048198501463,-0.00066427042475],[-7.15684727766e-05,-0.00090418686159,-6.58698918414e-05,0.00463245110586,-0.00186352711171,-0.000123109974083,0.000266023038421,0.000701547600329,-0.00233867554925,0.00299247051589,-0.000680262921378,-0.000414972135331,-0.000303692009766],[9.57632291829e-05,0.000599454913754,-0.00153443089221,-0.00186352711171,0.00760446349159,-0.00326453987509,0.00133910123259,0.00206602551043,-0.00376922218129,-0.000746590725612,0.00194571982138,-0.00117016816512,0.000820105313323],[-0.000273888290394,-0.000665038474835,-0.000237295869738,-0.000123109974083,-0.00326453987509,0.0145326564088,-0.00545510090888,-0.000648921588436,0.00359038356692,-0.00364192272536,-0.000711811648216,0.0021496815607,-0.00141379167326],[0.000144875113619,-0.000529303681105,-0.000106687817606,0.000266023038421,0.00133910123259,-0.00545510090888,0.0111127458513,-0.00606190925464,0.000226799980737,0.000843144021928,-0.000343450898072,-0.00184417527635,0.00229000253603],[-2.18539698835e-05,-0.000210564016015,-0.00182277197018,0.000701547600329,0.00206602551043,-0.000648921588436,-0.00606190925464,0.0179750379175,-0.00763629050925,0.000278244813671,0.000323023414239,-0.00167818646878,-0.0011872848263],[1.95678676391e-05,-0.00108525366522,0.00220719142817,-0.00233867554925,-0.00376922218129,0.00359038356692,0.000226799980737,-0.00763629050925,0.0205584671348,-0.00683359708637,-0.0018675752217,0.00289465882815,-0.000490113685373],[-0.000163174190675,0.00034524887451,-0.000689423584845,0.00299247051589,-0.000746590725612,-0.00364192272536,0.000843144021928,0.000278244813671,-0.00683359708637,0.0168943647295,-0.00556974997744,0.000516618485563,-0.000746407546103],[0.00014944432769,-0.000767785473727,-0.000476874382002,-0.000680262921378,0.00194571982138,-0.000711811648216,-0.000343450898072,0.000323023414239,-0.0018675752217,-0.00556974997744,0.0203403607011,-0.00911951716989,0.00212556449696],[-0.00011803117377,-0.000426368176704,0.00048198501463,-0.000414972135331,-0.00117016816512,0.0021496815607,-0.00184417527635,-0.00167818646878,0.00289465882815,0.000516618485563,-0.00911951716989,0.0246280096471,-0.0101182740182],[9.93776775431e-05,0.000122389261378,-0.00066427042475,-0.000303692009766,0.000820105313323,-0.00141379167326,0.00229000253603,-0.0011872848263,-0.000490113685373,-0.000746407546103,0.00212556449696,-0.0101182740182,0.0205024443567]],"mean":[-590.731201172,68.7612304688,-0.328475147486,27.9927940369,5.0865945816,14.0204668045,2.42373347282,3.00676655769,3.70096182823,1.32233119011,-1.32855224609,1.02410256863,-2.86919355392]},"pitch_salience":{"dmean":0.0728557109833,"dmean2":0.119676239789,"dvar":0.00634304666892,"dvar2":0.0150688383728,"max":0.847923755646,"mean":0.597469866276,"median":0.61707675457,"min":0.0574558526278,"var":0.0135200750083},"silence_rate_20dB":{"dmean":0,"dmean2":0,"dvar":0,"dvar2":0,"max":1,"mean":1,"median":1,"min":1,"var":0},"silence_rate_30dB":{"dmean":0,"dmean2":0,"dvar":0,"dvar2":0,"max":1,"mean":1,"median":1,"min":1,"var":0},"silence_rate_60dB":{"dmean":0.00395300332457,"dmean2":0.00790687464178,"dvar":0.00393710425124,"dvar2":0.00872225314379,"max":1,"mean":0.0446859896183,"median":0,"min":0,"var":0.0426862351596},"spectral_centroid":{"dmean":292.781524658,"dmean2":469.560882568,"dvar":101096.921875,"dvar2":252021.796875,"max":10599.1767578,"mean":2420.12109375,"median":2466.3659668,"min":217.574386597,"var":349582.96875},"spectral_complexity":{"dmean":4.84242868423,"dmean2":7.28640460968,"dvar":24.8224620819,"dvar2":44.6085090637,"max":62,"mean":34.3227920532,"median":37,"min":0,"var":171.417694092},"spectral_contrast_coeffs":{"dmean":[0.0510141886771,0.0430918112397,0.0357040166855,0.0308028515428,0.0198234338313,0.0197680220008],"dmean2":[0.0847607702017,0.071390658617,0.0589760355651,0.0507861971855,0.0330078080297,0.0318026840687],"dvar":[0.00190805189777,0.00120674620848,0.000791569240391,0.000595228222664,0.000260968226939,0.000317314610584],"dvar2":[0.00502612907439,0.00331716635264,0.00211916607805,0.00155914796051,0.000712559907697,0.000762144103646],"max":[-0.325083971024,-0.473223149776,-0.58421343565,-0.57001131773,-0.641539752483,-0.574328482151],"mean":[-0.639843046665,-0.759270250797,-0.791445016861,-0.780548393726,-0.796303451061,-0.727922976017],"median":[-0.63963496685,-0.760511100292,-0.793661415577,-0.782474637032,-0.797225594521,-0.727572917938],"min":[-0.977477669716,-0.967712879181,-0.974881827831,-0.963103353977,-0.957135140896,-0.956076800823],"var":[0.00506507931277,0.0038512556348,0.00284648151137,0.00250526587479,0.0011661448516,0.00229809177108]},"spectral_contrast_valleys":{"dmean":[0.383784651756,0.329195201397,0.288362145424,0.255097866058,0.200180903077,0.237266212702],"dmean2":[0.638200044632,0.536978065968,0.460744947195,0.397037059069,0.305032610893,0.345865666866],"dvar":[0.103360168636,0.0815426185727,0.0673322156072,0.0618770234287,0.0538779720664,0.0952963903546],"dvar2":[0.264222621918,0.192336052656,0.147666588426,0.118602648377,0.0927202627063,0.181787744164],"max":[-5.55929756165,-5.18509817123,-5.38844060898,-5.66351318359,-5.38382720947,-7.01344251633],"mean":[-7.32984304428,-6.90560007095,-7.17807483673,-7.16951990128,-6.69660568237,-9.13515758514],"median":[-7.01421022415,-6.6886882782,-7.00918006897,-6.96313381195,-6.41524028778,-8.86855792999],"min":[-27.48620224,-27.5292053223,-26.9771327972,-27.1803245544,-27.3248023987,-27.3424339294],"var":[2.53879070282,1.66984498501,1.58685863018,1.54427182674,1.53120744228,1.64068484306]},"spectral_decrease":{"dmean":1.98800709228e-09,"dmean2":3.08032022112e-09,"dvar":8.7194911623e-18,"dvar2":1.88370317107e-17,"max":6.36429258699e-15,"mean":-6.42623110281e-09,"median":-5.63754865013e-09,"min":-2.89002954901e-08,"var":1.6009096411e-17},"spectral_energy":{"dmean":0.00802184548229,"dmean2":0.012232969515,"dvar":0.000129930151161,"dvar2":0.00027828552993,"max":0.111753709614,"mean":0.0282680559903,"median":0.0253769438714,"min":1.07914798585e-20,"var":0.000260276079644},"spectral_energyband_high":{"dmean":0.0015292953467,"dmean2":0.00250426284038,"dvar":6.47345086691e-06,"dvar2":1.6305142708e-05,"max":0.0292237345129,"mean":0.00389393139631,"median":0.00304105994292,"min":7.76636322834e-21,"var":1.12128336696e-05},"spectral_energyband_low":{"dmean":0.00565629918128,"dmean2":0.00892319064587,"dvar":0.000124898608192,"dvar2":0.000270662159892,"max":0.104084461927,"mean":0.010008238256,"median":0.00577178644016,"min":3.8125303606e-23,"var":0.000180663948413},"spectral_energyband_middle_high":{"dmean":0.00209929537959,"dmean2":0.00327285402454,"dvar":5.61877550354e-06,"dvar2":1.32743089125e-05,"max":0.0337627306581,"mean":0.00797420740128,"median":0.00760706001893,"min":1.41403334931e-21,"var":2.65942708211e-05},"spectral_energyband_middle_low":{"dmean":0.00316463643685,"dmean2":0.00521013233811,"dvar":3.35665936291e-05,"dvar2":9.06611749087e-05,"max":0.0609732754529,"mean":0.00776201253757,"median":0.00642738305032,"min":2.52251590416e-22,"var":3.91322246287e-05},"spectral_entropy":{"dmean":0.0855891034007,"dmean2":0.133244335651,"dvar":0.00810772366822,"dvar2":0.0173796992749,"max":9.78984928131,"mean":8.12724113464,"median":8.13169384003,"min":7.08768463135,"var":0.0461253374815},"spectral_flux":{"dmean":0.0221777055413,"dmean2":0.0341667346656,"dvar":0.000766029115766,"dvar2":0.0017056139186,"max":0.280761480331,"mean":0.0929578021169,"median":0.0857637226582,"min":1.03882048796e-10,"var":0.00182961602695},"spectral_kurtosis":{"dmean":0.607716739178,"dmean2":1.00352048874,"dvar":0.354456484318,"dvar2":0.958295106888,"max":25.6394958496,"mean":2.22301149368,"median":2.1142950058,"min":-1.17931449413,"var":1.56187617779},"spectral_rms":{"dmean":0.000675090646837,"dmean2":0.00100886612199,"dvar":6.91563400324e-07,"dvar2":1.42259511904e-06,"max":0.0104416478425,"mean":0.00499859033152,"median":0.00497574079782,"min":3.24473000551e-12,"var":2.59266334979e-06},"spectral_rolloff":{"dmean":963.177978516,"dmean2":1597.85095215,"dvar":1435731.375,"dvar2":3287797,"max":21985.4003906,"mean":3755.76196289,"median":3552.97851563,"min":86.1328125,"var":7326973.5},"spectral_skewness":{"dmean":0.131313636899,"dmean2":0.213046625257,"dvar":0.0160299558192,"dvar2":0.0397177301347,"max":3.62291002274,"mean":1.05147576332,"median":1.04048705101,"min":-0.104849562049,"var":0.0682794079185},"spectral_spread":{"dmean":477533.625,"dmean2":698605.75,"dvar":343796744192,"dvar2":648896643072,"max":39658952,"mean":5499718.5,"median":5202235,"min":2403133.25,"var":4884857880580.0},"spectral_strongpeak":{"dmean":0.486638516188,"dmean2":0.851957261562,"dvar":0.841745495796,"dvar2":2.26227736473,"max":15.5723104477,"mean":0.663935065269,"median":0.336585938931,"min":5.25170573695e-09,"var":0.956003546715},"zerocrossingrate":{"dmean":0.0147580290213,"dmean2":0.0169593822211,"dvar":0.000252906844253,"dvar2":0.000286221853457,"max":0.89990234375,"mean":0.122959166765,"median":0.11279296875,"min":0.0078125,"var":0.00687517784536}},"metadata":{"audio_properties":{"analysis_sample_rate":44100,"bit_rate":320000,"codec":"mp3","downmix":"mix","equal_loudness":0,"length":211.461227417,"lossless":false,"md5_encoded":"aedc97643426ef80f763adc6fdff9a84","replay_gain":-15.2004184723,"sample_rate":44100},"tags":{"acoustid_id":["d8613b73-081e-46a9-88de-cade2cfe92fe"],"album":["The Arockalypse"],"albumartist":["Lordi"],"albumartistsort":["Lordi"],"artist":["Lordi"],"artistsort":["Lordi"],"date":[""],"discnumber":["1/1"],"file_name":"08 Good to Be Bad.mp3","genre":[""],"isrc":["FIBAR0500291"],"musicbrainz album status":["promotion"],"musicbrainz album type":["album"],"musicbrainz_albumartistid":["b5b4ba6e-6e34-4669-a33b-0d813b4c3d83"],"musicbrainz_albumid":["dd1f50dd-37c6-413e-beed-71246f405da4"],"musicbrainz_artistid":["b5b4ba6e-6e34-4669-a33b-0d813b4c3d83"],"musicbrainz_recordingid":["b484ed67-1428-4479-9670-a7736309cbb4"],"musicbrainz_releasegroupid":["fa5d429b-6a17-35c3-ba27-2185e8a60bb2"],"originaldate":["2006"],"script":["Latn"],"title":["Good to Be Bad"],"tracknumber":["8/10"]},"version":{"essentia":"2.1-beta2","essentia_build_sha":"2d9f1f26377add8aeb1075a9c2973f962c4f09fd","essentia_git_sha":"v2.1_beta2-1-ge3940c0","extractor":"music 1.0"}},"rhythm":{"beats_count":468,"beats_loudness":{"dmean":0.0195329077542,"dmean2":0.0343585200608,"dvar":0.000253712758422,"dvar2":0.000827020499855,"max":0.097221493721,"mean":0.0425681956112,"median":0.0409858040512,"min":8.99738861193e-09,"var":0.000396568211727},"beats_loudness_band_ratio":{"dmean":[0.321683436632,0.164333626628,0.0541412010789,0.0732704773545,0.0911927744746,0.137233749032],"dmean2":[0.612904846668,0.321927905083,0.0956718325615,0.132551297545,0.167946740985,0.26266515255],"dvar":[0.0409641228616,0.0101000610739,0.00356664694846,0.00508755771443,0.00497363880277,0.00723500130698],"dvar2":[0.136640429497,0.0360635556281,0.0105287423357,0.0147412382066,0.0145605541766,0.0230238195509],"max":[0.968107223511,0.426151245832,0.490719735622,0.494612902403,0.455057531595,0.992663681507],"mean":[0.476206898689,0.126083448529,0.0666810944676,0.08999350667,0.124264858663,0.177253961563],"median":[0.445357531309,0.0