{"lowlevel":{"average_loudness":0.976643621922,"barkbands":{"dmean":[6.69567962177e-05,0.00627206452191,0.00358885643072,0.00164441741072,0.00249157636426,0.000510512618348,0.00037708322634,0.000453150947578,0.000696731440257,0.000817683292553,0.000485173804918,0.000443896657089,0.000457571906736,0.000531199213583,0.000389238557545,0.000354064482963,0.000367115280824,0.000283285131445,0.000279179395875,0.000456975074485,0.000485247757751,0.000597928999923,0.00048497194075,0.000265596085228,0.00012374536891,6.82253375999e-05,6.70337021802e-06],"dmean2":[9.47358785197e-05,0.0102212680504,0.00607960857451,0.00278123584576,0.0043301791884,0.000844892929308,0.000615101540461,0.000727161008399,0.00109040050302,0.00128805544227,0.000794190214947,0.000728088023607,0.000741355586797,0.00086356542306,0.000639062724076,0.000571946846321,0.000605234585237,0.000470019469503,0.000476029264973,0.000795837375335,0.000839429791085,0.00104248931166,0.000845359754749,0.000419197313022,0.000195986431208,0.000108608954179,1.10548080556e-05],"dvar":[2.00390619653e-08,0.000124748214148,3.72021131625e-05,7.68608060753e-06,3.61862512364e-05,6.17353521193e-07,5.53986183149e-07,8.27170993034e-07,1.86296460924e-06,3.12488282361e-06,8.39392043872e-07,6.81781386902e-07,5.32562808075e-07,6.84109295435e-07,4.81275606035e-07,3.56285795533e-07,2.48117515866e-07,1.43108735529e-07,1.11859215224e-07,4.27890540777e-07,5.16653415161e-07,1.3102670664e-06,8.98988844256e-07,3.22092830629e-07,9.15592153206e-08,4.3373102443e-08,2.5279645044e-10],"dvar2":[3.54292453153e-08,0.000322224979755,0.000103300975752,2.09983045352e-05,9.80536497082e-05,1.60824936302e-06,1.26495683617e-06,2.03850231628e-06,4.39814311903e-06,7.62013360145e-06,2.14954252442e-06,1.74209742454e-06,1.3568948134e-06,1.67132316164e-06,1.19704918689e-06,8.49219873089e-07,6.49285482268e-07,3.79116585236e-07,3.04442494325e-07,1.19685864775e-06,1.46238141951e-06,3.79209404855e-06,2.63627248387e-06,7.23488483345e-07,2.14482909655e-07,1.14416870645e-07,6.58850418667e-10],"max":[0.00195142824668,0.108974650502,0.0659308433533,0.0777776166797,0.0873019620776,0.0193218179047,0.0231432281435,0.0153055973351,0.0230417475104,0.0324474088848,0.0207785796374,0.0199065543711,0.00972629059106,0.0116580761969,0.0119317406788,0.0175672322512,0.00937534868717,0.010964221321,0.00652618100867,0.00698364619166,0.00870642159134,0.0114215482026,0.00875870883465,0.0200405474752,0.00788957532495,0.00346275814809,0.000404748891015],"mean":[8.49942080094e-05,0.0104721738026,0.00621955329552,0.00240461155772,0.00295825302601,0.000965003680903,0.000648565997835,0.000781138602179,0.00131792086177,0.00143451255281,0.000823239446618,0.000733514491003,0.000792446488049,0.000908069137949,0.000679409888107,0.000692464062013,0.000739450566471,0.000595057848841,0.000598845188506,0.000869395851623,0.000958467833698,0.00113154633436,0.000917684461456,0.000630470574833,0.000243283124291,0.000108351698145,8.87438818609e-06],"median":[1.82924140972e-05,0.00749695114791,0.00446108356118,0.00150621426292,0.00149066385347,0.000534262391739,0.000325527740642,0.000337279867381,0.000442672608187,0.000486434466438,0.000337480683811,0.000402234494686,0.000397710187826,0.000492685125209,0.000356125819962,0.000414580514189,0.0005415789783,0.000461889547296,0.000500876398291,0.000662753824145,0.000798423367087,0.000866487273015,0.000691080000252,0.000485196564114,0.000159517163411,4.51891501143e-05,3.04901504933e-06],"min":[5.93453874328e-23,3.21058468261e-23,2.63485095925e-23,1.93437182104e-23,6.06177506532e-23,2.6006850779e-23,2.00652892804e-23,9.14110433736e-23,9.11370435822e-23,6.36504538281e-23,7.48782479832e-23,8.40187856029e-23,4.50731329198e-23,1.7033664005e-22,1.29495733265e-22,1.04921876719e-22,1.5476935992e-22,1.84335828783e-22,2.50658217606e-22,2.94686753537e-22,4.7087145298e-22,4.55815745992e-22,7.14965817739e-22,7.45865587749e-22,9.4619930112e-22,1.93068397834e-21,2.67386557099e-21],"var":[3.27884528417e-08,0.000139936877531,4.21705881308e-05,9.32379407459e-06,2.83778026642e-05,1.97741451302e-06,1.64787195445e-06,2.06491949939e-06,5.80840696784e-06,6.82432164467e-06,1.89831303032e-06,1.2064862176e-06,1.13742089525e-06,1.39115957154e-06,8.9445870799e-07,9.67653591033e-07,5.72364342588e-07,2.94344545182e-07,2.40817797703e-07,6.39903987576e-07,6.39148083792e-07,1.40695226492e-06,9.6117571502e-07,6.27822885235e-07,1.58159636499e-07,4.67604053256e-08,2.96135033162e-10]},"barkbands_crest":{"dmean":2.63663268089,"dmean2":4.3517999649,"dvar":7.86492300034,"dvar2":20.2461013794,"max":25.9716262817,"mean":8.89669418335,"median":7.93055820465,"min":2.15114402771,"var":16.7652320862},"barkbands_flatness_db":{"dmean":0.0193124786019,"dmean2":0.029681397602,"dvar":0.000452788692201,"dvar2":0.00105838035233,"max":0.593585789204,"mean":0.0978962704539,"median":0.0805103853345,"min":0.0245678536594,"var":0.00312714232132},"barkbands_kurtosis":{"dmean":2.65541124344,"dmean2":4.29048919678,"dvar":104.566116333,"dvar2":272.410644531,"max":572.772399902,"mean":2.58602595329,"median":-0.447071552277,"min":-1.9598351717,"var":195.461578369},"barkbands_skewness":{"dmean":0.533282876015,"dmean2":0.843872725964,"dvar":0.451083958149,"dvar2":1.10656666756,"max":16.6379337311,"mean":1.19346940517,"median":0.856030523777,"min":-6.29589271545,"var":1.66311693192},"barkbands_spread":{"dmean":8.58549404144,"dmean2":13.8498258591,"dvar":87.0644683838,"dvar2":217.673751831,"max":133.47819519,"mean":43.4211044312,"median":44.764591217,"min":0.127664044499,"var":332.800292969},"dissonance":{"dmean":0.0095842750743,"dmean2":0.0162969790399,"dvar":0.000111799541628,"dvar2":0.000305283931084,"max":0.500000059605,"mean":0.484108477831,"median":0.487641125917,"min":0.300808310509,"var":0.000188291422091},"dynamic_complexity":1.68823444843,"erbbands":{"dmean":[0.124624669552,1.63542962074,4.08807229996,4.64285373688,7.81530857086,8.3051071167,3.89642286301,4.59900665283,5.00559425354,6.91827487946,10.6279964447,17.3860359192,20.726556778,21.3820514679,19.5262374878,19.1959590912,19.6660194397,25.068769455,23.4301261902,15.1692180634,19.4794120789,19.5710697174,15.5259799957,13.7384996414,15.32954216,20.8271102905,20.0505504608,20.8801441193,22.7250404358,19.8700389862,11.1557731628,6.69874382019,4.02142238617,1.56500375271,0.852894902229,0.406476169825,0.102458238602,0.0147989606485,0.00121355336159,3.67320935766e-05],"dmean2":[0.195392519236,2.70126843452,6.91459417343,7.70379018784,13.5470523834,14.5775585175,6.55560350418,7.58997392654,8.05666160583,11.4791669846,16.8003997803,27.1960372925,31.9635829926,33.6616783142,32.1455039978,31.4542274475,31.7371349335,40.4903259277,37.9511299133,24.2792053223,31.8430309296,32.322845459,25.8057842255,23.0632991791,26.5550708771,36.1804199219,34.361240387,36.7037239075,40.0658988953,34.8006095886,19.0936050415,10.7029275894,6.4337272644,2.50691151619,1.3378469944,0.644876778126,0.164918333292,0.0235018562526,0.00201089540496,5.97072466917e-05],"dvar":[0.0507645085454,8.9117641449,52.3528404236,55.0030975342,216.781463623,454.719390869,44.5410118103,55.7150268555,109.252098083,151.269851685,551.270996094,1193.62719727,2448.72167969,2166.07617188,1350.36022949,1309.85693359,966.341552734,1472.64123535,1445.53552246,846.583618164,898.061828613,647.919616699,379.079437256,311.797973633,398.332580566,869.023498535,804.407531738,1140.1394043,2151.50390625,1689.2869873,351.894256592,196.958740234,68.2766647339,12.6363391876,5.57433795929,1.45094847679,0.101660318673,0.00145484670065,9.25200583879e-06,5.86532555857e-09],"dvar2":[0.115722708404,23.7021541595,145.094940186,146.270217896,584.377441406,1257.4230957,120.369972229,142.695449829,242.953567505,388.568084717,1337.11938477,2818.06420898,5649.77978516,5287.56640625,3562.51074219,3364.22241211,2440.96923828,3615.38891602,3588.24536133,2024.27331543,2181.65209961,1707.10375977,1024.8795166,826.985168457,1119.65979004,2428.78393555,2224.7878418,3309.08105469,6239.18847656,4931.53173828,995.531311035,453.711212158,154.107833862,29.091047287,13.176240921,3.66489601135,0.275636315346,0.00377660733648,2.45957398874e-05,1.5696372202e-08],"max":[2.44151115417,28.7008094788,82.8472290039,174.836090088,224.619628906,288.084899902,189.668258667,185.313674927,355.029418945,359.545196533,421.988342285,525.953796387,1019.37597656,1010.6394043,721.106933594,1001.36981201,423.713928223,663.267578125,700.620727539,677.613708496,828.43371582,388.479125977,544.689147949,463.415100098,241.266082764,381.499633789,322.299285889,362.672119141,486.833435059,402.408081055,229.071670532,561.400390625,206.650924683,90.8097763062,62.9166259766,25.4031829834,5.82425403595,0.934161841869,0.0880856812,0.00228072050959],"mean":[0.216291710734,2.67581820488,7.23925590515,8.06212520599,9.74557590485,9.26482105255,6.85025024414,8.40755748749,9.3659620285,11.0680208206,20.3830623627,33.9541549683,38.1506576538,40.4691200256,34.4333114624,33.2238044739,36.340637207,45.5577392578,43.4436759949,31.2192001343,40.6723175049,41.5582389832,34.9542617798,30.7652301788,32.1511383057,40.3208084106,40.0184898376,38.3458480835,40.0304946899,37.4546966553,23.0749053955,15.4247837067,8.75065898895,3.1450483799,1.60910391808,0.659056782722,0.159389868379,0.0233840271831,0.00160428439267,9.30587193579e-05],"median":[0.13601821661,1.91337287426,5.23619127274,5.7702922821,5.72450828552,4.26638793945,3.53887414932,4.38262557983,4.78314065933,6.4881477356,8.02290916443,11.6033296585,12.485663414,16.0893383026,16.4573974609,19.0267562866,19.791475296,25.8995113373,24.9568405151,17.8570575714,26.6528987885,32.1452674866,27.6814785004,25.5673465729,26.8366584778,30.3175621033,33.2968025208,29.7743186951,30.18176651,27.7576980591,18.6162986755,12.0981912613,6.24564790726,2.19999861717,0.947777509689,0.308167636395,0.0604332722723,0.00809804815799,0.000590810144786,7.503987581e-05],"min":[2.12927518002e-21,3.11560889672e-21,1.99914868367e-20,6.48122699435e-20,1.02129036939e-19,2.8716546902e-19,1.61631776702e-19,2.40525252073e-19,2.92634890628e-19,8.96458539818e-19,1.92256233781e-18,1.89224927029e-18,2.22496219897e-18,2.03250953047e-18,4.54649194419e-18,2.60952756473e-18,2.59116456872e-18,6.14696111162e-18,1.00150371541e-17,5.58096029594e-18,5.71031397295e-18,9.27178145932e-18,1.04162271958e-17,1.18510637853e-17,1.45622053184e-17,1.33848601274e-17,1.85317822124e-17,1.71127207843e-17,1.46906366891e-17,2.22370732462e-17,1.91902394867e-17,1.47166895696e-17,1.20827239877e-17,8.95158811601e-18,7.99782157278e-18,7.15226927882e-18,3.45958737264e-18,1.34638141033e-18,3.62410780621e-19,4.32344203285e-20],"var":[0.0717392191291,9.06457138062,55.8577194214,73.4668502808,186.72869873,340.873779297,135.662109375,152.991744995,363.340759277,255.532073975,1493.66516113,3789.66186523,6225.44775391,5744.16650391,2581.53759766,2294.8425293,2146.1940918,3087.70922852,2862.79077148,1940.05773926,2584.13061523,1531.47595215,929.219909668,691.451599121,677.716491699,1365.13598633,1146.3815918,1233.71447754,2017.86914062,1758.01757812,493.697296143,349.790496826,138.485519409,22.2271327972,8.85567188263,1.76055836678,0.101361602545,0.00185029627755,9.8819627965e-06,6.45532871602e-09]},"erbbands_crest":{"dmean":1.94831907749,"dmean2":3.20209360123,"dvar":3.8242585659,"dvar2":9.71625328064,"max":27.0459804535,"mean":6.59762096405,"median":5.66919994354,"min":2.21626567841,"var":9.80898857117},"erbbands_flatness_db":{"dmean":0.0114464592189,"dmean2":0.0174948256463,"dvar":0.000126686398289,"dvar2":0.000276349310298,"max":0.43880829215,"mean":0.120615586638,"median":0.116810530424,"min":0.0277449972928,"var":0.00129178841598},"erbbands_kurtosis":{"dmean":0.687052309513,"dmean2":1.09496998787,"dvar":2.57886743546,"dvar2":6.61287355423,"max":111.923797607,"mean":0.120184585452,"median":-0.297543048859,"min":-1.79659855366,"var":8.38133621216},"erbbands_skewness":{"dmean":0.314116418362,"dmean2":0.489901214838,"dvar":0.0980789512396,"dvar2":0.235966607928,"max":8.27398967743,"mean":-0.256124198437,"median":-0.336764574051,"min":-4.35665559769,"var":0.579870760441},"erbbands_spread":{"dmean":9.08291816711,"dmean2":14.4287023544,"dvar":91.5762329102,"dvar2":219.318496704,"max":190.916137695,"mean":50.1546173096,"median":47.342956543,"min":1.98847258091,"var":327.977142334},"gfcc":{"cov":[[9978.73925781,-536.279663086,-176.229873657,486.557861328,-724.522338867,419.602539062,-266.580383301,342.085266113,-82.9847717285,178.144134521,-148.63772583,109.422966003,-188.009384155],[-536.279663086,901.537841797,-204.117706299,33.4728775024,150.598571777,-108.301635742,116.610824585,-55.3358001709,68.7396697998,-59.5071754456,78.4385223389,-55.0684585571,73.0316467285],[-176.229873657,-204.117706299,849.605895996,151.356246948,190.385116577,148.0965271,-30.0137443542,49.2892036438,-25.646692276,38.0558509827,-68.3780136108,62.3570327759,-62.8681640625],[486.557861328,33.4728775024,151.356246948,338.508850098,48.7370948792,32.1947746277,3.31140565872,-8.29294013977,31.968547821,10.6127119064,6.41035556793,6.4156832695,-1.40315079689],[-724.522338867,150.598571777,190.385116577,48.7370948792,340.780212402,12.5995483398,25.6913051605,-17.7514648438,11.6125440598,13.7315988541,-16.4961223602,3.66754150391,-0.43327024579],[419.602539062,-108.301635742,148.0965271,32.1947746277,12.5995483398,225.400772095,48.6870155334,85.8940200806,-11.411658287,-4.56112623215,-1.31064879894,-6.39404726028,-18.6885910034],[-266.580383301,116.610824585,-30.0137443542,3.31140565872,25.6913051605,48.6870155334,182.919326782,44.1325340271,9.22678184509,-30.8122138977,20.648349762,-16.4164714813,7.92327833176],[342.085266113,-55.3358001709,49.2892036438,-8.29294013977,-17.7514648438,85.8940200806,44.1325340271,161.008499146,33.5485038757,5.63738059998,-8.03560352325,-2.91225218773,-9.18160247803],[-82.9847717285,68.7396697998,-25.646692276,31.968547821,11.6125440598,-11.411658287,9.22678184509,33.5485038757,103.990127563,21.9774951935,12.5739746094,-16.9969539642,8.41959762573],[178.144134521,-59.5071754456,38.0558509827,10.6127119064,13.7315988541,-4.56112623215,-30.8122138977,5.63738059998,21.9774951935,82.0393829346,7.97884368896,12.0429153442,-18.6685523987],[-148.63772583,78.4385223389,-68.3780136108,6.41035556793,-16.4961223602,-1.31064879894,20.648349762,-8.03560352325,12.5739746094,7.97884368896,84.9641036987,10.9881820679,18.7753791809],[109.422966003,-55.0684585571,62.3570327759,6.4156832695,3.66754150391,-6.39404726028,-16.4164714813,-2.91225218773,-16.9969539642,12.0429153442,10.9881820679,77.9232330322,10.5684547424],[-188.009384155,73.0316467285,-62.8681640625,-1.40315079689,-0.43327024579,-18.6885910034,7.92327833176,-9.18160247803,8.41959762573,-18.6685523987,18.7753791809,10.5684547424,66.2218322754]],"icov":[[0.00029670636286,-0.000332497816999,0.00039146389463,-0.000641292019282,0.000683523830958,-0.000763214076869,0.000562090601306,-0.000578817736823,0.000568291987292,-0.000844620983116,0.00106792896986,-0.000906592875253,0.000740236020647],[-0.000332497816999,0.0023688855581,-0.000284764362732,0.000563645968214,-0.00178858661093,0.00180783995893,-0.00145366741344,0.000898192403838,-0.00145375588909,0.00222078314982,-0.00281609361991,0.0022590442095,-0.00176912778988],[0.00039146389463,-0.000284764362732,0.00265820231289,-0.00155942607671,-0.000178133224836,-0.00211327080615,0.00111603457481,-0.000954302493483,0.000886476307642,-0.00120941910427,0.00263341865502,-0.00302304234356,0.00233475188725],[-0.000641292019282,0.000563645968214,-0.00155942607671,0.00488793198019,-0.00140266108792,0.00109951326158,-0.00127290841192,0.00219942978583,-0.00273130694404,0.00188430130947,-0.00263185566291,0.00183320138603,-0.00172871188261],[0.000683523830958,-0.00178858661093,-0.000178133224836,-0.00140266108792,0.0057992101647,-0.00208164099604,0.000648222165182,-0.000401033088565,0.00110055017285,-0.0034097044263,0.00389219564386,-0.00223022559658,0.00118282646872],[-0.000763214076869,0.00180783995893,-0.00211327080615,0.00109951326158,-0.00208164099604,0.00948739796877,-0.00279657891952,-0.00205434393138,0.000441279757069,0.00300392485224,-0.00509283784777,0.00477609690279,-0.00195748126134],[0.000562090601306,-0.00145366741344,0.00111603457481,-0.00127290841192,0.000648222165182,-0.00279657891952,0.00863023009151,-0.0030819948297,0.00129047245719,0.000865030160639,0.000441006093752,-0.00136923720129,0.00215990142897],[-0.000578817736823,0.000898192403838,-0.000954302493483,0.00219942978583,-0.000401033088565,-0.00205434393138,-0.0030819948297,0.011095944792,-0.0055453395471,0.00129043194465,-0.000195720625925,0.000415015034378,-0.00111033720896],[0.000568291987292,-0.00145375588909,0.000886476307642,-0.00273130694404,0.00110055017285,0.000441279757069,0.00129047245719,-0.0055453395471,0.0153705636039,-0.00642448570579,0.000951039604843,0.00210829079151,-0.00116261269432],[-0.000844620983116,0.00222078314982,-0.00120941910427,0.00188430130947,-0.0034097044263,0.00300392485224,0.000865030160639,0.00129043194465,-0.00642448570579,0.0200676098466,-0.00705941952765,0.000239510831307,0.00338285462931],[0.00106792896986,-0.00281609361991,0.00263341865502,-0.00263185566291,0.00389219564386,-0.00509283784777,0.000441006093752,-0.000195720625925,0.000951039604843,-0.00705941952765,0.0205241814256,-0.00754094775766,0.000363588012988],[-0.000906592875253,0.0022590442095,-0.00302304234356,0.00183320138603,-0.00223022559658,0.00477609690279,-0.00136923720129,0.000415015034378,0.00210829079151,0.000239510831307,-0.00754094775766,0.0207270085812,-0.00771206244826],[0.000740236020647,-0.00176912778988,0.00233475188725,-0.00172871188261,0.00118282646872,-0.00195748126134,0.00215990142897,-0.00111033720896,-0.00116261269432,0.00338285462931,0.000363588012988,-0.00771206244826,0.0226054023951]],"mean":[58.2075119019,56.1224861145,-111.846244812,54.9081459045,-55.5028076172,31.2731952667,-28.817111969,9.23030281067,-22.1040325165,1.62683308125,-20.2447242737,-0.223302841187,-14.2506875992]},"hfc":{"dmean":13.9824037552,"dmean2":23.3468799591,"dvar":500.933776855,"dvar2":1395.92211914,"max":245.740036011,"mean":48.7680587769,"median":48.123008728,"min":1.24342173491e-16,"var":837.527099609},"melbands":{"dmean":[0.00145323458128,0.00206551863812,0.000813939375803,0.000654236704577,0.00015683931997,9.95750524453e-05,7.6435309893e-05,7.91645506979e-05,9.46914733504e-05,0.000108821826871,0.00010610827303,9.17346842471e-05,6.31933580735e-05,5.35272447451e-05,4.59816765215e-05,4.65153352707e-05,5.23044400325e-05,4.20519099862e-05,2.59847620327e-05,2.30274799833e-05,2.48076757998e-05,2.30184978136e-05,1.68758542713e-05,1.42182416312e-05,1.20959966807e-05,1.1287509551e-05,1.41645186886e-05,1.5274847101e-05,1.39735248013e-05,1.29205536723e-05,1.2693923054e-05,1.34831489049e-05,1.23436493595e-05,1.23838935906e-05,7.61647243053e-06,4.5108267841e-06,4.41320162281e-06,3.31031696987e-06,1.9462486307e-06,1.27852285914e-06],"dmean2":[0.00235365517437,0.00342101743445,0.00135849928483,0.00114267633762,0.000268925447017,0.00016388882068,0.000123025645735,0.000130165877636,0.000148615552462,0.000170170344063,0.000164797282196,0.000145396028529,0.00010437976016,8.73110620887e-05,7.51745610614e-05,7.56539593567e-05,8.49132775329e-05,6.83963589836e-05,4.2288149416e-05,3.69992667402e-05,4.10462416767e-05,3.80875062547e-05,2.8018201192e-05,2.38794546021e-05,2.03135987249e-05,1.94287695194e-05,2.47898678936e-05,2.63987840299e-05,2.39789296756e-05,2.23172773985e-05,2.24835948757e-05,2.37910062424e-05,2.13036491914e-05,2.18975619646e-05,1.3118957213e-05,7.41155645301e-06,7.0463584052e-06,5.30452871317e-06,3.16913474308e-06,2.06471804631e-06],"dvar":[6.73495469528e-06,1.27813646031e-05,1.47970683884e-06,2.53269718087e-06,8.86602933292e-08,2.46966003203e-08,2.4575482982e-08,1.94719138591e-08,4.08301623622e-08,4.65867451283e-08,6.30223127018e-08,4.38715090922e-08,1.47428078634e-08,9.39770128383e-09,6.40644559624e-09,6.53931309103e-09,7.08437930541e-09,4.64521843213e-09,2.54866905358e-09,1.97463534413e-09,1.38355527035e-09,9.82011361117e-10,5.47688783215e-10,3.47774642417e-10,2.5966165329e-10,1.81513845621e-10,4.03125977044e-10,4.60917554124e-10,3.72152836325e-10,3.37260747107e-10,4.35356667383e-10,6.54481524531e-10,5.64125857139e-10,6.79936273951e-10,1.58858273758e-10,5.23706945865e-11,1.04885516938e-10,4.67515991198e-11,1.66384961364e-11,9.39808474099e-12],"dvar2":[1.68157985172e-05,3.44715881511e-05,4.00031376557e-06,6.89402577336e-06,2.47179286816e-07,6.31369658777e-08,5.42156506356e-08,4.95321756944e-08,9.7268952004e-08,1.10343087556e-07,1.46716146787e-07,1.08160740808e-07,3.85154628191e-08,2.39220003806e-08,1.63213815796e-08,1.71669505278e-08,1.74741803249e-08,1.15557750036e-08,6.30899466003e-09,4.54994841803e-09,3.48528872429e-09,2.60820121056e-09,1.48012491152e-09,9.62872559462e-10,6.846168632e-10,5.08264708099e-10,1.13847131722e-09,1.29349664313e-09,1.01567732003e-09,9.40823974283e-10,1.27450194842e-09,1.90614479756e-09,1.60787316794e-09,2.00073091428e-09,4.51019693815e-10,1.27058183419e-10,2.45583942071e-10,1.07074529798e-10,3.91493330809e-11,2.25112324614e-11],"max":[0.0237338598818,0.0396766588092,0.0274215228856,0.0233694855124,0.00554635375738,0.00358880800195,0.00535980751738,0.00364263053052,0.00339728058316,0.00343299284577,0.00509483693168,0.00445145787671,0.00272914674133,0.00226694764569,0.00173543661367,0.0013421960175,0.00148082827218,0.00115280132741,0.00102626276202,0.00115921127144,0.000816904357634,0.000567532260902,0.000880334177054,0.000298456870951,0.000455846224213,0.000172039828612,0.000216959422687,0.000244767492404,0.000251099234447,0.000228312797844,0.000202751616598,0.000267474912107,0.000230748715694,0.000253426900599,0.000157206406584,0.000192957188119,0.000409556232626,0.000173918102519,0.0001193855569,8.90694427653e-05],"mean":[0.00250828196295,0.00382322818041,0.00145414564759,0.000745203869883,0.000254741549725,0.00018461716536,0.000140964752063,0.000126002953039,0.00017998580006,0.000207898177905,0.000187749377801,0.00016503437655,0.000109088548925,9.08001966309e-05,7.82746064942e-05,8.02014401415e-05,8.68124843691e-05,7.32653861633e-05,4.58276226709e-05,4.3625204853e-05,4.76799395983e-05,4.41854608653e-05,3.50032532879e-05,2.84476300294e-05,2.43923768721e-05,2.21762547881e-05,2.55931863649e-05,2.70539658231e-05,2.53326725215e-05,2.40528934228e-05,2.12261875276e-05,2.23064544116e-05,2.21174523176e-05,2.09491263377e-05,1.4324784388e-05,9.79366814136e-06,9.17194574868e-06,6.75053843224e-06,3.79673338102e-06,2.29030729315e-06],"median":[0.00174038205296,0.0028517707251,0.00110404123552,0.000373704358935,0.00013824137568,9.95044028969e-05,7.16488502803e-05,7.13541958248e-05,6.40663783997e-05,6.81557721691e-05,5.91084717598e-05,6.14904274698e-05,4.83568182972e-05,4.95500244142e-05,4.64892291347e-05,3.80909368687e-05,4.60438495793e-05,4.0630078729e-05,2.41029065364e-05,2.44258262683e-05,3.08116068481e-05,3.2346953958e-05,2.62982448476e-05,2.13593993976e-05,1.92239513126e-05,1.83885622391e-05,1.91776634892e-05,1.92960833374e-05,2.02250994334e-05,1.96913533728e-05,1.51918602569e-05,1.62863289006e-05,1.63104214153e-05,1.42289318319e-05,1.10678629426e-05,7.74799900682e-06,6.73376098348e-06,4.58070417153e-06,2.58740806203e-06,1.47765433667e-06],"min":[1.58513662963e-23,8.65293717214e-24,1.12376714825e-23,1.45657202361e-23,7.16960887989e-24,5.15388427917e-24,4.40568047615e-24,1.32464939448e-23,1.48140930921e-23,1.2455248313e-23,1.10046222496e-23,7.74794568648e-24,1.29878280317e-23,8.98256822341e-24,7.49370291647e-24,4.53194160833e-24,1.27668933357e-23,1.88867768419e-23,5.76527909085e-24,8.74845481713e-24,6.06805297817e-24,1.04418788565e-23,8.54599603238e-24,8.95335197093e-24,9.6677302072e-24,9.57980298184e-24,1.1570704102e-23,8.16462359434e-24,9.41641174457e-24,1.31950105155e-23,9.01425045509e-24,8.25144799215e-24,8.96879550087e-24,1.35651479965e-23,1.02786248811e-23,9.24481319844e-24,9.37577909706e-24,8.11238522519e-24,8.84697565558e-24,7.34299104053e-24],"var":[8.17533873487e-06,1.35768941618e-05,1.87695184195e-06,1.90981836568e-06,1.5997311209e-07,6.88978047947e-08,8.16001772819e-08,3.38101209252e-08,1.13578089156e-07,1.4163448725e-07,1.53781968493e-07,1.07344646949e-07,2.89014678856e-08,1.74769141381e-08,1.0838448361e-08,1.34450530709e-08,1.35616318175e-08,8.8892173622e-09,4.6061741088e-09,4.87594453702e-09,3.49635831398e-09,2.03222461082e-09,1.39662303944e-09,7.03275326863e-10,5.28504906505e-10,3.22514598361e-10,5.81020620505e-10,6.89475476712e-10,5.3777376996e-10,4.2686851276e-10,4.5064482701e-10,6.28805896241e-10,6.1026084186e-10,6.50681619696e-10,2.07977995936e-10,1.05267523864e-10,1.643583325e-10,8.99026408874e-11,2.97938722305e-11,1.44518607151e-11]},"melbands_crest":{"dmean":3.15349292755,"dmean2":5.14339447021,"dvar":8.59673309326,"dvar2":22.4860744476,"max":31.7201881409,"mean":14.9511861801,"median":14.4884557724,"min":1.91222929955,"var":23.5298728943},"melbands_flatness_db":{"dmean":0.026940818876,"dmean2":0.0417198836803,"dvar":0.000797800719738,"dvar2":0.00189599755686,"max":0.735501527786,"mean":0.151428803802,"median":0.132104128599,"min":0.0036252415739,"var":0.00529334368184},"melbands_kurtosis":{"dmean":9.04120445251,"dmean2":14.3970384598,"dvar":338.78314209,"dvar2":831.038879395,"max":362.47744751,"mean":15.3440122604,"median":6.43870162964,"min":-1.46739280224,"var":708.775146484},"melbands_skewness":{"dmean":0.847694814205,"dmean2":1.33136582375,"dvar":1.06516289711,"dvar2":2.56507945061,"max":14.28262043,"mean":3.03507995605,"median":2.51167082787,"min":-0.73278003931,"var":3.55372047424},"melbands_spread":{"dmean":11.3210000992,"dmean2":18.3183040619,"dvar":145.409820557,"dvar2":379.34262085,"max":174.541213989,"mean":39.6147537231,"median":38.8845901489,"min":0.284186154604,"var":490.20993042},"mfcc":{"cov":[[6126.10888672,-536.526611328,163.254989624,-65.2939758301,-205.282440186,76.8701629639,-69.8284912109,155.582641602,1.50822520256,132.161773682,41.7318763733,14.9211645126,41.3805580139],[-536.526611328,698.69708252,-195.640823364,76.8448486328,43.7506599426,1.74462842941,44.956199646,1.95968210697,32.4324989319,-21.5939254761,13.3240556717,31.0562705994,-4.71989011765],[163.254989624,-195.640823364,579.282043457,67.5922393799,124.137176514,82.2222442627,39.6782646179,73.7554931641,23.2536735535,22.069475174,15.928686142,-4.65731430054,47.937461853],[-65.2939758301,76.8448486328,67.5922393799,339.151031494,95.4085006714,84.5289535522,-16.5255470276,-3.33175516129,11.7295703888,-10.5121803284,6.84392404556,2.29638791084,38.6045570374],[-205.282440186,43.7506599426,124.137176514,95.4085006714,267.781066895,71.0256576538,6.95285463333,-1.92212259769,33.1705856323,5.95752096176,7.35960865021,7.36465978622,18.2554950714],[76.8701629639,1.74462842941,82.2222442627,84.5289535522,71.0256576538,149.12677002,46.4092941284,15.2893457413,-0.970105409622,9.20024967194,5.72163438797,-3.20618414879,9.7179441452],[-69.8284912109,44.956199646,39.6782646179,-16.5255470276,6.95285463333,46.4092941284,163.152923584,74.1673965454,23.8207321167,8.61303901672,12.2514667511,12.4074735641,-10.9516210556],[155.582641602,1.95968210697,73.7554931641,-3.33175516129,-1.92212259769,15.2893457413,74.1673965454,134.465637207,50.5060310364,26.1289386749,15.0656919479,7.82575654984,5.32248735428],[1.50822520256,32.4324989319,23.2536735535,11.7295703888,33.1705856323,-0.970105409622,23.8207321167,50.5060310364,98.0131912231,40.0325012207,16.1634464264,2.54318165779,-0.965888679028],[132.161773682,-21.5939254761,22.069475174,-10.5121803284,5.95752096176,9.20024967194,8.61303901672,26.1289386749,40.0325012207,95.7518615723,32.3722648621,9.63677883148,-1.55429005623],[41.7318763733,13.3240556717,15.928686142,6.84392404556,7.35960865021,5.72163438797,12.2514667511,15.0656919479,16.1634464264,32.3722648621,66.196975708,23.1205787659,6.85006809235],[14.9211645126,31.0562705994,-4.65731430054,2.29638791084,7.36465978622,-3.20618414879,12.4074735641,7.82575654984,2.54318165779,9.63677883148,23.1205787659,59.4520530701,22.1076526642],[41.3805580139,-4.71989011765,47.937461853,38.6045570374,18.2554950714,9.7179441452,-10.9516210556,5.32248735428,-0.965888679028,-1.55429005623,6.85006809235,22.1076526642,69.4728622437]],"icov":[[0.000199296671781,0.000121524026326,1.06754960143e-05,2.8717899113e-05,0.00017443113029,-0.000247860443778,0.000276609353023,-0.000343675201293,7.84004223533e-05,-0.000182941003004,-1.17965682875e-05,-0.000115433140309,-4.01132820116e-05],[0.000121524026326,0.00194081827067,0.000796664331574,-0.000468838115921,-0.000328167545376,1.90855771507e-05,-0.000500373542309,-0.000146011647303,-0.000636866956484,0.000591971795075,-0.000323039916111,-0.000766195065808,6.62149759592e-05],[1.06754960143e-05,0.000796664331574,0.0026394627057,-0.000122913217638,-0.00111170078162,-0.000522462709341,-0.000233193175518,-0.00134737906046,0.000297824619338,-2.26154697884e-05,-0.000478765490698,0.000862028566189,-0.00149701011833],[2.8717899113e-05,-0.000468838115921,-0.000122913217638,0.00413105264306,-0.000549238815438,-0.00232901866548,0.00127658329438,-0.000115435112093,-0.00071290624328,0.000915454991627,-0.000533878454007,0.000468755606562,-0.0016654455103],[0.00017443113029,-0.000328167545376,-0.00111170078162,-0.000549238815438,0.00551324477419,-0.00218431511894,0.000600200961344,0.00126119831111,-0.00241826660931,0.000396027986426,0.000236013089307,-0.00112388201524,0.000110521134047],[-0.000247860443778,1.90855771507e-05,-0.000522462709341,-0.00232901866548,-0.00218431511894,0.0108624557033,-0.00403499929234,0.000785751501098,0.00250417529605,-0.0018092256505,-7.62759600548e-06,0.00207227258943,-0.00050247105537],[0.000276609353023,-0.000500373542309,-0.000233193175518,0.00127658329438,0.000600200961344,-0.00403499929234,0.0106195742264,-0.00560410041362,-0.000177490626811,0.0011528985342,-0.000427968770964,-0.00265284511261,0.0026726021897],[-0.000343675201293,-0.000146011647303,-0.00134737906046,-0.000115435112093,0.00126119831111,0.000785751501098,-0.00560410041362,0.0138410162181,-0.00567285716534,-0.000312970165396,-0.000105861297925,0.000116561699542,-0.00130901881494],[7.84004223533e-05,-0.000636866956484,0.000297824619338,-0.00071290624328,-0.00241826660931,0.00250417529605,-0.000177490626811,-0.00567285716534,0.0166865773499,-0.00595056032762,-0.00039174396079,0.00185957865324,0.000338210229529],[-0.000182941003004,0.000591971795075,-2.26154697884e-05,0.000915454991627,0.000396027986426,-0.0018092256505,0.0011528985342,-0.000312970165396,-0.00595056032762,0.0157532356679,-0.00614817626774,-0.00100285338704,0.0012058733264],[-1.17965682875e-05,-0.000323039916111,-0.000478765490698,-0.000533878454007,0.000236013089307,-7.62759600548e-06,-0.000427968770964,-0.000105861297925,-0.00039174396079,-0.00614817626774,0.0209564808756,-0.00711086951196,0.000545297050849],[-0.000115433140309,-0.000766195065808,0.000862028566189,0.000468755606562,-0.00112388201524,0.00207227258943,-0.00265284511261,0.000116561699542,0.00185957865324,-0.00100285338704,-0.00711086951196,0.0239809360355,-0.00818691775203],[-4.01132820116e-05,6.62149759592e-05,-0.00149701011833,-0.0016654455103,0.000110521134047,-0.00050247105537,0.0026726021897,-0.00130901881494,0.000338210229529,0.0012058733264,0.000545297050849,-0.00818691775203,0.0195269081742]],"mean":[-577.678344727,77.2933883667,8.08330726624,28.4852180481,5.30244493484,21.7369155884,5.35586833954,12.1949415207,4.26963949203,5.23360204697,-0.142985716462,2.59138536453,-3.75326323509]},"pitch_salience":{"dmean":0.0749199092388,"dmean2":0.122526608407,"dvar":0.00528434710577,"dvar2":0.0136873666197,"max":0.887616574764,"mean":0.554373979568,"median":0.56815892458,"min":0.118169471622,"var":0.0119388829917},"silence_rate_20dB":{"dmean":0,"dmean2":0,"dvar":0,"dvar2":0,"max":1,"mean":1,"median":1,"min":1,"var":0},"silence_rate_30dB":{"dmean":0.00123685842846,"dmean2":0.00247397180647,"dvar":0.00123563816305,"dvar2":0.00370556931011,"max":1,"mean":0.999381661415,"median":1,"min":0,"var":0.000618066755123},"silence_rate_60dB":{"dmean":0.00309214601293,"dmean2":0.00618492951617,"dvar":0.00308256060816,"dvar2":0.00635273149237,"max":1,"mean":0.0190662685782,"median":0,"min":0,"var":0.0187053885311},"spectral_centroid":{"dmean":326.914764404,"dmean2":533.407836914,"dvar":118102.484375,"dvar2":312327.5625,"max":10739.984375,"mean":2164.58398438,"median":2236.11279297,"min":96.558631897,"var":461394.84375},"spectral_complexity":{"dmean":5.20676136017,"dmean2":7.83053302765,"dvar":23.8092098236,"dvar2":46.2503204346,"max":60,"mean":34.5502433777,"median":38,"min":0,"var":159.893814087},"spectral_contrast_coeffs":{"dmean":[0.0552334375679,0.0448286533356,0.0375410169363,0.0290083177388,0.0210591852665,0.0222000926733],"dmean2":[0.0926109403372,0.074705041945,0.0618117824197,0.048149086535,0.035615939647,0.0356321409345],"dvar":[0.00227334303781,0.00127300189342,0.00087715202244,0.000538702122867,0.000306528818328,0.000461872143205],"dvar2":[0.00618831347674,0.0035137841478,0.00232226843946,0.001426358358,0.00082837510854,0.00111255003139],"max":[-0.340901046991,-0.47577726841,-0.553600549698,-0.538560569286,-0.553114116192,-0.560059726238],"mean":[-0.656062960625,-0.768294036388,-0.782271206379,-0.795675754547,-0.797909975052,-0.719768345356],"median":[-0.661730766296,-0.776228308678,-0.78871679306,-0.800025224686,-0.799004554749,-0.720398068428],"min":[-0.967904448509,-0.959283351898,-0.957487106323,-0.956352293491,-0.967744469643,-0.959325134754],"var":[0.0047001442872,0.00390772614628,0.0033082771115,0.00179970718455,0.000912933552172,0.00202222540975]},"spectral_contrast_valleys":{"dmean":[0.354910373688,0.350555539131,0.301793456078,0.265949457884,0.231851562858,0.245216205716],"dmean2":[0.596087157726,0.572825849056,0.479434192181,0.410111784935,0.35407191515,0.363851308823],"dvar":[0.0904883593321,0.0959686636925,0.0784688666463,0.0762543454766,0.0824634879827,0.101340837777],"dvar2":[0.23524145782,0.217703327537,0.15783958137,0.134585306048,0.143776729703,0.195541143417],"max":[-5.36930131912,-4.96767377853,-4.98189163208,-5.66802597046,-5.49466514587,-7.31631040573],"mean":[-6.79806423187,-6.7182674408,-6.90544986725,-7.03268241882,-6.67879867554,-9.06848239899],"median":[-6.58504676819,-6.57503604889,-6.76725721359,-6.87380647659,-6.4563832283,-8.73527812958],"min":[-27.0673084259,-27.5408687592,-27.1107196808,-27.2246875763,-27.0530452728,-27.2572116852],"var":[1.57782661915,1.02545320988,1.02062928677,0.923857927322,1.04421257973,1.49184978008]},"spectral_decrease":{"dmean":2.69496358563e-09,"dmean2":4.3354688728e-09,"dvar":1.32209104485e-17,"dvar2":3.27565408543e-17,"max":3.59105626628e-16,"mean":-9.08631836438e-09,"median":-8.37478530968e-09,"min":-3.99291160136e-08,"var":1.87921439276e-17},"spectral_energy":{"dmean":0.0107279848307,"dmean2":0.0172387585044,"dvar":0.000203230287298,"dvar2":0.000503558083437,"max":0.15471740067,"mean":0.0387172065675,"median":0.0362408384681,"min":1.08029117531e-20,"var":0.000293406832498},"spectral_energyband_high":{"dmean":0.00179793557618,"dmean2":0.00306255277246,"dvar":9.75663169811e-06,"dvar2":2.79822488665e-05,"max":0.0283008590341,"mean":0.00449010543525,"median":0.00397691596299,"min":7.96082095033e-21,"var":1.3070035493e-05},"spectral_energyband_low":{"dmean":0.00841772928834,"dmean2":0.0135581633076,"dvar":0.000180776274647,"dvar2":0.000451509084087,"max":0.144158065319,"mean":0.018201675266,"median":0.01423431281,"min":9.9279381856e-23,"var":0.000239744462306},"spectral_energyband_middle_high":{"dmean":0.00219909544103,"dmean2":0.0034506812226,"dvar":5.93679533267e-06,"dvar2":1.43894649227e-05,"max":0.0410470701754,"mean":0.00810660701245,"median":0.00708098709583,"min":1.41894190692e-21,"var":2.95030331472e-05},"spectral_energyband_middle_low":{"dmean":0.00434697465971,"dmean2":0.00724392198026,"dvar":4.69630467705e-05,"dvar2":0.000124680387671,"max":0.103048846126,"mean":0.00962884631008,"median":0.00768372276798,"min":3.28437504723e-22,"var":5.75556914555e-05},"spectral_entropy":{"dmean":0.098284304142,"dmean2":0.151000097394,"dvar":0.0135947000235,"dvar2":0.0284960977733,"max":9.80686664581,"mean":8.09238147736,"median":8.16301727295,"min":4.26897859573,"var":0.120858073235},"spectral_flux":{"dmean":0.0251678321511,"dmean2":0.0380245819688,"dvar":0.000869132694788,"dvar2":0.00171715009492,"max":0.338902294636,"mean":0.105261966586,"median":0.0967274606228,"min":1.03937053408e-10,"var":0.00190198037308},"spectral_kurtosis":{"dmean":0.733581960201,"dmean2":1.23356151581,"dvar":2.5069372654,"dvar2":6.78680419922,"max":55.5705337524,"mean":1.97850775719,"median":1.51605224609,"min":-1.30711328983,"var":6.43310832977},"spectral_rms":{"dmean":0.000793281651568,"dmean2":0.00125242769718,"dvar":8.35837909108e-07,"dvar2":2.00368708647e-06,"max":0.0122859189287,"mean":0.00597558775917,"median":0.00594616821036,"min":3.24644824912e-12,"var":2.06530853575e-06},"spectral_rolloff":{"dmean":1002.54547119,"dmean2":1674.66809082,"dvar":1491078.625,"dvar2":3631691,"max":19186.0839844,"mean":3011.47509766,"median":2777.78320312,"min":86.1328125,"var":4883478.5},"spectral_skewness":{"dmean":0.158473178744,"dmean2":0.258818894625,"dvar":0.0407195053995,"dvar2":0.103219404817,"max":6.11249828339,"mean":1.000030756,"median":0.946118354797,"min":-0.203922063112,"var":0.156703904271},"spectral_spread":{"dmean":478436.4375,"dmean2":699239.125,"dvar":406521643008,"dvar2":709779783680,"max":41681256,"mean":5505598,"median":5397671.5,"min":1294894.5,"var":2090817552380.0},"spectral_strongpeak":{"dmean":0.369601666927,"dmean2":0.656656742096,"dvar":0.483094006777,"dvar2":1.29137527943,"max":10.386724472,"mean":0.538890063763,"median":0.317514926195,"min":3.74744324461e-09,"var":0.491347819567},"zerocrossingrate":{"dmean":0.0135532021523,"dmean2":0.0160717070103,"dvar":0.000182866860996,"dvar2":0.000233809172641,"max":0.759765625,"mean":0.0993421599269,"median":0.099609375,"min":0.0029296875,"var":0.00284214061685}},"metadata":{"audio_properties":{"analysis_sample_rate":44100,"bit_rate":247222,"codec":"mp3","downmix":"mix","equal_loudness":0,"length":225.279998779,"lossless":false,"md5_encoded":"9f7a37ce4beb7b2b7bda7d094a0065db","replay_gain":-15.7487382889,"sample_rate":44100},"tags":{"album":["The Arockalypse"],"albumartist":["Lordi"],"albumartistsort":["Lordi"],"artist":["Lordi"],"artistsort":["Lordi"],"date":["2006"],"discnumber":["1/1"],"encodedby":["LAME 3.0.93 MOD"],"file_name":"02.Lordi-The_Deadite_Girls_Gone_Wild.mp3","genre":["Heavy Metal"],"isrc":["FIBAR0500284"],"language":["eng"],"musicbrainz album status":["promotion"],"musicbrainz album type":["album"],"musicbrainz_albumartistid":["b5b4ba6e-6e34-4669-a33b-0d813b4c3d83"],"musicbrainz_albumid":["dd1f50dd-37c6-413e-beed-71246f405da4"],"musicbrainz_artistid":["b5b4ba6e-6e34-4669-a33b-0d813b4c3d83"],"musicbrainz_recordingid":["357fa47b-c577-4b1b-8512-350f19ef0422"],"originaldate":["2006"],"script":["Latn"],"title":["The Deaditegirls Gone Wild"],"tracknumber":["2/10"]},"version":{"essentia":"2.1-beta2","essentia_build_sha":"70f2e5ece6736b2c40cc944ad0e695b16b925413","essentia_git_sha":"v2.1_beta2","extractor":"music 1.0"}},"rhythm":{"beats_count":550,"beats_loudness":{"dmean":0.0211037509143,"dmean2":0.0398191027343,"dvar":0.00034479968599,"dvar2":0.00113508722279,"max":0.11880748719,"mean":0.0510810427368,"median":0.0450628548861,"min":1.58333912648e-09,"var":0.000409287196817},"beats_loudness_band_ratio":{"dmean":[0.322831213474,0.291672796011,0.0590212196112,0.0737847015262,0.0542369149625,0.0956408977509],"dmean2":[0.622552156448,0.579982578754,0.100196890533,0.130841448903,0.0975112244487,0.176781475544],"dvar":[0.0438795685768,0.0229711085558,0.00508741987869,0.00491697434336,0.00244312849827,0.00483680842444],"dvar2":[0.152057960629,0.0778173804283,0.012220445089,0.0136032076553,0.00693908706307,0.0140128424391],"max":[0.998047113419,0.654366850853,0.77752405405,0.628541350365,0.418172508478,0.972380638123],"mean":[0.529147565365,0.181364402175,0.0740938857198,0.0976700335741,0.0756644979119,0.12035458535],"median"