{"lowlevel":{"average_loudness":0.970906019211,"barkbands":{"dmean":[5.17460357514e-05,0.00559911038727,0.00266876863316,0.00140699034091,0.00220586033538,0.000325873988913,0.000233769926126,0.000211823411519,0.000430148968007,0.000497353554238,0.000426704587881,0.000446534657385,0.00046863782336,0.000546193099581,0.000412340508774,0.000431424588896,0.000404049875215,0.000296432088362,0.000338527141139,0.000411006010836,0.000346660672221,0.000360996928066,0.00026330439141,0.000281732558506,0.000189602666069,5.17592052347e-05,2.66644519797e-06],"dmean2":[8.13269580249e-05,0.00909783318639,0.0045083030127,0.00233995588496,0.00374579592608,0.000539998465683,0.000378618686227,0.000338776095305,0.000693858775776,0.00080142513616,0.000689044012688,0.000733192660846,0.000764660420828,0.000894760014489,0.000677887583151,0.000696908915415,0.000658564269543,0.000488330726512,0.00057044881396,0.000688271713443,0.000577758240979,0.000611559080426,0.000424326572102,0.00040743095451,0.000268347357633,7.64717915445e-05,4.46137892141e-06],"dvar":[5.2136663875e-09,7.21178148524e-05,2.18418099394e-05,5.91277648709e-06,3.08003800455e-05,3.44123066043e-07,2.06588282481e-07,2.03994332537e-07,7.89210560015e-07,1.11340750664e-06,8.4424891611e-07,7.19594424936e-07,7.11250379481e-07,1.11122892577e-06,5.9926077256e-07,5.40474161426e-07,3.57644779569e-07,1.61630651974e-07,2.05898885497e-07,3.32746139975e-07,2.11615287071e-07,4.18486649778e-07,2.51853890632e-07,5.48516993604e-07,3.2374700254e-07,1.92069613547e-08,4.25079069166e-11],"dvar2":[1.20513234947e-08,0.000165555713465,6.13849479123e-05,1.5874624296e-05,8.0184196122e-05,9.146151001e-07,5.24815220615e-07,4.97348992212e-07,2.00188037525e-06,2.69076440418e-06,2.08345318242e-06,1.89441823295e-06,1.79739356554e-06,2.77742219623e-06,1.50016967382e-06,1.34615413572e-06,9.33030889883e-07,4.08211661806e-07,5.57082159958e-07,8.60947068304e-07,5.58852832455e-07,1.11407075565e-06,5.72982969516e-07,9.79744754659e-07,5.95642518419e-07,4.22381596366e-08,1.15910593623e-10],"max":[0.00183775578626,0.0907103419304,0.0589105635881,0.0313357785344,0.0525231547654,0.0123353255913,0.00992038566619,0.012031942606,0.0176419466734,0.0223525967449,0.0185472369194,0.0176721420139,0.0134333455935,0.0315064527094,0.0202650688589,0.0191523935646,0.0173441004008,0.00692913075909,0.00842300616205,0.0101749561727,0.00674426089972,0.00731976283714,0.0106654269621,0.017300689593,0.0150792654604,0.00459937844425,0.000161621530424],"mean":[8.99831939023e-05,0.00940054561943,0.00442541344091,0.00221486994997,0.00248960847966,0.000527146330569,0.00037279521348,0.000338330632076,0.000785808602814,0.000765763164964,0.000633458490483,0.000744758523069,0.00075057282811,0.000902920262888,0.000707644969225,0.000784044503234,0.000783522613347,0.000604756700341,0.000741739524528,0.000859000138007,0.000766084296629,0.000654369301628,0.000547794741578,0.000570178381167,0.000365923799109,9.81488847174e-05,3.64204333891e-06],"median":[4.49369326816e-05,0.00667331041768,0.00314590148628,0.00141339213587,0.00116286997218,0.000292488577543,0.000185410841368,0.000134234855068,0.000268636387773,0.000318835722283,0.000221127338591,0.000286599941319,0.000354979420081,0.000445380603196,0.000348973437212,0.00042729251436,0.000534692837391,0.00044819895993,0.000539684784599,0.000550223689061,0.000615849276073,0.000409042346291,0.000331550225383,0.000282615219476,0.000168920349097,5.06248652528e-05,1.50736195792e-06],"min":[6.08857756121e-24,6.28756930227e-24,2.53934451608e-23,2.85541993933e-23,4.69617984556e-23,7.42092308267e-23,2.84081149755e-23,3.56214874918e-23,5.03183858301e-23,1.7175922763e-22,1.39713690798e-22,7.83227239289e-23,6.26832409385e-23,8.48930517452e-23,9.95661485722e-23,7.85423301832e-23,1.25072785807e-22,4.03693825339e-22,3.32320467425e-22,3.06331148291e-22,5.34192068286e-22,7.38317160763e-22,5.43322306538e-22,9.27774741548e-22,1.16470271519e-21,1.71296321527e-21,2.39341458873e-21],"var":[1.31588144825e-08,0.000104439881397,2.23332772293e-05,7.55582323109e-06,2.46502586378e-05,5.22697462202e-07,3.57752668378e-07,4.7013998028e-07,2.36388109442e-06,1.98483030545e-06,1.45399189933e-06,1.46464731188e-06,1.36311473398e-06,2.03268973564e-06,1.18853199638e-06,1.31625779431e-06,7.41341864341e-07,3.55162541155e-07,5.39148004464e-07,8.92479420145e-07,4.38651852619e-07,5.70810584577e-07,5.39775157904e-07,1.49162826801e-06,7.41373185065e-07,3.19534088078e-08,4.13154337131e-11]},"barkbands_crest":{"dmean":2.88117408752,"dmean2":4.72300624847,"dvar":8.24431610107,"dvar2":20.0376148224,"max":26.9158477783,"mean":9.36244297028,"median":8.16566848755,"min":2.10827589035,"var":21.8926105499},"barkbands_flatness_db":{"dmean":0.0201807506382,"dmean2":0.0309999641031,"dvar":0.000500930473208,"dvar2":0.00108356191777,"max":0.562019228935,"mean":0.103231959045,"median":0.088111743331,"min":0.0267517995089,"var":0.00363055523485},"barkbands_kurtosis":{"dmean":7.46714639664,"dmean2":12.163061142,"dvar":3542.05737305,"dvar2":10269.109375,"max":2580.19140625,"mean":12.4720115662,"median":-0.468196034431,"min":-1.95663011074,"var":10684.6103516},"barkbands_skewness":{"dmean":0.662690997124,"dmean2":1.01533818245,"dvar":1.389529109,"dvar2":3.49463891983,"max":47.0990257263,"mean":1.1571097374,"median":0.844646453857,"min":-39.2302284241,"var":9.53029537201},"barkbands_spread":{"dmean":8.74556350708,"dmean2":13.6738271713,"dvar":86.671836853,"dvar2":187.812774658,"max":116.50567627,"mean":42.6666069031,"median":42.991317749,"min":0.111412040889,"var":337.054718018},"dissonance":{"dmean":0.00845309905708,"dmean2":0.0143225407228,"dvar":8.64241228555e-05,"dvar2":0.000236376217799,"max":0.499999970198,"mean":0.485844343901,"median":0.488743066788,"min":0.331512272358,"var":0.000138776260428},"dynamic_complexity":2.21046233177,"erbbands":{"dmean":[0.12867282331,1.39245808125,2.97848510742,4.00464344025,7.18901205063,7.2432923317,3.01094388962,2.80148792267,2.70455312729,4.27488708496,4.87719249725,11.1779079437,11.4306564331,14.2786664963,17.3327102661,19.3711776733,20.8667144775,25.4539775848,24.1539764404,18.8642444611,23.1664924622,20.2684249878,16.4343490601,17.0365123749,16.9147853851,19.5557594299,15.0933408737,13.8403711319,13.4853286743,10.8345746994,7.10697937012,6.36493825912,4.6987786293,2.57416272163,1.19332194328,0.366596281528,0.0668647438288,0.00832506921142,0.000410995678976,2.39076580328e-05],"dmean2":[0.213514447212,2.25100684166,4.98586750031,6.64933204651,12.1812210083,12.7299509048,5.09841346741,4.60792922974,4.3332657814,6.94602108002,7.76749753952,18.0012550354,18.3697605133,22.8288726807,27.9275360107,31.6865539551,33.9148406982,41.6157188416,39.5231742859,30.6581840515,37.5054702759,32.806854248,26.8119773865,28.5101261139,28.496515274,32.8606262207,25.3277568817,23.0663795471,22.844045639,18.1075439453,11.2762784958,9.55194759369,6.84904813766,3.64471650124,1.75058853626,0.538733780384,0.0988271534443,0.0127748632804,0.00067540834425,3.73131406377e-05],"dvar":[0.0410298667848,4.45935869217,24.921207428,51.1391181946,268.187347412,346.773986816,28.6150779724,29.5797309875,24.5272083282,82.4692687988,109.037567139,585.525878906,604.860900879,954.268188477,1281.90942383,1302.96643066,1394.10668945,2223.67163086,1895.43664551,1388.20788574,1565.36096191,825.504516602,495.822723389,665.3828125,517.045288086,778.642211914,443.068725586,366.573730469,588.546630859,468.559814453,196.580963135,309.182952881,139.89855957,58.5944290161,14.25415802,1.06019186974,0.0211261194199,0.000272976962151,1.18072296118e-06,2.9291702397e-09],"dvar2":[0.102055609226,10.1557168961,68.6558532715,138.466674805,688.86920166,959.877868652,78.6279830933,76.4672393799,62.1072006226,207.81578064,268.434844971,1480.89929199,1460.7220459,2384.57861328,3160.99902344,3419.82519531,3513.24804688,5780.87060547,4461.06542969,3533.15917969,3928.96191406,2105.10522461,1252.51586914,1784.71276855,1386.26611328,2062.43945313,1165.61413574,971.052307129,1565.88928223,1258.90246582,423.127075195,601.158752441,248.529067993,107.747962952,28.6104316711,2.28520393372,0.0431073606014,0.000638908240944,3.18529851029e-06,7.54762474742e-09],"max":[2.25723028183,22.4962539673,55.9079017639,95.3766784668,146.137649536,178.58442688,82.3723678589,122.445091248,115.85395813,204.552520752,332.148223877,512.713928223,569.536010742,722.100158691,928.333129883,722.031677246,716.791137695,950.424743652,1255.16027832,1414.00549316,1052.99462891,673.551574707,373.534759521,485.973632813,438.022338867,455.503692627,377.407012939,321.250518799,275.764709473,408.023468018,358.091308594,433.154785156,225.552993774,186.646530151,101.085723877,32.9378585815,4.02850580215,0.434926569462,0.0275098457932,0.0011220498709],"mean":[0.197268053889,2.36220216751,5.34967756271,7.03455209732,8.38183116913,7.71311092377,4.47691774368,4.44857358932,4.76333379745,6.48458766937,8.72757720947,20.2116317749,20.3021373749,23.3290462494,28.9032325745,34.0781898499,36.185459137,44.4913749695,42.8348503113,36.2843055725,45.1979675293,42.3134536743,35.9420585632,35.9868545532,38.2568511963,40.6623382568,32.3893089294,29.2119846344,23.7383575439,20.6297225952,14.8847208023,12.4365100861,8.92948722839,4.92055368423,2.20156097412,0.675723791122,0.131387680769,0.0160581097007,0.000612499658018,6.72041787766e-05],"median":[0.134801179171,1.66173923016,3.89510798454,5.08012485504,4.23010158539,3.59036374092,2.51516652107,2.22080373764,2.44216775894,3.24322772026,3.83798098564,6.93223047256,8.26729297638,9.63999080658,11.5421581268,14.5613498688,18.6232433319,23.2374820709,24.4260673523,18.6504096985,27.4829807281,30.6721096039,26.9135112762,26.0350379944,28.4010734558,25.8898010254,24.2137718201,22.949174881,15.2144594193,12.0658035278,8.97803401947,5.92074775696,4.39064311981,2.27128577232,1.01431369781,0.334799289703,0.0726865008473,0.0088015627116,0.000273665820714,5.57481180294e-05],"min":[8.71880563778e-23,2.05051894231e-21,2.16262396808e-20,8.35443242144e-20,6.9897582479e-20,1.71426060444e-19,2.19999204612e-19,8.24137673573e-19,5.74669151513e-19,3.52004305678e-19,1.04254845876e-18,1.26969204818e-18,2.93100303799e-18,7.18488583755e-18,4.51417937433e-18,3.15234747093e-18,2.94840236859e-18,3.43630099763e-18,3.33280271182e-18,7.05590191028e-18,4.85253553594e-18,8.00179038536e-18,1.88972421875e-17,1.84387409371e-17,1.68771711787e-17,1.34454734412e-17,2.59949961281e-17,1.92029615245e-17,1.99240876563e-17,2.47293932472e-17,1.41923315075e-17,1.98367357293e-17,1.54130449509e-17,1.24395564691e-17,8.05172397021e-18,5.45624834293e-18,3.15000220709e-18,1.51975360704e-18,3.25572860728e-19,3.44415194977e-20],"var":[0.0522785298526,6.59870433807,28.3478603363,61.2608528137,223.486968994,243.369262695,35.0017089844,46.7182693481,54.0250473022,122.679885864,304.843139648,1644.50085449,1324.55664063,1718.47216797,2546.16015625,2696.93139648,2822.69995117,4209.86962891,3375.59350586,3136.2487793,3745.63793945,1854.76696777,1232.83154297,1450.67443848,1300.43823242,2020.17248535,965.958374023,686.475158691,751.837768555,678.742553711,441.651885986,750.841491699,362.415374756,136.985931396,28.1105690002,1.79710781574,0.0431981012225,0.000483832816826,1.16764863378e-06,3.56137763724e-09]},"erbbands_crest":{"dmean":2.05759310722,"dmean2":3.40339541435,"dvar":4.33547544479,"dvar2":10.7872152328,"max":31.3405437469,"mean":6.93902444839,"median":6.00254106522,"min":2.42057275772,"var":11.6166934967},"erbbands_flatness_db":{"dmean":0.0130777396262,"dmean2":0.0198462661356,"dvar":0.000171323918039,"dvar2":0.000367828994058,"max":0.364613026381,"mean":0.123943351209,"median":0.120225220919,"min":0.0434421338141,"var":0.000914329546504},"erbbands_kurtosis":{"dmean":0.928750514984,"dmean2":1.46467447281,"dvar":5.7838435173,"dvar2":14.8558797836,"max":98.1027679443,"mean":0.594493865967,"median":0.0871564075351,"min":-1.81452536583,"var":9.83842563629},"erbbands_skewness":{"dmean":0.320964127779,"dmean2":0.492214381695,"dvar":0.136034652591,"dvar2":0.301167547703,"max":9.48902225494,"mean":-0.37306624651,"median":-0.467239528894,"min":-3.77814984322,"var":0.665718495846},"erbbands_spread":{"dmean":10.0934362411,"dmean2":15.5278625488,"dvar":123.768066406,"dvar2":277.665344238,"max":160.194976807,"mean":46.7116279602,"median":41.8980827332,"min":4.69757461548,"var":443.772857666},"gfcc":{"cov":[[11023.8525391,83.0450592041,-1398.57580566,161.913513184,-657.13269043,326.011230469,-369.6277771,118.614768982,-386.30166626,175.693252563,-184.089981079,127.026313782,-77.5295715332],[83.0450592041,904.762573242,-265.923797607,98.1313858032,82.2400283813,-110.572242737,104.940315247,-23.4511890411,76.9811248779,-28.6613044739,50.8300666809,-53.3183326721,40.329246521],[-1398.57580566,-265.923797607,910.891052246,48.1758232117,71.3262481689,69.12134552,-52.8251647949,12.5440263748,11.9674968719,12.3914546967,-20.8132801056,36.6700363159,-51.4758720398],[161.913513184,98.1313858032,48.1758232117,272.775024414,60.3497390747,-34.216342926,-3.08301615715,-23.579957962,27.5466518402,5.51483821869,7.10111618042,-16.8860645294,6.92286205292],[-657.13269043,82.2400283813,71.3262481689,60.3497390747,229.282485962,0.202529758215,56.217376709,-0.390198171139,47.0292472839,11.2212543488,14.1446657181,-13.1527099609,12.8497514725],[326.011230469,-110.572242737,69.12134552,-34.216342926,0.202529758215,204.838973999,49.2408103943,59.1670761108,-25.5585594177,1.90421772003,7.25654888153,10.0393762589,-13.1051712036],[-369.6277771,104.940315247,-52.8251647949,-3.08301615715,56.217376709,49.2408103943,222.048736572,30.458152771,-1.90186369419,-17.3813323975,28.4322280884,-20.7309551239,4.98317480087],[118.614768982,-23.4511890411,12.5440263748,-23.579957962,-0.390198171139,59.1670761108,30.458152771,129.213562012,39.2769927979,7.70106935501,2.12721705437,7.37500858307,4.04603338242],[-386.30166626,76.9811248779,11.9674968719,27.5466518402,47.0292472839,-25.5585594177,-1.90186369419,39.2769927979,132.82144165,23.4325218201,18.237247467,-10.7419281006,11.1848182678],[175.693252563,-28.6613044739,12.3914546967,5.51483821869,11.2212543488,1.90421772003,-17.3813323975,7.70106935501,23.4325218201,85.6474838257,18.1346206665,8.91377639771,-3.88876795769],[-184.089981079,50.8300666809,-20.8132801056,7.10111618042,14.1446657181,7.25654888153,28.4322280884,2.12721705437,18.237247467,18.1346206665,80.4165420532,15.3414773941,14.1570644379],[127.026313782,-53.3183326721,36.6700363159,-16.8860645294,-13.1527099609,10.0393762589,-20.7309551239,7.37500858307,-10.7419281006,8.91377639771,15.3414773941,70.8394851685,15.107629776],[-77.5295715332,40.329246521,-51.4758720398,6.92286205292,12.8497514725,-13.1051712036,4.98317480087,4.04603338242,11.1848182678,-3.88876795769,14.1570644379,15.107629776,69.2959823608]],"icov":[[0.000392045301851,-0.000308566435706,0.000729321618564,-0.000764855416492,0.000701357785147,-0.000976838637143,0.000729586055968,-0.000583338958677,0.00107782019768,-0.00124446488917,0.00119043793529,-0.00102646020241,0.000639965932351],[-0.000308566435706,0.00183734856546,-0.000213399442146,0.000228836695896,-0.000796817417722,0.00142619526014,-0.00114184920676,0.000622367893811,-0.00150622508954,0.00163837266155,-0.00171486428007,0.00145193142816,-0.000763815885875],[0.000729321618564,-0.000213399442146,0.00277498085052,-0.00176147103775,0.000695972761605,-0.00218830280937,0.00162400573026,-0.000997895956971,0.00161222822499,-0.00203461572528,0.00242925970815,-0.00282701081596,0.00232172873802],[-0.000764855416492,0.000228836695896,-0.00176147103775,0.00572182470933,-0.00215795147233,0.00217839982361,-0.00111703097355,0.00174801796675,-0.00240321387537,0.00220096833073,-0.00252790842205,0.00286459573545,-0.00167530693579],[0.000701357785147,-0.000796817417722,0.000695972761605,-0.00215795147233,0.00698342127725,-0.00204874761403,-0.00030488811899,-3.51849412255e-05,0.000114767346531,-0.00301209441386,0.00246966187842,-0.00135318865068,-7.45123470551e-05],[-0.000976838637143,0.00142619526014,-0.00218830280937,0.00217839982361,-0.00204874761403,0.00949134398252,-0.00308010936715,-0.00194212119095,-0.000514535466209,0.00298146251589,-0.00418692175299,0.00266186031513,-0.00073091237573],[0.000729586055968,-0.00114184920676,0.00162400573026,-0.00111703097355,-0.00030488811899,-0.00308010936715,0.00770492525771,-0.00265096966177,0.00336593133397,-0.000954325485509,-0.00019604859699,2.95946774713e-05,0.00131028902251],[-0.000583338958677,0.000622367893811,-0.000997895956971,0.00174801796675,-3.51849412255e-05,-0.00194212119095,-0.00265096966177,0.0122684845701,-0.00652125896886,0.00154860562179,0.000110887078336,-0.000190630191355,-0.00165884452872],[0.00107782019768,-0.00150622508954,0.00161222822499,-0.00240321387537,0.000114767346531,-0.000514535466209,0.00336593133397,-0.00652125896886,0.0145204076543,-0.00565037550405,0.000942352984566,-0.000160881434567,0.000722101016436],[-0.00124446488917,0.00163837266155,-0.00203461572528,0.00220096833073,-0.00301209441386,0.00298146251589,-0.000954325485509,0.00154860562179,-0.00565037550405,0.0177668128163,-0.00716172670946,0.0020916860085,-6.03589433013e-05],[0.00119043793529,-0.00171486428007,0.00242925970815,-0.00252790842205,0.00246966187842,-0.00418692175299,-0.00019604859699,0.000110887078336,0.000942352984566,-0.00716172670946,0.0199281424284,-0.00761237414554,0.000179173148354],[-0.00102646020241,0.00145193142816,-0.00282701081596,0.00286459573545,-0.00135318865068,0.00266186031513,2.95946774713e-05,-0.000190630191355,-0.000160881434567,0.0020916860085,-0.00761237414554,0.0213591866195,-0.00657438626513],[0.000639965932351,-0.000763815885875,0.00232172873802,-0.00167530693579,-7.45123470551e-05,-0.00073091237573,0.00131028902251,-0.00165884452872,0.000722101016436,-6.03589433013e-05,0.000179173148354,-0.00657438626513,0.0186384245753]],"mean":[42.6875724792,52.3139228821,-111.45615387,59.4639282227,-48.5236854553,34.1095466614,-32.630657196,13.6794557571,-27.4157142639,3.55864715576,-21.072933197,-0.864147305489,-13.1927804947]},"hfc":{"dmean":11.6004562378,"dmean2":17.6004829407,"dvar":313.941741943,"dvar2":660.804016113,"max":258.4324646,"mean":41.8288650513,"median":36.6384735107,"min":1.2056633884e-16,"var":978.890380859},"melbands":{"dmean":[0.00140025792643,0.00154690549243,0.000723497709259,0.000569298048504,0.000131805747515,6.067364302e-05,4.30333748227e-05,4.57080313936e-05,4.33731038356e-05,7.11431785021e-05,5.97234611632e-05,6.24382373644e-05,5.53607133043e-05,5.13367631356e-05,5.1184269978e-05,4.65170887765e-05,5.40280270798e-05,4.33178101957e-05,2.72215711448e-05,3.01046893583e-05,2.87506918539e-05,2.33778719121e-05,1.96149121621e-05,1.43178231156e-05,1.54264798766e-05,1.31739889184e-05,1.38441955642e-05,1.43933339132e-05,1.08047743197e-05,9.54793540586e-06,7.94128391135e-06,8.45737577038e-06,6.93583160682e-06,6.19207821728e-06,4.46534613729e-06,4.03944386562e-06,4.18388344769e-06,3.5921275412e-06,2.72721399597e-06,2.21657319344e-06],"dmean2":[0.00228190538473,0.00250473851338,0.00120998546481,0.000974760681856,0.000227744458243,9.96889866656e-05,6.87645515427e-05,7.38610251574e-05,6.94785194355e-05,0.000114793860121,9.61705372902e-05,0.000100325458334,8.93831311259e-05,8.43794332468e-05,8.36115796119e-05,7.58775422582e-05,8.86951966095e-05,7.14440539014e-05,4.49315011792e-05,4.89826852572e-05,4.68857651867e-05,3.8222719013e-05,3.22441155731e-05,2.38188185904e-05,2.59467215074e-05,2.23085189646e-05,2.34299532167e-05,2.41992256633e-05,1.82069543371e-05,1.59894789249e-05,1.33413832373e-05,1.44654095493e-05,1.16071105367e-05,1.04099326563e-05,7.20071739124e-06,6.19814090896e-06,6.34080743112e-06,5.29709677721e-06,4.02864043281e-06,3.21660536429e-06],"dvar":[4.71757266496e-06,5.24238112121e-06,1.43430054322e-06,2.09828544939e-06,6.74040450122e-08,1.29679857963e-08,6.13312245434e-09,8.90885498706e-09,8.4332398842e-09,2.45183393588e-08,1.71751288747e-08,1.83933916986e-08,1.28078143646e-08,9.33017041405e-09,8.92260665353e-09,8.11824030222e-09,1.09794600078e-08,6.71730004953e-09,3.04683966945e-09,2.99844393759e-09,2.63707122805e-09,1.27089305746e-09,8.50117143347e-10,4.17447354462e-10,5.87519144446e-10,3.02848718325e-10,3.72240543944e-10,4.61416488351e-10,2.47815240551e-10,1.63617341897e-10,1.35697411641e-10,2.43662756638e-10,1.4615886279e-10,1.54258703033e-10,7.50542267225e-11,9.77194020146e-11,1.49168330466e-10,9.10528041853e-11,4.57431904854e-11,4.85571374775e-11],"dvar2":[1.10535584099e-05,1.31936903927e-05,3.8999314711e-06,5.52869050807e-06,1.90357596352e-07,3.37286358842e-08,1.55257477985e-08,2.21623146501e-08,2.09905781645e-08,6.20733544565e-08,4.13373157926e-08,4.58788917967e-08,3.15545669594e-08,2.522745568e-08,2.16510400719e-08,2.10524788713e-08,2.86097829871e-08,1.55053037076e-08,7.60651008846e-09,7.46224593229e-09,6.67490684947e-09,3.24089088899e-09,2.17314433115e-09,1.08348807704e-09,1.57867685591e-09,8.21880175028e-10,9.73198299725e-10,1.23825205645e-09,6.53433751552e-10,4.39092873172e-10,3.57221086045e-10,6.55472509603e-10,3.80279335799e-10,4.12550771323e-10,1.70231426178e-10,1.98331101542e-10,3.08863712384e-10,1.71081732114e-10,8.27898305467e-11,9.63565546797e-11],"max":[0.0235383976251,0.0231721736491,0.0135125471279,0.0140945240855,0.00345083326101,0.00257857795805,0.00172981037758,0.00202395790257,0.0026090524625,0.00345018180087,0.00312877818942,0.00278797000647,0.00250884564593,0.0017656570999,0.00378709100187,0.0016531443689,0.0021514215041,0.0028976413887,0.00135461543687,0.00148373423144,0.00156186905224,0.000852090015542,0.000523584487382,0.000428760773502,0.000444809498731,0.000390723958844,0.000312043470331,0.000344433647115,0.000301362015307,0.000263329246081,0.000229057724937,0.000217213091673,0.000170238767168,0.000288389390334,0.000294734461932,0.000230059420574,0.000314363278449,0.000191470084246,0.000150664069224,0.000189749174751],"mean":[0.0022730214987,0.00303071271628,0.00123935402371,0.000621853279881,0.000182958232472,9.85404112726e-05,7.45894940337e-05,6.98795265635e-05,7.47856829548e-05,0.000129009451484,0.000101657220512,9.58282616921e-05,8.66366899572e-05,8.72224773047e-05,8.67318522069e-05,7.21270844224e-05,8.69102150318e-05,7.16096546967e-05,4.73825748486e-05,5.32267113158e-05,5.21696965734e-05,4.41689189756e-05,3.85799758078e-05,2.7852045605e-05,2.91204141831e-05,2.75730999419e-05,2.75848669844e-05,2.71266362688e-05,2.06274053198e-05,1.93963351194e-05,1.53175496962e-05,1.34179335873e-05,1.23560093925e-05,1.11145945993e-05,8.66094887897e-06,7.69936195866e-06,7.4770109677e-06,6.48929517411e-06,5.02294369653e-06,3.90635113945e-06],"median":[0.00157391501125,0.00233491905965,0.000910222006496,0.000293014076306,0.000102378311567,5.13662707817e-05,3.82618927688e-05,3.40257029166e-05,3.03314827761e-05,4.17378942075e-05,3.92813853978e-05,3.60360099876e-05,3.33573661919e-05,3.59647565347e-05,4.12261797464e-05,3.29465838149e-05,4.03921876568e-05,3.92026850022e-05,2.3479673473e-05,2.56405237451e-05,3.0798237276e-05,3.00607534882e-05,2.68608837359e-05,1.99454152607e-05,1.98364523385e-05,2.02376522793e-05,1.87104360521e-05,1.57510876306e-05,1.37670949698e-05,1.55955276568e-05,1.14944723464e-05,8.29527107271e-06,7.26374219084e-06,6.29412852504e-06,5.28715827386e-06,3.93329764847e-06,3.26496501657e-06,2.99844236906e-06,2.44284683504e-06,1.67853750099e-06],"min":[1.54565569933e-24,8.58522056317e-24,1.27626429531e-23,8.78794519404e-24,8.51925838086e-24,1.65704209001e-23,9.06049111477e-24,3.70589537776e-24,9.06364971383e-24,8.23013928138e-24,1.4833013132e-23,2.92331909071e-23,1.85559459332e-23,6.914191496e-24,1.24734276126e-23,3.29952413484e-24,7.01108570327e-24,5.04211491625e-24,9.07675979322e-24,7.00200985855e-24,5.8933116102e-24,6.77216734521e-24,1.55859745552e-23,1.64114764717e-23,1.53347980875e-23,1.07340895019e-23,1.18256568468e-23,8.37812406517e-24,1.66540070239e-23,1.36012036731e-23,1.12521289363e-23,9.49234907303e-24,1.7138586923e-23,1.22541045594e-23,7.40087528717e-24,9.34714896823e-24,1.29095824962e-23,1.09711911133e-23,9.77566057853e-24,1.09036953854e-23],"var":[6.52902235743e-06,7.51515017328e-06,1.57898864472e-06,1.61053310421e-06,6.52745342222e-08,2.09337844836e-08,1.30888722083e-08,1.41553977429e-08,2.30050076766e-08,7.35470919722e-08,3.63633887446e-08,3.17661950078e-08,2.35131523141e-08,1.86146511538e-08,1.81416925926e-08,1.43889744564e-08,1.98596978862e-08,1.11552980187e-08,6.03541661093e-09,7.06828595654e-09,5.68462033002e-09,2.48764986388e-09,1.87686155506e-09,8.3456908051e-10,1.14735487777e-09,7.54756701582e-10,8.02147570589e-10,1.08152431455e-09,5.05242458981e-10,3.14519715827e-10,2.24512949898e-10,2.78384648666e-10,2.2914220521e-10,2.19771617571e-10,1.4818922478e-10,2.20015033969e-10,3.30493854506e-10,2.18527917983e-10,1.11883717568e-10,1.00445672613e-10]},"melbands_crest":{"dmean":3.21874046326,"dmean2":5.32794189453,"dvar":8.37027359009,"dvar2":21.5377845764,"max":31.6879348755,"mean":14.9418830872,"median":14.6721630096,"min":1.85600984097,"var":25.289100647},"melbands_flatness_db":{"dmean":0.0285746492445,"dmean2":0.0438712872565,"dvar":0.000848550058436,"dvar2":0.00183153920807,"max":0.693178415298,"mean":0.155904248357,"median":0.141131162643,"min":0.0083118993789,"var":0.00565571291372},"melbands_kurtosis":{"dmean":12.0510234833,"dmean2":18.867975235,"dvar":1083.73547363,"dvar2":2804.25805664,"max":995.668457031,"mean":20.7275981903,"median":6.2954249382,"min":-1.65659439564,"var":3245.84106445},"melbands_skewness":{"dmean":0.973575949669,"dmean2":1.48812890053,"dvar":1.44050872326,"dvar2":3.23676204681,"max":23.4950504303,"mean":3.12702059746,"median":2.54216647148,"min":-0.93624740839,"var":5.42049741745},"melbands_spread":{"dmean":12.8626337051,"dmean2":20.1824531555,"dvar":219.307525635,"dvar2":495.52444458,"max":238.576919556,"mean":42.5850715637,"median":39.0218696594,"min":0.264706254005,"var":773.639404297},"mfcc":{"cov":[[6005.25488281,-268.084350586,-565.227905273,-105.849975586,-210.645935059,88.6208877563,69.5999832153,-34.1559143066,-75.5074920654,22.2574367523,-88.7432098389,-73.5419311523,-12.0105009079],[-268.084350586,673.530395508,-141.120620728,109.014030457,-13.6074876785,0.687727987766,9.51812458038,16.2787952423,36.6814918518,-9.31779384613,39.2761726379,42.040473938,-8.0491437912],[-565.227905273,-141.120620728,637.188232422,-12.8035707474,107.739051819,20.6092224121,-14.5776081085,19.1050834656,-15.1634254456,-13.6259479523,4.86234378815,7.30157518387,21.9074993134],[-105.849975586,109.014030457,-12.8035707474,315.762908936,52.4175682068,26.2241096497,-34.4649848938,-37.000579834,11.7378463745,-9.17269897461,21.040019989,4.43223381042,5.59533977509],[-210.645935059,-13.6074876785,107.739051819,52.4175682068,206.170730591,17.0088615417,-45.3617935181,-6.25379323959,19.9759712219,14.1919765472,9.49572277069,8.86891078949,9.31446456909],[88.6208877563,0.687727987766,20.6092224121,26.2241096497,17.0088615417,125.349716187,61.7792701721,10.4727725983,-6.21145105362,16.170633316,5.48390340805,-7.60107755661,10.5970878601],[69.5999832153,9.51812458038,-14.5776081085,-34.4649848938,-45.3617935181,61.7792701721,188.731994629,60.5957260132,8.57208061218,15.8075561523,1.9509319067,1.07760834694,3.46721363068],[-34.1559143066,16.2787952423,19.1050834656,-37.000579834,-6.25379323959,10.4727725983,60.5957260132,123.090423584,35.978805542,16.5522708893,11.2690448761,10.0295000076,6.45612430573],[-75.5074920654,36.6814918518,-15.1634254456,11.7378463745,19.9759712219,-6.21145105362,8.57208061218,35.978805542,92.5421142578,34.6030540466,14.4509992599,6.60948467255,1.07687401772],[22.2574367523,-9.31779384613,-13.6259479523,-9.17269897461,14.1919765472,16.170633316,15.8075561523,16.5522708893,34.6030540466,92.9873352051,30.9825763702,1.56042301655,5.00859117508],[-88.7432098389,39.2761726379,4.86234378815,21.040019989,9.49572277069,5.48390340805,1.9509319067,11.2690448761,14.4509992599,30.9825763702,79.4744338989,31.1258964539,2.65883469582],[-73.5419311523,42.040473938,7.30157518387,4.43223381042,8.86891078949,-7.60107755661,1.07760834694,10.0295000076,6.60948467255,1.56042301655,31.1258964539,76.2722625732,19.9958763123],[-12.0105009079,-8.0491437912,21.9074993134,5.59533977509,9.31446456909,10.5970878601,3.46721363068,6.45612430573,1.07687401772,5.00859117508,2.65883469582,19.9958763123,73.2730026245]],"icov":[[0.000200058406335,9.91295528365e-05,0.000187118494068,2.05465803447e-05,0.000119043870654,-0.000198572510271,3.91639878217e-05,-1.63140848599e-05,0.000125553968246,-9.93568392005e-05,0.000170532686752,9.87714793155e-06,-4.59986449641e-06],[9.91295528365e-05,0.00184225733392,0.000468456943054,-0.000554535828996,0.000172393964021,-0.000186915072845,-3.56763011951e-05,-0.000241937465034,-0.000546448980458,0.000588976487052,-0.000483379059006,-0.000798618944827,0.000352282339009],[0.000187118494068,0.000468456943054,0.00206402572803,0.000137951370561,-0.000905503518879,-0.000393350608647,0.000117481773486,-0.000533405982424,0.000504329393152,0.000517678970937,-0.000257700245129,-2.28802809943e-06,-0.000364901381545],[2.05465803447e-05,-0.000554535828996,0.000137951370561,0.00395701918751,-0.000777336594183,-0.00118430959992,0.000509406963829,0.00127762230113,-0.0009691316518,0.00115567317698,-0.00126098131295,0.000570333970245,-0.000442182674306],[0.000119043870654,0.000172393964021,-0.000905503518879,-0.000777336594183,0.00642837816849,-0.00164089479949,0.00196884968318,-4.3532683776e-05,-0.0013708678307,-0.000903069332708,0.000553987105377,-0.000869910698384,-1.47881826251e-06],[-0.000198572510271,-0.000186915072845,-0.000393350608647,-0.00118430959992,-0.00164089479949,0.0113380290568,-0.00432298472151,0.000390777422581,0.00197108718567,-0.00163672154304,-0.000746412959415,0.0019137855852,-0.00151834799908],[3.91639878217e-05,-3.56763011951e-05,0.000117481773486,0.000509406963829,0.00196884968318,-0.00432298472151,0.00843315664679,-0.00349052832462,2.32229331232e-06,-0.000569793628529,0.000756012042984,-0.000709738989826,0.000417074217694],[-1.63140848599e-05,-0.000241937465034,-0.000533405982424,0.00127762230113,-4.3532683776e-05,0.000390777422581,-0.00349052832462,0.0116631193087,-0.00432646321133,0.000478735542856,-0.00102248240728,-0.000377410236979,-0.000709834508598],[0.000125553968246,-0.000546448980458,0.000504329393152,-0.0009691316518,-0.0013708678307,0.00197108718567,2.32229331232e-06,-0.00432646321133,0.0153789557517,-0.00543367350474,0.000678648182657,-0.000232118502026,0.000338182493579],[-9.93568392005e-05,0.000588976487052,0.000517678970937,0.00115567317698,-0.000903069332708,-0.00163672154304,-0.000569793628529,0.000478735542856,-0.00543367350474,0.0157369803637,-0.0066822101362,0.00256991479546,-0.00131301605143],[0.000170532686752,-0.000483379059006,-0.000257700245129,-0.00126098131295,0.000553987105377,-0.000746412959415,0.000756012042984,-0.00102248240728,0.000678648182657,-0.0066822101362,0.0188866741955,-0.00766451237723,0.00209310441278],[9.87714793155e-06,-0.000798618944827,-2.28802809943e-06,0.000570333970245,-0.000869910698384,0.0019137855852,-0.000709738989826,-0.000377410236979,-0.000232118502026,0.00256991479546,-0.00766451237723,0.0183171741664,-0.00512114958838],[-4.59986449641e-06,0.000352282339009,-0.000364901381545,-0.000442182674306,-1.47881826251e-06,-0.00151834799908,0.000417074217694,-0.000709834508598,0.000338182493579,-0.00131301605143,0.00209310441278,-0.00512114958838,0.0154973575845]],"mean":[-593.11920166,73.9129638672,4.81791877747,31.094367981,13.8420562744,20.524148941,11.1526756287,10.6974172592,5.89058160782,3.87576413155,0.429410725832,0.743032872677,-3.19858217239]},"pitch_salience":{"dmean":0.0784999579191,"dmean2":0.127651408315,"dvar":0.00544313667342,"dvar2":0.0135231921449,"max":0.830960333347,"mean":0.543008804321,"median":0.560648560524,"min":0.0330632962286,"var":0.0154803385958},"silence_rate_20dB":{"dmean":0,"dmean2":0,"dvar":0,"dvar2":0,"max":1,"mean":1,"median":1,"min":1,"var":0},"silence_rate_30dB":{"dmean":0,"dmean2":0,"dvar":0,"dvar2":0,"max":1,"mean":1,"median":1,"min":1,"var":0},"silence_rate_60dB":{"dmean":0.00393848447129,"dmean2":0.00787770841271,"dvar":0.00392272369936,"dvar2":0.00856513623148,"max":1,"mean":0.0191279891878,"median":0,"min":0,"var":0.0187624637038},"spectral_centroid":{"dmean":318.109771729,"dmean2":492.593780518,"dvar":115811.867188,"dvar2":258041.25,"max":10942.9726563,"mean":2246.71459961,"median":2314.71972656,"min":92.8535461426,"var":522980.71875},"spectral_complexity":{"dmean":5.16597890854,"dmean2":7.70852470398,"dvar":25.9382152557,"dvar2":51.6298751831,"max":61,"mean":31.3579006195,"median":34,"min":0,"var":184.929336548},"spectral_contrast_coeffs":{"dmean":[0.0531574301422,0.0439466200769,0.0375531688333,0.0313813053071,0.0221511237323,0.0216165762395],"dmean2":[0.0876699239016,0.0726653635502,0.0616848617792,0.0512983053923,0.0361302830279,0.0339213050902],"dvar":[0.00210780510679,0.00122320803348,0.000890481518582,0.000674912240356,0.000372381764464,0.000404407357564],"dvar2":[0.00554342009127,0.00331842992455,0.00234977039509,0.00169836741406,0.000913934200071,0.000948343309574],"max":[-0.280078858137,-0.501905560493,-0.528462231159,-0.569561302662,-0.556066870689,-0.596181690693],"mean":[-0.666235268116,-0.770190596581,-0.78180629015,-0.786021769047,-0.791655123234,-0.740248084068],"median":[-0.674927949905,-0.774447202682,-0.786347568035,-0.790028035641,-0.796401441097,-0.740530371666],"min":[-0.952298045158,-0.969517230988,-0.966826558113,-0.959975361824,-0.953404963017,-0.956018388271],"var":[0.00479166535661,0.00346602220088,0.00350647862069,0.00260875886306,0.00156350329053,0.00229230686091]},"spectral_contrast_valleys":{"dmean":[0.36514633894,0.349913686514,0.305199146271,0.280714064837,0.237581178546,0.243490532041],"dmean2":[0.606736958027,0.567402660847,0.47741523385,0.424131959677,0.348214894533,0.343276053667],"dvar":[0.0986198186874,0.0931154936552,0.0764422118664,0.078473187983,0.0789879634976,0.10095615685],"dvar2":[0.253100842237,0.218762159348,0.159876003861,0.143719121814,0.138620093465,0.176261097193],"max":[-5.29369735718,-5.45282316208,-5.39201545715,-5.72047996521,-5.48863172531,-7.10458755493],"mean":[-6.87241983414,-7.11719799042,-7.21375608444,-7.19446516037,-6.7767663002,-9.10208511353],"median":[-6.65362405777,-6.98626995087,-7.06873178482,-6.97917556763,-6.52267074585,-8.88734531403],"min":[-27.3467979431,-27.7197055817,-27.2729854584,-27.5071277618,-27.4841136932,-27.3112163544],"var":[1.56321895123,1.16706109047,1.30479061604,1.30459427834,1.27915835381,1.26200580597]},"spectral_decrease":{"dmean":2.24056861953e-09,"dmean2":3.59416096885e-09,"dvar":7.51240221083e-18,"dvar2":1.73346748493e-17,"max":1.97384511215e-15,"mean":-7.45446993022e-09,"median":-6.99358260192e-09,"min":-2.60747832215e-08,"var":1.35505171072e-17},"spectral_energy":{"dmean":0.00887907575816,"dmean2":0.0141735561192,"dvar":0.000114586975542,"dvar2":0.000265001290245,"max":0.100891806185,"mean":0.0319288112223,"median":0.0305404160172,"min":1.10472297252e-20,"var":0.000215249485336},"spectral_energyband_high":{"dmean":0.0013128858991,"dmean2":0.00203982926905,"dvar":4.58528165836e-06,"dvar2":1.00384513644e-05,"max":0.0273475442082,"mean":0.00346572487615,"median":0.0024643864017,"min":8.0004303001e-21,"var":1.27236344269e-05},"spectral_energyband_low":{"dmean":0.00689953519031,"dmean2":0.0110479565337,"dvar":9.19084268389e-05,"dvar2":0.000208882876905,"max":0.0948219820857,"mean":0.0153470234945,"median":0.0124157778919,"min":5.59215859538e-23,"var":0.00015974183043},"spectral_energyband_middle_high":{"dmean":0.0021460398566,"dmean2":0.00335958786309,"dvar":6.00941712037e-06,"dvar2":1.4369424207e-05,"max":0.0429309979081,"mean":0.00773766962811,"median":0.00667027104646,"min":1.67155107221e-21,"var":3.29794784193e-05},"spectral_energyband_middle_low":{"dmean":0.00361600704491,"dmean2":0.00602670200169,"dvar":4.0270446334e-05,"dvar2":0.000103697202576,"max":0.0615472868085,"mean":0.00693667121232,"median":0.00534846121445,"min":3.08341317339e-22,"var":4.05199680245e-05},"spectral_entropy":{"dmean":0.109336994588,"dmean2":0.161643370986,"dvar":0.0206665117294,"dvar2":0.0416879579425,"max":9.76676559448,"mean":8.06099033356,"median":8.10603141785,"min":4.65122842789,"var":0.111660033464},"spectral_flux":{"dmean":0.0240733642131,"dmean2":0.0370068773627,"dvar":0.00075069477316,"dvar2":0.00170920568053,"max":0.266967356205,"mean":0.0967432484031,"median":0.0914291143417,"min":1.05105799064e-10,"var":0.00157512177248},"spectral_kurtosis":{"dmean":0.692492485046,"dmean2":1.13194406033,"dvar":0.704810917377,"dvar2":1.77287852764,"max":29.1913108826,"mean":2.19986701012,"median":2.10858726501,"min":-1.28481686115,"var":1.81910765171},"spectral_rms":{"dmean":0.000742284930311,"dmean2":0.00116778397933,"dvar":6.52176879612e-07,"dvar2":1.46131685597e-06,"max":0.00992124155164,"mean":0.00540534919128,"median":0.00545852817595,"min":3.28295376995e-12,"var":1.93238088286e-06},"spectral_rolloff":{"dmean":909.376708984,"dmean2":1481.62145996,"dvar":1523390.375,"dvar2":3130069.5,"max":21963.8671875,"mean":2937.94506836,"median":2583.984375,"min":64.599609375,"var":6181224},"spectral_skewness":{"dmean":0.148758724332,"dmean2":0.237089321017,"dvar":0.0245383046567,"dvar2":0.0563889816403,"max":3.88154578209,"mean":1.0731137991,"median":1.06053769588,"min":-0.195229917765,"var":0.093017667532},"spectral_spread":{"dmean":563766.5,"dmean2":805294.75,"dvar":510703337472,"dvar2":913684627456,"max":39971196,"mean":5609757,"median":5288414,"min":2064544.75,"var":4662088957950.0},"spectral_strongpeak":{"dmean":0.371403902769,"dmean2":0.661415874958,"dvar":0.630082428455,"dvar2":1.69071912766,"max":11.2866382599,"mean":0.522020459175,"median":0.307232528925,"min":4.49710491068e-09,"var":0.625862598419},"zerocrossingrate":{"dmean":0.0150313610211,"dmean2":0.0170612242073,"dvar":0.000312781776302,"dvar2":0.000334028911311,"max":0.89794921875,"mean":0.101143352687,"median":0.09326171875,"min":0.00341796875,"var":0.00494879111648}},"metadata":{"audio_properties":{"analysis_sample_rate":44100,"bit_rate":320000,"codec":"mp3","downmix":"mix","equal_loudness":0,"length":247.614700317,"lossless":false,"md5_encoded":"bc238eb237ddd39794a603f795a3589d","replay_gain":-16.3638420105,"sample_rate":44100},"tags":{"acoustid_id":["9af40e47-0498-4676-a5ae-ee61f9929c27"],"album":["The Arockalypse"],"albumartist":["Lordi"],"albumartistsort":["Lordi"],"artist":["Lordi"],"artistsort":["Lordi"],"date":[""],"discnumber":["1/1"],"file_name":"03 The Kids Who Wanna Play With the Dead.mp3","genre":[""],"isrc":["FIBAR0500285"],"musicbrainz album status":["promotion"],"musicbrainz album type":["album"],"musicbrainz_albumartistid":["b5b4ba6e-6e34-4669-a33b-0d813b4c3d83"],"musicbrainz_albumid":["dd1f50dd-37c6-413e-beed-71246f405da4"],"musicbrainz_artistid":["b5b4ba6e-6e34-4669-a33b-0d813b4c3d83"],"musicbrainz_recordingid":["31d0d242-266a-4266-baab-3fce71191c95"],"musicbrainz_releasegroupid":["fa5d429b-6a17-35c3-ba27-2185e8a60bb2"],"originaldate":["2006"],"script":["Latn"],"title":["The Kids Who Wanna Play With the Dead"],"tracknumber":["3/10"]},"version":{"essentia":"2.1-beta2","essentia_build_sha":"2d9f1f26377add8aeb1075a9c2973f962c4f09fd","essentia_git_sha":"v2.1_beta2-1-ge3940c0","extractor":"music 1.0"}},"rhythm":{"beats_count":588,"beats_loudness":{"dmean":0.0161162558943,"dmean2":0.0295550599694,"dvar":0.00013178800873,"dvar2":0.000418833689764,"max":0.0942783951759,"mean":0.04343983531,"median":0.0421861410141,"min":7.14329351226e-09,"var":0.000224874456762},"beats_loudness_band_ratio":{"dmean":[0.265872657299,0.229601338506,0.0340690128505,0.0619807802141,0.0704719647765,0.125508874655],"dmean2":[0.501271247864,0.452823877335,0.0602751001716,0.113482415676,0.127186566591,0.236050993204],"dvar":[0.0238203648478,0.0180222410709,0.0018939456204,0.00532754464075,0.00515678571537,0.00903550256044],"dvar2":[0.0780022069812,0.060569729656,0.00524412188679,0.015629645437,0.0153610259295,0.0264958664775],"max":[0.99921810627,0.528311491013,0.413063555956,0.595550894737,0.672689497471,0.987597465515],"mean":[0.601305603981,0.14