{"lowlevel":{"average_loudness":0.974443674088,"barkbands":{"dmean":[5.03880073666e-05,0.00415930477902,0.00261248229071,0.000940589641687,0.00127983652055,0.000216882443056,0.000179301438038,0.000242388923652,0.000432671949966,0.000406495673815,0.000338441430358,0.00037520119804,0.000502432463691,0.000549968972337,0.000520755304024,0.000554391182959,0.000476436282042,0.000344291183865,0.000329308357323,0.000451440428151,0.000615192286205,0.000536284409463,0.00035003470839,0.000181042705663,0.000103835955088,2.5888066375e-05,2.67429004452e-06],"dmean2":[6.94026603014e-05,0.00685185100883,0.00450116209686,0.00156354159117,0.00215899199247,0.00035790092079,0.000294305587886,0.000388930027839,0.000684641941916,0.000650856585708,0.000549380667508,0.000610703136772,0.00080676516518,0.00089568994008,0.000838861858938,0.00089791289065,0.000782463757787,0.000575886049774,0.000550451630261,0.000760481110774,0.00105059170164,0.00087844702648,0.00056315981783,0.000266163493507,0.00015416595852,3.97347394028e-05,4.30007230534e-06],"dvar":[1.24680035185e-08,7.2566777817e-05,2.68839376076e-05,2.0409327135e-06,9.74594422587e-06,1.58239174652e-07,1.25862243294e-07,2.63980808768e-07,8.89326713605e-07,7.39600011457e-07,4.54297122587e-07,7.47724186567e-07,1.15840373383e-06,8.35727860249e-07,8.29521525247e-07,6.96373263054e-07,4.35458503034e-07,2.31850876276e-07,1.9562729392e-07,3.44809791386e-07,8.70214819315e-07,1.17049398796e-06,4.93792413181e-07,2.37173793494e-07,5.98674603225e-08,2.64500377156e-09,4.90698003064e-11],"dvar2":[2.02689829365e-08,0.000178931251867,7.54993670853e-05,5.45562443222e-06,2.5980774808e-05,3.94759467781e-07,3.22086918914e-07,6.44587998977e-07,2.12358054341e-06,1.88755279851e-06,1.14787928851e-06,1.83192719305e-06,2.99777616419e-06,2.1085284061e-06,2.03183662961e-06,1.69719533005e-06,1.11054248464e-06,6.10103825238e-07,5.10380345986e-07,9.23327604596e-07,2.33312357523e-06,2.95418135465e-06,1.14569877496e-06,4.41886726321e-07,1.18561736429e-07,6.01440186543e-09,1.30104330087e-10],"max":[0.00128226180095,0.0762745440006,0.0621479898691,0.0229096747935,0.0405380912125,0.0068345265463,0.00799592770636,0.0145902363583,0.0353859737515,0.0189139023423,0.0161621402949,0.0161393471062,0.0239498633891,0.0203167311847,0.0136876050383,0.0148294335231,0.0131399389356,0.0109462831169,0.00913515780121,0.00720463646576,0.0115861138329,0.0309351980686,0.0183984488249,0.0139155350626,0.00648030359298,0.00236570253037,0.000238692606217],"mean":[5.81437743676e-05,0.00600332207978,0.00432059867308,0.00168386555742,0.00156831508502,0.000317515514325,0.000268662144663,0.000374519120669,0.000691015564371,0.000651998794638,0.000542867812328,0.000579469662625,0.00081041501835,0.00092886632774,0.00087834126316,0.00105028098915,0.000978701165877,0.000705368991476,0.000732912623789,0.00103586376645,0.00132943107747,0.00107650633436,0.00074711808702,0.00040654966142,0.000231245343457,5.50465629203e-05,3.86601050195e-06],"median":[7.4607987699e-06,0.00332125625573,0.00257308408618,0.00110583240166,0.000819245819002,0.000164296390722,0.000135789392516,0.000148118269863,0.000265981798293,0.000278008985333,0.000242699694354,0.000225976662477,0.000343342835549,0.000540090608411,0.000502015929669,0.000647667213343,0.000712674518581,0.000542012508959,0.000612819101661,0.000921088620089,0.00112146278843,0.000658169446979,0.000403800630011,0.00020913912158,0.000134157628054,3.47051282006e-05,1.78889433755e-06],"min":[9.49168327442e-24,2.30455742258e-23,3.20266672794e-23,1.60625096508e-23,4.23425350726e-23,6.11729762018e-23,5.14275337291e-23,2.98144457102e-23,3.46303689614e-23,2.26634768246e-23,4.56196462886e-23,1.07107103468e-22,1.60123504035e-22,1.27455259336e-22,1.64602845581e-22,1.31067295649e-22,1.38076659269e-22,4.71331743852e-22,2.07817857659e-22,3.00822273844e-22,3.04591564845e-22,7.1066058095e-22,7.81999304715e-22,8.34262488267e-22,1.16289739754e-21,1.57697056242e-21,2.59179616797e-21],"var":[1.98486720393e-08,7.87998069427e-05,3.04741606669e-05,3.74589535568e-06,7.82590905146e-06,2.3567902474e-07,1.96630224991e-07,6.22596814992e-07,1.9151621018e-06,1.52662494202e-06,8.73698411397e-07,1.34688355047e-06,2.22654193749e-06,1.48015817558e-06,1.4017915646e-06,1.59470437211e-06,9.48820854774e-07,3.98260993961e-07,3.85423589933e-07,6.245030022e-07,1.26218651531e-06,2.27500618166e-06,1.38747316214e-06,7.15024498277e-07,1.66294910287e-07,4.94367347059e-09,4.86337185801e-11]},"barkbands_crest":{"dmean":2.44357991219,"dmean2":3.96035552025,"dvar":6.9788441658,"dvar2":17.4470729828,"max":26.6334171295,"mean":8.21082401276,"median":7.02305173874,"min":2.16241025925,"var":18.4243793488},"barkbands_flatness_db":{"dmean":0.0167132355273,"dmean2":0.0261200964451,"dvar":0.000357959477697,"dvar2":0.000789910380263,"max":0.600776135921,"mean":0.0932702124119,"median":0.0815450996161,"min":0.027296744287,"var":0.00203039846383},"barkbands_kurtosis":{"dmean":3.27460098267,"dmean2":5.55818891525,"dvar":1718.48498535,"dvar2":4939.35253906,"max":2340.64746094,"mean":2.89813399315,"median":-1.04093289375,"min":-1.94697022438,"var":2744.28979492},"barkbands_skewness":{"dmean":0.505919575691,"dmean2":0.782724142075,"dvar":0.745718061924,"dvar2":1.86398506165,"max":41.0109367371,"mean":0.530426025391,"median":0.292325586081,"min":-6.21223449707,"var":2.7184419632},"barkbands_spread":{"dmean":7.6289100647,"dmean2":12.1819581985,"dvar":65.382774353,"dvar2":154.944702148,"max":111.583442688,"mean":45.4966239929,"median":47.2852096558,"min":0.0492588505149,"var":254.358093262},"dissonance":{"dmean":0.00672967731953,"dmean2":0.0114594660699,"dvar":5.73067445657e-05,"dvar2":0.000153748624143,"max":0.499999970198,"mean":0.489169239998,"median":0.491992175579,"min":0.370478034019,"var":0.000103056452645},"dynamic_complexity":1.78009867668,"erbbands":{"dmean":[0.0828399658203,1.07960450649,2.86886525154,3.03535532951,3.57141447067,4.79147815704,2.35785937309,1.63895750046,2.54978609085,2.88747882843,6.05723524094,11.0362319946,8.42568492889,13.3325500488,13.4831352234,15.9126195908,21.8696155548,23.214717865,28.5723342896,25.0541934967,27.9350147247,25.4575080872,19.5028705597,17.0972938538,16.2248153687,21.5759315491,25.8604335785,23.9705657959,20.1914863586,14.1993932724,9.68647289276,5.10208272934,2.48848104477,1.48419606686,0.603013932705,0.179583802819,0.0358008258045,0.00533986603841,0.000474516040413,1.99177502509e-05],"dmean2":[0.132244601846,1.79550886154,4.84134435654,5.20088624954,5.95004796982,8.24596786499,3.9443500042,2.72774958611,4.20589971542,4.64464378357,9.68194580078,17.2919960022,13.4555768967,21.1082229614,21.6170272827,25.5947914124,35.1987876892,37.5249443054,46.0912780762,40.4788703918,44.8746261597,41.7758522034,32.6309776306,28.5094070435,26.9171161652,36.3296012878,44.6460533142,40.3964385986,33.316696167,22.9724674225,15.5402822495,7.6151804924,3.65602779388,2.23302721977,0.90701431036,0.275755316019,0.0549646057189,0.00820225197822,0.000763851741794,3.08996386593e-05],"dvar":[0.0359454154968,4.71548175812,30.092420578,27.1166057587,44.3993644714,161.263671875,24.2733364105,9.61548042297,27.5580062866,26.7078533173,189.283843994,680.104736328,371.347564697,725.438293457,656.298706055,1268.83581543,2283.33227539,1521.04101562,2327.63452148,1852.86767578,1809.11193848,1194.4552002,694.15625,613.097229004,415.647735596,754.542297363,1580.87963867,1376.68139648,1700.06091309,782.096069336,389.422241211,160.282409668,48.8509025574,12.7186975479,2.06035470963,0.129893690348,0.00486498884857,0.0001251767535,1.68705923898e-06,1.78369019554e-09],"dvar2":[0.0858417451382,11.7762174606,82.0773468018,76.3875656128,116.676597595,440.846832275,62.7634963989,24.3797473907,71.1285095215,63.8797454834,474.257080078,1583.06481934,915.858581543,1803.75439453,1646.04138184,3101.26733398,5817.40283203,3908.13012695,5787.84960938,4552.76171875,4434.17871094,3077.60791016,1819.50109863,1554.39904785,1110.67932129,2018.1340332,4332.88525391,3583.29296875,4332.51464844,1825.73144531,876.044677734,299.015441895,91.3142242432,24.9712123871,4.3258690834,0.295882552862,0.0110656889156,0.000295288889902,4.50437846666e-06,4.71212802111e-09],"max":[2.1225130558,18.997844696,68.2993164062,61.3630905151,68.0416030884,201.953598022,93.0175704956,62.2543716431,113.633308411,139.020050049,402.956970215,1126.46228027,431.361236572,639.243774414,588.696655273,737.387817383,1214.62512207,1105.46582031,800.332885742,834.228271484,860.078979492,621.712585449,527.484619141,670.276794434,283.343688965,314.242126465,404.949523926,510.042205811,1082.12927246,611.061828613,505.21762085,335.320251465,229.622650146,103.512733459,43.7035636902,14.0920219421,2.52138924599,0.310752958059,0.0460695512593,0.00168586650398],"mean":[0.103076837957,1.59821629524,5.17441940308,5.30209159851,5.50817632675,5.26734447479,3.24864292145,2.40864062309,3.68251681328,4.983314991,9.89370346069,17.6940956116,14.4940280914,22.9779205322,23.8152503967,26.8197555542,37.6413230896,42.7249526978,51.7401275635,48.1672515869,56.961353302,55.1666183472,42.5709228516,37.3789024353,37.7975463867,49.6754646301,52.1929092407,51.9039306641,38.7998428345,30.5676670074,20.2955951691,11.2836637497,5.37698554993,3.204631567,1.29481160641,0.382244825363,0.0740522742271,0.0102023985237,0.000716639275197,6.19352504145e-05],"median":[0.0359092950821,0.954337835312,3.23109745979,3.80378007889,3.49482011795,2.46479296684,1.7092962265,1.25162601471,1.91242408752,2.51216387749,4.0497508049,6.50048732758,7.20862340927,9.65203952789,11.2993888855,11.152797699,16.386932373,25.9257507324,30.6090431213,29.6603355408,37.4003410339,41.4158782959,33.1230812073,29.9494628906,33.2335929871,44.6836471558,43.9664115906,42.295841217,23.2207927704,17.5624198914,10.806014061,5.59926605225,2.81128334999,1.7536239624,0.765198469162,0.241852939129,0.0454117022455,0.00565236527473,0.000358808727469,5.36299921805e-05],"min":[1.42328682657e-21,2.75386641664e-21,2.75319021264e-20,5.64161023827e-20,3.70665933275e-20,1.17129989659e-19,5.62061316315e-19,4.27167054315e-19,4.99498079371e-19,7.35022300858e-19,1.09812382899e-18,7.31913290827e-19,7.14957587535e-19,6.56169396111e-19,3.74634897073e-18,3.48123220773e-18,7.58997769022e-18,8.23439109206e-18,6.99396428037e-18,5.80555927099e-18,9.76043261592e-18,8.14282137107e-18,2.55260575126e-17,1.3768852257e-17,1.21748983777e-17,1.28917587391e-17,1.18616492156e-17,1.49357038348e-17,2.45820078601e-17,2.22404034754e-17,2.2770172953e-17,2.1412463511e-17,1.33681246093e-17,1.26557012447e-17,8.06803183599e-18,6.23572255443e-18,2.93313943872e-18,1.33316564908e-18,3.71921186317e-19,3.52185458232e-20],"var":[0.0393676646054,4.97137212753,37.1772689819,29.4167194366,52.0571022034,117.853988647,27.069726944,14.0114517212,37.8827056885,61.2438850403,443.430389404,1457.00561523,660.664672852,1764.2401123,1432.48864746,2430.734375,4501.22070312,2825.04321289,4392.23486328,3506.46728516,4169.98193359,2654.3527832,1332.30639648,1188.16479492,829.821105957,1391.80969238,1963.97741699,2254.3125,2958.41210938,2159.00219727,1081.68933105,493.414642334,140.164321899,37.0886421204,4.61593484879,0.248313784599,0.00899328105152,0.000198884503334,1.59600824645e-06,2.03603711668e-09]},"erbbands_crest":{"dmean":2.00337171555,"dmean2":3.30393886566,"dvar":3.77299976349,"dvar2":9.75018978119,"max":26.230966568,"mean":6.8845911026,"median":6.12539815903,"min":2.47233176231,"var":8.16502857208},"erbbands_flatness_db":{"dmean":0.012072279118,"dmean2":0.0184986609966,"dvar":0.000131786087877,"dvar2":0.000279962172499,"max":0.333538144827,"mean":0.140066787601,"median":0.136511087418,"min":0.0584387369454,"var":0.000977677758783},"erbbands_kurtosis":{"dmean":0.882440030575,"dmean2":1.39227020741,"dvar":4.52080869675,"dvar2":10.9811792374,"max":156.461791992,"mean":1.12821900845,"median":0.728551268578,"min":-1.72473609447,"var":14.5503406525},"erbbands_skewness":{"dmean":0.294740378857,"dmean2":0.45521903038,"dvar":0.0866200774908,"dvar2":0.193872183561,"max":10.9749612808,"mean":-0.656384885311,"median":-0.716900467873,"min":-3.87843990326,"var":0.534646868706},"erbbands_spread":{"dmean":7.21802139282,"dmean2":11.3394603729,"dvar":58.8213195801,"dvar2":143.655578613,"max":143.452331543,"mean":36.7050437927,"median":34.1362304688,"min":2.84500861168,"var":201.19581604},"gfcc":{"cov":[[9333.20019531,264.766693115,-73.351272583,249.815597534,-495.228668213,261.270294189,-419.119781494,110.095405579,-240.254013062,47.4090538025,-230.212966919,74.0697937012,-106.678688049],[264.766693115,952.745239258,-29.1296024323,56.0628585815,211.318374634,-24.2788982391,109.317405701,-12.1226816177,18.5998535156,-11.5781049728,27.1271724701,-56.6594238281,36.3440437317],[-73.351272583,-29.1296024323,569.499084473,43.1877555847,121.739700317,76.6973342896,-64.312828064,46.1948547363,-29.7550430298,25.1237831116,7.10219621658,33.3136749268,-22.3755779266],[249.815597534,56.0628585815,43.1877555847,276.886657715,58.8574371338,-8.75048732758,23.0329189301,-28.3013458252,20.2408924103,-1.04594480991,3.62195897102,-15.8760080338,20.2307357788],[-495.228668213,211.318374634,121.739700317,58.8574371338,313.812469482,4.7900686264,48.5212287903,46.0383987427,14.2353982925,20.574048996,-1.68972432613,-26.3893299103,1.8546602726],[261.270294189,-24.2788982391,76.6973342896,-8.75048732758,4.7900686264,197.053878784,20.2197742462,41.121799469,-2.97284555435,-5.01540851593,25.6581363678,-10.469959259,-9.81638240814],[-419.119781494,109.317405701,-64.312828064,23.0329189301,48.5212287903,20.2197742462,198.987030029,11.6192016602,24.431760788,-0.498768538237,19.5731277466,-10.3848276138,5.56995201111],[110.095405579,-12.1226816177,46.1948547363,-28.3013458252,46.0383987427,41.121799469,11.6192016602,135.342666626,35.0838127136,10.0277404785,-16.1328735352,-16.1474456787,-15.0355682373],[-240.254013062,18.5998535156,-29.7550430298,20.2408924103,14.2353982925,-2.97284555435,24.431760788,35.0838127136,116.995903015,20.9835567474,0.947844684124,-26.2927436829,6.97075605392],[47.4090538025,-11.5781049728,25.1237831116,-1.04594480991,20.574048996,-5.01540851593,-0.498768538237,10.0277404785,20.9835567474,66.203086853,14.4590444565,6.68140220642,-8.02846431732],[-230.212966919,27.1271724701,7.10219621658,3.62195897102,-1.68972432613,25.6581363678,19.5731277466,-16.1328735352,0.947844684124,14.4590444565,83.4368209839,25.4199905396,12.9858160019],[74.0697937012,-56.6594238281,33.3136749268,-15.8760080338,-26.3893299103,-10.469959259,-10.3848276138,-16.1474456787,-26.2927436829,6.68140220642,25.4199905396,78.6583099365,19.5756072998],[-106.678688049,36.3440437317,-22.3755779266,20.2307357788,1.8546602726,-9.81638240814,5.56995201111,-15.0355682373,6.97075605392,-8.02846431732,12.9858160019,19.5756072998,64.6808776855]],"icov":[[0.000332503026584,-0.000498520734254,0.000317853060551,-0.000775450433139,0.000819832435809,-0.000849578471389,0.000773895299062,-0.000688216765411,0.000787341501564,-0.0010471008718,0.00146440567914,-0.00111882481724,0.000631731236354],[-0.000498520734254,0.00218777661212,-0.000443716329755,0.00127024878748,-0.00213096523657,0.00158607226331,-0.00163932039868,0.00132212147582,-0.00101845851168,0.0019475374138,-0.00293371756561,0.0029306341894,-0.00179846410174],[0.000317853060551,-0.000443716329755,0.00283575523645,-0.00129496736918,-0.000339846126735,-0.00187250878662,0.00182176986709,-0.00115579157136,0.00112705840729,-0.00145938096102,0.0016075206222,-0.00288504362106,0.00170740962494],[-0.000775450433139,0.00127024878748,-0.00129496736918,0.0060615404509,-0.00258198706433,0.00214918004349,-0.00226189638488,0.00309677422047,-0.00267210998572,0.00270588323474,-0.0034639548976,0.00388686917722,-0.00287880469114],[0.000819832435809,-0.00213096523657,-0.000339846126735,-0.00258198706433,0.00694160955027,-0.00150262133684,0.000938630662858,-0.00326218549162,0.0026418233756,-0.00407736795023,0.00379354553297,-0.00130033586174,0.000814433675259],[-0.000849578471389,0.00158607226331,-0.00187250878662,0.00214918004349,-0.00150262133684,0.00882903300226,-0.00286776362918,-0.000400159944547,-0.00105566170532,0.00391643540934,-0.00698315445334,0.00537393242121,-0.00169997347984],[0.000773895299062,-0.00163932039868,0.00182176986709,-0.00226189638488,0.000938630662858,-0.00286776362918,0.0080153439194,-0.0019873350393,0.000873255892657,-0.00188273924869,0.00225412822329,-0.00336843729019,0.00215995358303],[-0.000688216765411,0.00132212147582,-0.00115579157136,0.00309677422047,-0.00326218549162,-0.000400159944547,-0.0019873350393,0.0118791004643,-0.00509012117982,0.00187930592801,-0.000425813545007,0.0020267830696,-2.71541593975e-05],[0.000787341501564,-0.00101845851168,0.00112705840729,-0.00267210998572,0.0026418233756,-0.00105566170532,0.000873255892657,-0.00509012117982,0.0138671239838,-0.00669051660225,0.0023220195435,0.00224247691222,-0.00186770199798],[-0.0010471008718,0.0019475374138,-0.00145938096102,0.00270588323474,-0.00407736795023,0.00391643540934,-0.00188273924869,0.00187930592801,-0.00669051660225,0.022152017802,-0.00835459306836,0.000926539709326,0.00200534705073],[0.00146440567914,-0.00293371756561,0.0016075206222,-0.0034639548976,0.00379354553297,-0.00698315445334,0.00225412822329,-0.000425813545007,0.0023220195435,-0.00835459306836,0.0230341795832,-0.0106645012274,0.00155740778428],[-0.00111882481724,0.0029306341894,-0.00288504362106,0.00388686917722,-0.00130033586174,0.00537393242121,-0.00336843729019,0.0020267830696,0.00224247691222,0.000926539709326,-0.0106645012274,0.0246235132217,-0.00952956359833],[0.000631731236354,-0.00179846410174,0.00170740962494,-0.00287880469114,0.000814433675259,-0.00169997347984,0.00215995358303,-2.71541593975e-05,-0.00186770199798,0.00200534705073,0.00155740778428,-0.00952956359833,0.0215520430356]],"mean":[42.1799278259,42.9053230286,-127.599021912,61.5749511719,-49.0899467468,30.8352508545,-30.1953372955,8.86394309998,-24.9296970367,2.27555418015,-25.7054901123,-4.05133199692,-13.9326572418]},"hfc":{"dmean":12.0576791763,"dmean2":18.9935684204,"dvar":354.835632324,"dvar2":846.88671875,"max":342.309082031,"mean":46.3946380615,"median":41.3790359497,"min":1.21582421035e-16,"var":959.221374512},"melbands":{"dmean":[0.000973045418505,0.00141020107549,0.000500469934195,0.000324307882693,0.000100847850263,3.77668329747e-05,3.85176826967e-05,3.51709568349e-05,5.55107981199e-05,6.74759139656e-05,4.35853689851e-05,5.70911033719e-05,4.64973782073e-05,4.13384696003e-05,4.94639425597e-05,4.77859684906e-05,4.82590985484e-05,5.13574195793e-05,3.60661906598e-05,4.05283572036e-05,3.32839554176e-05,2.89181043627e-05,2.5689116228e-05,1.59535065904e-05,1.5354997231e-05,1.2845512174e-05,1.36684575409e-05,1.58473794727e-05,1.8278551579e-05,1.57762697199e-05,1.45128988152e-05,1.22053488667e-05,1.10616065285e-05,7.74048294261e-06,6.48462628305e-06,4.44324268756e-06,2.92949175673e-06,1.89724426036e-06,1.58613238455e-06,1.25320173083e-06],"dmean2":[0.00159228499979,0.00231636432,0.000850590295158,0.000549399817828,0.00017066327564,6.26960027148e-05,6.32426672382e-05,5.6307635532e-05,8.90148585313e-05,0.0001059610222,6.99567899574e-05,9.05356864678e-05,7.51709012548e-05,6.6989363404e-05,7.91587517597e-05,7.69609687268e-05,7.88511679275e-05,8.33465674077e-05,5.8090317907e-05,6.58053322695e-05,5.37972300663e-05,4.754575275e-05,4.28721032222e-05,2.68080384558e-05,2.56372532021e-05,2.15150430449e-05,2.29446050071e-05,2.67152718152e-05,3.16717087117e-05,2.66142542387e-05,2.47023417614e-05,2.04605767067e-05,1.82044295798e-05,1.27004959722e-05,1.0625343748e-05,6.94127265888e-06,4.38005554315e-06,2.81299548988e-06,2.44175362241e-06,1.91240997083e-06],"dvar":[4.42892451247e-06,6.5793065005e-06,6.57111968394e-07,6.40986684175e-07,4.90401674824e-08,4.92622476145e-09,6.06272188008e-09,4.05942790493e-09,1.57078456908e-08,2.51982683608e-08,9.97966598248e-09,1.40918841041e-08,8.4980991133e-09,9.33127175529e-09,1.16946621276e-08,1.04111617105e-08,6.67129329557e-09,7.8778397139e-09,5.00786212498e-09,4.000060283e-09,2.85696533098e-09,1.69167468922e-09,1.37042310833e-09,5.77628944676e-10,5.36865163436e-10,2.96404512046e-10,2.80424100607e-10,4.1613598678e-10,7.8664474934e-10,4.7714182605e-10,5.88725734829e-10,6.01152128077e-10,5.52922818642e-10,2.25400184628e-10,1.74428929633e-10,9.81052253324e-11,6.47490464023e-11,3.1589349192e-11,1.4403735149e-11,9.05725060923e-12],"dvar2":[1.09186448753e-05,1.66502359207e-05,1.82796065928e-06,1.7179555698e-06,1.31984279506e-07,1.24366801302e-08,1.55685633274e-08,9.61038804093e-09,4.05198328224e-08,5.78069787593e-08,2.47636293693e-08,3.52714195628e-08,2.14324789027e-08,2.38160744459e-08,2.82483352265e-08,2.74941474032e-08,1.71686860284e-08,1.97086009734e-08,1.21642917961e-08,9.79994663197e-09,7.06215796953e-09,4.33360280994e-09,3.57664275974e-09,1.56321611211e-09,1.3553853595e-09,7.9513468032e-10,7.63221041922e-10,1.10308051582e-09,2.16912621198e-09,1.2236587299e-09,1.57502655362e-09,1.52575485579e-09,1.407179262e-09,5.51492462808e-10,4.2245962284e-10,2.07001943364e-10,1.27895388724e-10,6.22476376e-11,2.71564871285e-11,1.88890413727e-11],"max":[0.0213774535805,0.0293263178319,0.00878013391048,0.0101278973743,0.00456338468939,0.00123690546025,0.00175027945079,0.00181459961459,0.00311351544224,0.00686127040535,0.00214414298534,0.00276940898038,0.00231905211695,0.00216183648445,0.00253238761798,0.00225220597349,0.00243088370189,0.00140328076668,0.00132186280098,0.00107861461584,0.00109881802928,0.000694404414389,0.000895892328117,0.000507097516675,0.000661960919388,0.000260459637502,0.000286584778223,0.000247986085014,0.000294035795378,0.000373164046323,0.000348646775819,0.000578670063987,0.000679880846292,0.000323450600263,0.00034685243736,0.000275562604656,0.000226746502449,0.000182312796824,9.05427077669e-05,8.94340919331e-05],"mean":[0.00131295924075,0.00259263091721,0.000951182155404,0.000407735031331,0.000131964014145,5.53486606805e-05,5.62559871469e-05,5.92536889599e-05,8.86232664925e-05,0.000107419662527,7.1256326919e-05,9.39877500059e-05,7.75856315158e-05,6.45525651635e-05,8.13380029285e-05,7.703799929e-05,8.11839709058e-05,8.68091592565e-05,6.05216409895e-05,7.31362160877e-05,6.32834489807e-05,5.6932993175e-05,4.9291193136e-05,3.1057970773e-05,3.01865202346e-05,2.63925303443e-05,2.95263234875e-05,3.3399748645e-05,3.2496827771e-05,3.26134613715e-05,2.8528376788e-05,2.16136268136e-05,2.03929339477e-05,1.56133864948e-05,1.2332404367e-05,8.94301865628e-06,6.01430156166e-06,3.75695913135e-06,3.21566085404e-06,2.52723475569e-06],"median":[0.000627335044555,0.00174218637403,0.000723231991287,0.000218165456317,7.12477631168e-05,2.87698094326e-05,2.86856884486e-05,2.82920918835e-05,3.45851003658e-05,3.99829732487e-05,3.43898645951e-05,3.73200455215e-05,3.48472894984e-05,2.86023168883e-05,3.15354227496e-05,3.40854821843e-05,4.71980238217e-05,4.96338907396e-05,3.42909042956e-05,4.35770016338e-05,3.9734353777e-05,4.11639557569e-05,3.48584726453e-05,2.36636369664e-05,2.32643396885e-05,2.12837658182e-05,2.58915606537e-05,2.86171816697e-05,2.6059560696e-05,2.69507036137e-05,2.20356923819e-05,1.25357282741e-05,1.1175077816e-05,8.74694069353e-06,6.4726709752e-06,4.32831529906e-06,2.81618235931e-06,1.79069036221e-06,1.70883322426e-06,1.31718775265e-06],"min":[9.12213743907e-24,1.04974257083e-23,9.192332649e-24,3.46593414558e-24,1.77037252978e-23,9.9239948277e-24,8.69168759753e-24,6.88385348331e-24,9.99912357373e-24,3.89173956855e-24,3.54612619533e-24,2.23848846795e-24,9.24531254739e-24,1.22403783797e-23,9.707674968e-24,2.14251655741e-23,1.32840074363e-23,8.89148476557e-24,1.24621145583e-23,5.7861807494e-24,1.30319009016e-23,7.70482733826e-24,1.38435023001e-23,2.58595830697e-23,9.27929273089e-24,7.68930413337e-24,8.52882726364e-24,9.23252590098e-24,7.56838832268e-24,6.13837716686e-24,9.90015466229e-24,1.31598991055e-23,1.46942524988e-23,1.08381000234e-23,1.25088474672e-23,1.42383161391e-23,1.33253910793e-23,8.85826109969e-24,9.94829963219e-24,1.10534984936e-23],"var":[4.67822337669e-06,8.32889054436e-06,8.2023620962e-07,5.09652124947e-07,4.56989361908e-08,7.31884286509e-09,8.7580707131e-09,9.53645162838e-09,3.36225838282e-08,5.6500443435e-08,1.72896470474e-08,3.27929292609e-08,1.72157879064e-08,1.46414391722e-08,2.70615494458e-08,1.93519795744e-08,1.13001075164e-08,1.39574307667e-08,7.57858042988e-09,8.49271053482e-09,5.90353010921e-09,3.40391204112e-09,2.63690203006e-09,8.64692650815e-10,9.64040736129e-10,5.38473043932e-10,5.21435006284e-10,7.2233996562e-10,9.05390928896e-10,8.12773348624e-10,8.35589097914e-10,9.6225860613e-10,1.05871911238e-09,5.87666970642e-10,4.04914157759e-10,2.71693667564e-10,1.74616598958e-10,8.22235057818e-11,4.00469345185e-11,2.45072313138e-11]},"melbands_crest":{"dmean":3.10585379601,"dmean2":5.06721878052,"dvar":8.75626373291,"dvar2":21.3827400208,"max":32.8752326965,"mean":14.7187299728,"median":14.1872138977,"min":2.0379049778,"var":34.510723114},"melbands_flatness_db":{"dmean":0.0242572706193,"dmean2":0.0375040248036,"dvar":0.000729071733076,"dvar2":0.0015873783268,"max":0.738117218018,"mean":0.12732192874,"median":0.112394601107,"min":0.00713918032125,"var":0.00415519438684},"melbands_kurtosis":{"dmean":5.65827035904,"dmean2":9.08334159851,"dvar":201.250579834,"dvar2":471.545196533,"max":374.090148926,"mean":8.22525501251,"median":2.27169322968,"min":-1.80225527287,"var":453.660919189},"melbands_skewness":{"dmean":0.72837883234,"dmean2":1.12979865074,"dvar":0.845953345299,"dvar2":1.93337905407,"max":14.2084779739,"mean":2.15900039673,"median":1.76962041855,"min":-3.49895358086,"var":2.99748969078},"melbands_spread":{"dmean":14.0788078308,"dmean2":22.0562782288,"dvar":224.674819946,"dvar2":488.66104126,"max":259.41305542,"mean":58.0601539612,"median":57.9067993164,"min":0.263622999191,"var":962.656188965},"mfcc":{"cov":[[5536.23144531,-28.289434433,15.7299842834,24.9507293701,-137.716583252,87.8193740845,-116.331993103,29.6441421509,-22.8085823059,7.98649644852,-70.935256958,-82.0744247437,-32.3410263062],[-28.289434433,848.550109863,-81.0667114258,92.4076385498,118.051277161,34.9663887024,113.082015991,13.5410814285,52.11485672,13.300491333,12.4758253098,40.1378860474,14.0937614441],[15.7299842834,-81.0667114258,401.890167236,-18.6933937073,89.8841552734,31.5935630798,11.9963283539,16.0658416748,-31.7797851562,-15.3264217377,-10.6600294113,17.5946063995,51.0800514221],[24.9507293701,92.4076385498,-18.6933937073,319.671417236,60.8642425537,39.4983940125,16.3766593933,-18.0403671265,38.5661125183,0.958095669746,4.44760227203,-4.86927986145,-13.6297569275],[-137.716583252,118.051277161,89.8841552734,60.8642425537,277.272125244,11.3216362,33.5443267822,2.00786828995,31.7909584045,30.1867027283,4.48337221146,20.3951740265,15.7202272415],[87.8193740845,34.9663887024,31.5935630798,39.4983940125,11.3216362,138.183654785,52.3681678772,13.2406291962,-7.53854513168,8.85150814056,6.34791469574,3.11154603958,5.50981473923],[-116.331993103,113.082015991,11.9963283539,16.3766593933,33.5443267822,52.3681678772,160.425445557,45.7484664917,9.72715854645,-0.857825398445,17.3018016815,21.841211319,5.33902788162],[29.6441421509,13.5410814285,16.0658416748,-18.0403671265,2.00786828995,13.2406291962,45.7484664917,92.7229690552,32.9312973022,20.806180954,7.68780136108,8.86217594147,7.02017211914],[-22.8085823059,52.11485672,-31.7797851562,38.5661125183,31.7909584045,-7.53854513168,9.72715854645,32.9312973022,103.714042664,55.2745895386,15.4292993546,0.160903349519,-10.6749773026],[7.98649644852,13.300491333,-15.3264217377,0.958095669746,30.1867027283,8.85150814056,-0.857825398445,20.806180954,55.2745895386,111.065429688,33.4759521484,1.41722810268,-4.85913133621],[-70.935256958,12.4758253098,-10.6600294113,4.44760227203,4.48337221146,6.34791469574,17.3018016815,7.68780136108,15.4292993546,33.4759521484,68.5072555542,23.7910766602,-4.0140004158],[-82.0744247437,40.1378860474,17.5946063995,-4.86927986145,20.3951740265,3.11154603958,21.841211319,8.86217594147,0.160903349519,1.41722810268,23.7910766602,65.4677124023,28.3828258514],[-32.3410263062,14.0937614441,51.0800514221,-13.6297569275,15.7202272415,5.50981473923,5.33902788162,7.02017211914,-10.6749773026,-4.85913133621,-4.0140004158,28.3828258514,71.4562835693]],"icov":[[0.000196358334506,-3.91246940126e-05,-3.02182143059e-05,-3.20098370139e-05,9.54943025135e-05,-0.000177540292498,0.000226109172218,-0.000190245613339,8.8319851784e-05,-8.01755959401e-05,0.000167686899658,0.000110950379167,7.96531749074e-05],[-3.91246940126e-05,0.00151124049444,0.000475822540466,-0.000175220760866,-0.000547814182937,-6.33350427961e-05,-0.000992826302536,0.000424698577262,-0.000598765676841,0.000167884456459,0.000259726657532,-0.000613329873886,-0.000351307273377],[-3.02182143059e-05,0.000475822540466,0.00330043630674,0.000157489441335,-0.0013526447583,-0.00065790489316,9.98133327812e-05,-0.00081123347627,0.000889562419616,0.000434590940131,3.31498049491e-05,0.000125054823002,-0.00190159585327],[-3.20098370139e-05,-0.000175220760866,0.000157489441335,0.00387308583595,-0.000725480960682,-0.00136739842128,6.26519158686e-06,0.00144687062129,-0.00224567065015,0.00131853704806,-0.000480891263578,0.000414177018683,0.000331331189955],[9.54943025135e-05,-0.000547814182937,-0.0013526447583,-0.000725480960682,0.0048765167594,0.000397682510084,-0.000736645655707,0.0010137205245,-0.000900946499314,-0.0015325252898,0.00107159488834,-0.00104864791501,6.96957940818e-05],[-0.000177540292498,-6.33350427961e-05,-0.00065790489316,-0.00136739842128,0.000397682510084,0.00936673954129,-0.00319229834713,-0.000232580161537,0.00227845693007,-0.00205203075893,-1.80092956725e-05,0.000669078144711,-0.000472681509564],[0.000226109172218,-0.000992826302536,9.98133327812e-05,6.26519158686e-06,-0.000736645655707,-0.00319229834713,0.00995858293027,-0.00480016041547,0.000525619194377,0.00186881062109,-0.0017412181478,-0.00125510746147,0.000970050576143],[-0.000190245613339,0.000424698577262,-0.00081123347627,0.00144687062129,0.0010137205245,-0.000232580161537,-0.00480016041547,0.015930397436,-0.00577608030289,-0.00084535498172,0.000766987970565,-0.00070596038131,-0.00132237153593],[8.8319851784e-05,-0.000598765676841,0.000889562419616,-0.00224567065015,-0.000900946499314,0.00227845693007,0.000525619194377,-0.00577608030289,0.0173163954169,-0.00738767581061,0.000682134996168,-5.57183084311e-05,0.00178954657167],[-8.01755959401e-05,0.000167884456459,0.000434590940131,0.00131853704806,-0.0015325252898,-0.00205203075893,0.00186881062109,-0.00084535498172,-0.00738767581061,0.0155296213925,-0.007124283351,0.00262667681091,-0.00118091783952],[0.000167686899658,0.000259726657532,3.31498049491e-05,-0.000480891263578,0.00107159488834,-1.80092956725e-05,-0.0017412181478,0.000766987970565,0.000682134996168,-0.007124283351,0.021955056116,-0.00957623403519,0.00438411533833],[0.000110950379167,-0.000613329873886,0.000125054823002,0.000414177018683,-0.00104864791501,0.000669078144711,-0.00125510746147,-0.00070596038131,-5.57183084311e-05,0.00262667681091,-0.00957623403519,0.024113189429,-0.00944249611348],[7.96531749074e-05,-0.000351307273377,-0.00190159585327,0.000331331189955,6.96957940818e-05,-0.000472681509564,0.000970050576143,-0.00132237153593,0.00178954657167,-0.00118091783952,0.00438411533833,-0.00944249611348,0.0197849292308]],"mean":[-588.894348145,62.8840484619,-8.29133987427,33.3969039917,8.84559726715,23.8579292297,6.86091279984,9.46276664734,8.65180301666,4.86113977432,-1.02013492584,0.354917705059,-4.09073829651]},"pitch_salience":{"dmean":0.0700449198484,"dmean2":0.11371589452,"dvar":0.00499631697312,"dvar2":0.0119080170989,"max":0.845078349113,"mean":0.575630903244,"median":0.598518013954,"min":0.0436642579734,"var":0.0157526545227},"silence_rate_20dB":{"dmean":0,"dmean2":0,"dvar":0,"dvar2":0,"max":1,"mean":1,"median":1,"min":1,"var":0},"silence_rate_30dB":{"dmean":0.000212652841583,"dmean2":0.000425350910518,"dvar":0.0002125648316,"dvar2":0.00063767429674,"max":1,"mean":0.999893665314,"median":1,"min":0,"var":0.000106293118733},"silence_rate_60dB":{"dmean":0.0012759170495,"dmean2":0.00255210557953,"dvar":0.00127455207985,"dvar2":0.00297020794824,"max":1,"mean":0.0208377633244,"median":0,"min":0,"var":0.0204041432589},"spectral_centroid":{"dmean":266.477874756,"dmean2":415.210998535,"dvar":81620.140625,"dvar2":175086.734375,"max":11157.3964844,"mean":2659.30615234,"median":2739.3828125,"min":81.0567092896,"var":481887.84375},"spectral_complexity":{"dmean":4.79978752136,"dmean2":7.33857917786,"dvar":20.1552371979,"dvar2":38.8801994324,"max":65,"mean":36.5557098389,"median":40,"min":0,"var":164.660842896},"spectral_contrast_coeffs":{"dmean":[0.0529886595905,0.0442488193512,0.0379589349031,0.0317486189306,0.0203747507185,0.0212362296879],"dmean2":[0.0881859064102,0.0732075572014,0.062356993556,0.0522948019207,0.0342506654561,0.0337484963238],"dvar":[0.0020358026959,0.00120339391287,0.000897996069398,0.000637326273136,0.000285534566501,0.000390666740714],"dvar2":[0.00533187342808,0.00323997810483,0.00237620645203,0.0017043997068,0.000748212158214,0.000925229280256],"max":[-0.352317214012,-0.498286366463,-0.535201966763,-0.543422102928,-0.564747214317,-0.569020569324],"mean":[-0.650036692619,-0.78277862072,-0.790401697159,-0.781821906567,-0.795774102211,-0.70602530241],"median":[-0.651383817196,-0.788245797157,-0.798388719559,-0.786656498909,-0.798967480659,-0.697979688644],"min":[-0.948110282421,-0.955314934254,-0.960860550404,-0.958718895912,-0.953993141651,-0.960184454918],"var":[0.00463074399158,0.00325865182094,0.00301803182811,0.00208586710505,0.000898434314877,0.00253422581591]},"spectral_contrast_valleys":{"dmean":[0.399378210306,0.359352767467,0.297310441732,0.250779658556,0.209688603878,0.224546328187],"dmean2":[0.653391718864,0.588477194309,0.476967871189,0.388055086136,0.319216042757,0.32910951972],"dvar":[0.115216746926,0.0990512371063,0.0708584263921,0.060493439436,0.062541462481,0.089901663363],"dvar2":[0.277877956629,0.227067008615,0.146411806345,0.110231682658,0.102203592658,0.153880104423],"max":[-5.63848733902,-5.20847034454,-5.25866889954,-5.4477725029,-5.32025337219,-7.09239673615],"mean":[-7.24324131012,-7.1740322113,-7.16795778275,-7.00103807449,-6.53892230988,-9.16515350342],"median":[-7.0344543457,-7.03981256485,-7.02193260193,-6.83203887939,-6.30566358566,-8.97804546356],"min":[-27.458240509,-27.4145946503,-27.118888855,-27.4067020416,-27.4530639648,-27.2806491852],"var":[1.58917379379,1.11063218117,1.08273947239,0.981434702873,0.988564193249,1.22288358212]},"spectral_decrease":{"dmean":1.87598225843e-09,"dmean2":2.93596835732e-09,"dvar":7.06418695129e-18,"dvar2":1.57501806075e-17,"max":2.83677739722e-16,"mean":-6.31193364242e-09,"median":-5.71473091071e-09,"min":-2.80787215701e-08,"var":1.12875866977e-17},"spectral_energy":{"dmean":0.00765882851556,"dmean2":0.0119719281793,"dvar":0.000109090062324,"dvar2":0.000244013557676,"max":0.109392821789,"mean":0.0280307792127,"median":0.0260635875165,"min":1.09960963924e-20,"var":0.000179417707841},"spectral_energyband_high":{"dmean":0.00158776051831,"dmean2":0.00255243573338,"dvar":7.26064899936e-06,"dvar2":1.75943005161e-05,"max":0.0547775030136,"mean":0.00444584013894,"median":0.00336333643645,"min":8.00493455702e-21,"var":1.81030627573e-05},"spectral_energyband_low":{"dmean":0.00578933535144,"dmean2":0.00925084576011,"dvar":0.00010487344116,"dvar2":0.00024201234919,"max":0.102153070271,"mean":0.0113263372332,"median":0.00794780254364,"min":7.35558520488e-23,"var":0.000147426762851},"spectral_energyband_middle_high":{"dmean":0.00211348757148,"dmean2":0.00333880470134,"dvar":5.56539771424e-06,"dvar2":1.31696333483e-05,"max":0.0364255346358,"mean":0.00826017092913,"median":0.00735092023388,"min":1.68009863887e-21,"var":2.6221436201e-05},"spectral_energyband_middle_low":{"dmean":0.00232157367282,"dmean2":0.00378944003023,"dvar":1.3592218238e-05,"dvar2":3.56115851901e-05,"max":0.0581224635243,"mean":0.00505151227117,"median":0.0039949985221,"min":2.48028546623e-22,"var":1.78110840352e-05},"spectral_entropy":{"dmean":0.0792261436582,"dmean2":0.120843291283,"dvar":0.00916275475174,"dvar2":0.0165372863412,"max":9.78137016296,"mean":8.08669567108,"median":8.11887741089,"min":4.75012540817,"var":0.068364687264},"spectral_flux":{"dmean":0.0212307050824,"dmean2":0.0313468240201,"dvar":0.000641755294055,"dvar2":0.00129925156944,"max":0.300781399012,"mean":0.0953256338835,"median":0.0890694186091,"min":1.04862271644e-10,"var":0.00151352165267},"spectral_kurtosis":{"dmean":0.704304516315,"dmean2":1.17378473282,"dvar":0.704345285892,"dvar2":2.0194773674,"max":23.50806427,"mean":2.4042096138,"median":2.18638205528,"min":-1.18969213963,"var":2.09934949875},"spectral_rms":{"dmean":0.000663313898258,"dmean2":0.00101879402064,"dvar":6.23003700184e-07,"dvar2":1.32841444156e-06,"max":0.0103307655081,"mean":0.00506587838754,"median":0.00504260743037,"min":3.27534722434e-12,"var":1.68409655998e-06},"spectral_rolloff":{"dmean":766.745544434,"dmean2":1234.62976074,"dvar":918290.1875,"dvar2":2037066.125,"max":18841.5527344,"mean":3718.2824707,"median":3832.91015625,"min":64.599609375,"var":4373085.5},"spectral_skewness":{"dmean":0.146357819438,"dmean2":0.236299484968,"dvar":0.0218745414168,"dvar2":0.0551277510822,"max":3.91007041931,"mean":0.97567564249,"median":0.955958485603,"min":-0.036534935236,"var":0.102412514389},"spectral_spread":{"dmean":390438.09375,"dmean2":583191.8125,"dvar":272470867968,"dvar2":444768026624,"max":41048680,"mean":4772471.5,"median":4517097,"min":1711051.75,"var":1759959449600.0},"spectral_strongpeak":{"dmean":0.494154751301,"dmean2":0.86967420578,"dvar":1.19495284557,"dvar2":3.03847241402,"max":15.93887043,"mean":0.696600854397,"median":0.337247371674,"min":4.75743333617e-10,"var":1.40031194687},"zerocrossingrate":{"dmean":0.0135975293815,"dmean2":0.0151572283357,"dvar":0.000204405921977,"dvar2":0.000209312638617,"max":0.7490234375,"mean":0.116557762027,"median":0.111328125,"min":0.0029296875,"var":0.00359046109952}},"metadata":{"audio_properties":{"analysis_sample_rate":44100,"bit_rate":251918,"codec":"mp3","downmix":"mix","equal_loudness":0,"length":218.383666992,"lossless":false,"md5_encoded":"1e57f0268ceaa9683b848cee0ba6eee2","replay_gain":-17.1179351807,"sample_rate":44100},"tags":{"album":["The Arockalypse"],"albumartist":["Lordi"],"albumartistsort":["Lordi"],"artist":["Lordi"],"artistsort":["Lordi"],"date":["2006"],"discnumber":["1/1"],"encodedby":["LAME 3.0.93 MOD"],"file_name":"05.Lordi-Whos_Your_Daddy.mp3","genre":["Heavy Metal"],"isrc":["FIBAR0500289"],"language":["eng"],"musicbrainz album status":["promotion"],"musicbrainz album type":["album"],"musicbrainz_albumartistid":["b5b4ba6e-6e34-4669-a33b-0d813b4c3d83"],"musicbrainz_albumid":["dd1f50dd-37c6-413e-beed-71246f405da4"],"musicbrainz_artistid":["b5b4ba6e-6e34-4669-a33b-0d813b4c3d83"],"musicbrainz_recordingid":["6968b7b5-0005-4b22-95b9-487d3427c43e"],"originaldate":["2006"],"script":["Latn"],"title":["Who's Your Daddy?"],"tracknumber":["5/10"]},"version":{"essentia":"2.1-beta2","essentia_build_sha":"70f2e5ece6736b2c40cc944ad0e695b16b925413","essentia_git_sha":"v2.1_beta2","extractor":"music 1.0"}},"rhythm":{"beats_count":490,"beats_loudness":{"dmean":0.0161797981709,"dmean2":0.0301604084671,"dvar":0.000178214206244,"dvar2":0.000535835162736,"max":0.0876880064607,"mean":0.0400013029575,"median":0.0348512306809,"min":1.0538865336e-09,"var":0.000271645694738},"beats_loudness_band_ratio":{"dmean":[0.30515730381,0.128849625587,0.0395144410431,0.0702890977263,0.0943211838603,0.149372160435],"dmean2":[0.578449726105,0.247233614326,0.0711896643043,0.123738482594,0.170001983643,0.281732290983],"dvar":[0.0451486036181,0.00754122529179,0.00187986693345,0.00558777153492,0.00740283587947,0.0111832683906],"dvar2":[0.157994970679,0.0251228380948,0.00578478910029,0.0155659671873,0.0217514950782,0.0344952754676],"max":[0.994863569736,0.476459026337,0.351049393415,0.609996140003,0.829985558987,0.976216554642],"mean":[0.471146166325,0.100582510233,0.047949001193,0.0960339307785,0.140566602349,0.187741741538],"median":[0.405206263065,0.061100