{"lowlevel":{"average_loudness":0.944197297096,"barkbands":{"dmean":[4.94680862175e-05,0.0041603948921,0.00244916486554,0.000772703438997,0.00177610607352,0.000335613440257,0.000195303728106,0.000216846368858,0.000414225447457,0.000527525087819,0.000443665485363,0.000572312797885,0.000599796418101,0.000637536402792,0.000453769200249,0.000400738092139,0.00033707980765,0.000322475563735,0.000285342597635,0.000414969603298,0.000505227246322,0.000427858816693,0.000254101702012,0.000263830617769,0.0002050652256,0.000110772052722,3.00119017993e-06],"dmean2":[8.59810243128e-05,0.00659805396572,0.00427988730371,0.0013076509349,0.00290434993804,0.00056873948779,0.000321343890391,0.000355675932951,0.000690977496561,0.000881016487256,0.000731396663468,0.000939217628911,0.000984544982202,0.00105935730971,0.000749255646951,0.000666152569465,0.000558199302759,0.00054497848032,0.000474374915939,0.000700429955032,0.00086169410497,0.000733709835913,0.000412412948208,0.000399000797188,0.000293368095299,0.000157033136929,4.98641975355e-06],"dvar":[4.40894254439e-09,5.06137876073e-05,2.49819058808e-05,1.27425039409e-06,1.70094244822e-05,3.65406890523e-07,1.82510206059e-07,2.4134396881e-07,8.07512321899e-07,1.0092174989e-06,6.93957929343e-07,1.06064192096e-06,1.45390356465e-06,1.38419341056e-06,6.63346099827e-07,4.9560833304e-07,2.79510516066e-07,2.01220743179e-07,1.13730912688e-07,2.71969639698e-07,5.28497423602e-07,5.01227987115e-07,1.50700344648e-07,1.98795092388e-07,1.21191106928e-07,6.14829716028e-08,9.03050134671e-11],"dvar2":[1.23692283083e-08,0.00011600171274,7.17240036465e-05,3.49298693436e-06,4.25873331551e-05,9.70932660493e-07,4.56881508626e-07,6.1548183794e-07,2.26785664381e-06,2.73041541732e-06,1.84921839264e-06,2.72281204161e-06,3.85501152778e-06,3.67221332453e-06,1.71730664533e-06,1.30594605707e-06,7.19203228527e-07,5.61123670195e-07,2.99441381912e-07,7.39461768262e-07,1.44783052747e-06,1.35216657782e-06,3.57310824484e-07,3.867531575e-07,2.38723060875e-07,1.20100821732e-07,2.21738627459e-10],"max":[0.000775987340603,0.0992207378149,0.0552891492844,0.0146028287709,0.0460826642811,0.00941326841712,0.0104733388871,0.00968459248543,0.0181157067418,0.014562593773,0.0131909800693,0.0169656760991,0.0328448452055,0.0287326797843,0.0183454360813,0.013426175341,0.0154906827956,0.0121850734577,0.00653051398695,0.00797723326832,0.0072908946313,0.00637580920011,0.0075925225392,0.014216507785,0.0104800751433,0.00518717290834,0.0001974345505],"mean":[6.26916589681e-05,0.00638632802293,0.00318393763155,0.00118871382438,0.00218105129898,0.000489734695293,0.000301331776427,0.000317472440656,0.00064765982097,0.000841282308102,0.000708313775249,0.00096864963416,0.000993984751403,0.00110566767398,0.000784894160461,0.000721427320968,0.000632383336779,0.000656715244986,0.000679548596963,0.000957994023338,0.00108309055213,0.000809461576864,0.000618953024969,0.000725941034034,0.000547585135791,0.000236116684391,3.36998186867e-06],"median":[3.69632944057e-05,0.00322927394882,0.00191085098777,0.000807355972938,0.00101419701241,0.000271111697657,0.000131155422423,9.8879529105e-05,0.000228385761147,0.000289778690785,0.000247508054599,0.000396855117287,0.000412827415857,0.000485554948682,0.000411420245655,0.000455308472738,0.000419008836616,0.000516994914506,0.000583156011999,0.000794788298663,0.000878495397046,0.000562366505619,0.000442578748334,0.000498620793223,0.000356966163963,8.19699489512e-05,9.30226491391e-08],"min":[1.89825082682e-23,3.62817987793e-23,8.89315044538e-25,1.78478801619e-23,4.21654673538e-23,6.32528426883e-23,2.59852075912e-23,3.94272743538e-23,7.74480665116e-23,6.07057749084e-23,5.06718933344e-23,1.14039272315e-22,4.18228713736e-23,8.74674519777e-23,1.32357607033e-22,1.63765920959e-22,2.37986107486e-22,2.01237546019e-22,3.63380155318e-22,3.31969430634e-22,3.60100639654e-22,5.14278795658e-22,6.39394659581e-22,1.199443998e-21,1.05939612048e-21,1.41423802401e-21,2.61108425887e-21],"var":[5.74165781586e-09,8.18527478259e-05,2.1087083951e-05,1.85816986686e-06,1.62221731443e-05,4.97118548992e-07,4.13072172023e-07,4.78623974232e-07,1.56865814915e-06,2.01295051738e-06,1.2826509419e-06,2.31980425269e-06,2.67361951956e-06,3.73117654817e-06,1.31829767724e-06,9.08361926122e-07,5.68928726352e-07,4.23679153982e-07,3.30673884719e-07,6.74627244734e-07,9.15373846055e-07,6.95592859756e-07,4.19248976868e-07,7.32994237751e-07,4.30755079606e-07,1.97851989014e-07,1.17507573116e-10]},"barkbands_crest":{"dmean":2.71133065224,"dmean2":4.39300727844,"dvar":6.89621496201,"dvar2":17.1519241333,"max":25.7996025085,"mean":8.36877346039,"median":7.000852108,"min":1.97061181068,"var":20.8932781219},"barkbands_flatness_db":{"dmean":0.0181820672005,"dmean2":0.0287112928927,"dvar":0.000327367917635,"dvar2":0.000788585806731,"max":0.350444793701,"mean":0.0932120606303,"median":0.0823888108134,"min":0.0233561266214,"var":0.00159814709332},"barkbands_kurtosis":{"dmean":1.67184889317,"dmean2":2.68578743935,"dvar":33.116443634,"dvar2":74.9981536865,"max":231.183578491,"mean":1.00628805161,"median":-0.829379081726,"min":-1.88912498951,"var":55.580619812},"barkbands_skewness":{"dmean":0.481414616108,"dmean2":0.749988675117,"dvar":0.325428247452,"dvar2":0.733323812485,"max":13.8631124496,"mean":0.651595532894,"median":0.450866520405,"min":-5.0562415123,"var":1.61295175552},"barkbands_spread":{"dmean":8.4319486618,"dmean2":13.350522995,"dvar":70.3590316772,"dvar2":164.744171143,"max":108.127418518,"mean":46.9146003723,"median":46.7176132202,"min":1.10041177273,"var":347.584320068},"dissonance":{"dmean":0.00757788913324,"dmean2":0.0130555750802,"dvar":7.08941515768e-05,"dvar2":0.000198936089873,"max":0.500000059605,"mean":0.488108932972,"median":0.49121004343,"min":0.386000216007,"var":0.000115406277473},"dynamic_complexity":2.68681144714,"erbbands":{"dmean":[0.0778255239129,1.08814549446,2.75158834457,2.55980539322,4.90305137634,6.32026672363,3.60526657104,2.51134991646,2.40315389633,3.73738574982,4.72517728806,8.689661026,16.0207843781,16.2148189545,15.7443294525,24.0920467377,25.4763622284,31.7782382965,25.1400642395,19.0913219452,20.9910926819,17.7415981293,17.4707126617,13.7181501389,16.7663764954,18.3161029816,23.8052425385,17.4855270386,16.6344032288,10.3124046326,6.92401027679,6.0457406044,4.30811500549,2.50571227074,1.46054553986,0.666493356228,0.1787263304,0.0205185599625,0.000417177885538,2.41384987021e-05],"dmean2":[0.123984336853,1.72515428066,4.72101020813,4.35810136795,8.03716468811,10.6207208633,6.12937641144,4.2581152916,3.9166264534,6.19860172272,7.6279335022,14.5077018738,26.7673606873,26.7942447662,25.9151363373,39.5582962036,41.2192649841,52.7930374146,41.4184112549,31.0459461212,34.8518676758,29.3047904968,29.4073295593,22.8145465851,28.03399086,30.7697582245,41.3548927307,29.504404068,28.6315078735,17.0195579529,11.1152706146,9.39630699158,6.52140569687,3.68155217171,2.10728096962,0.959930181503,0.25602671504,0.0301485341042,0.000605330336839,3.42782077496e-05],"dvar":[0.0161284431815,3.53991603851,28.8983039856,19.7936153412,111.064857483,240.769393921,48.6797180176,21.282623291,34.912311554,78.3700408936,119.957504272,318.137176514,1142.22265625,845.132019043,1008.98919678,1868.42822266,2386.52490234,3351.2109375,2341.45458984,1161.72912598,1376.7019043,742.716552734,619.144287109,315.384185791,385.074707031,530.777282715,1495.58239746,529.739746094,815.564025879,234.138168335,116.878593445,111.328430176,50.863155365,17.0410823822,6.66840076447,1.78858995438,0.204581916332,0.00343724270351,1.29358602408e-06,1.89850446475e-09],"dvar2":[0.0392230413854,8.14095211029,81.3505325317,55.2577667236,276.581848145,641.8203125,130.846069336,57.2894515991,84.862197876,206.920974731,299.430419922,869.687744141,3038.3737793,2291.27001953,2596.93774414,4909.91503906,6330.79003906,9090.46582031,6298.90283203,2856.45092773,3573.77709961,1885.54089355,1715.49401855,830.692565918,1040.13769531,1420.84729004,4149.58203125,1417.68200684,2233.52612305,594.169555664,270.930053711,220.828903198,105.48790741,35.081199646,13.5702419281,3.61177444458,0.420735746622,0.00726078636944,2.69913152806e-06,3.73131792131e-09],"max":[1.81760466099,26.6280574799,66.09349823,60.561870575,127.987602234,203.599609375,88.139755249,102.034835815,182.394515991,272.447570801,256.747131348,291.421173096,567.938903809,506.000946045,807.330444336,732.437438965,1382.33911133,1298.88146973,1135.73742676,973.234924316,766.612365723,707.373596191,693.004821777,407.328887939,265.747161865,375.157745361,356.856323242,313.8934021,270.881561279,233.024154663,206.755889893,302.732757568,214.814712524,110.827941895,92.0233001709,28.4675750732,11.235408783,1.56026983261,0.0299247950315,0.000936211727094],"mean":[0.119361892343,1.65295660496,3.92132878304,4.09646320343,6.17815351486,7.0704665184,4.92631816864,3.64787507057,3.93509554863,5.69502973557,7.64098072052,14.3238744736,25.9365177155,27.6047439575,27.3228931427,42.3947486877,46.7837944031,57.7660942078,48.0323028564,36.7938690186,40.8426818848,35.9525566101,36.5088996887,31.7548694611,41.2926330566,43.9104690552,45.0624313354,39.5487327576,29.930803299,23.3499412537,16.7341556549,15.3021144867,11.5311155319,6.7435297966,3.56448316574,1.44414365292,0.364091068506,0.0365885533392,0.000802812690381,7.9093806562e-05],"median":[0.0585199519992,0.837676107883,2.39816761017,2.91338515282,3.07636809349,3.00562143326,2.35721087456,2.07192516327,1.86385989189,2.36811423302,2.65389299393,5.46838378906,8.36650276184,10.6120605469,10.9778003693,19.3214893341,21.5105552673,25.8137302399,25.3029193878,22.974943161,26.6933460236,24.8867969513,28.8655033112,26.3182868958,36.2757911682,37.3215065002,33.9215126038,32.81407547,21.0112495422,16.7038383484,11.9228410721,10.3185901642,7.88910770416,4.58901643753,2.18632793427,0.648762047291,0.0966500267386,0.00617107190192,0.000207948265597,6.06615831202e-05],"min":[1.65336248933e-21,6.00611036403e-21,2.61621253633e-21,3.01601909746e-20,1.40308146185e-19,1.1937098996e-19,1.9152735066e-19,7.01294735164e-19,3.91125657653e-19,8.91023963194e-19,6.71313728959e-19,1.84642511872e-18,1.53810378175e-18,2.43426267539e-18,3.04167876998e-18,3.80042548968e-18,2.0524714666e-18,3.67779679105e-18,5.39485127556e-18,7.54670373647e-18,1.04591950927e-17,1.41485620726e-17,1.26954704342e-17,1.53814648495e-17,1.68437266122e-17,1.75478574912e-17,1.4382278646e-17,1.34744040831e-17,1.90839153451e-17,1.95153727526e-17,1.82032293818e-17,2.11217905894e-17,2.22913032072e-17,1.04577028589e-17,8.13827766797e-18,4.81345414713e-18,2.78071569443e-18,1.29543680397e-18,3.84360767808e-19,3.52256156325e-20],"var":[0.0279909502715,5.58948373795,27.9623756409,21.9377822876,113.378982544,201.50793457,64.5881500244,26.2544498444,85.7725067139,125.142364502,297.432006836,673.837158203,2318.3137207,1715.75,1889.81872559,4049.45385742,4917.10302734,8051.94677734,5511.0703125,2322.46655273,2697.45263672,1650.09838867,1280.89147949,808.885620117,1108.46398926,1380.8104248,1935.09899902,1168.9473877,999.814880371,550.650268555,324.924438477,374.936798096,174.991119385,59.7092590332,21.433631897,5.56529521942,0.600085556507,0.00833841506392,3.25076257468e-06,6.01052851934e-09]},"erbbands_crest":{"dmean":1.95951211452,"dmean2":3.26507925987,"dvar":3.87027239799,"dvar2":10.179312706,"max":28.6172218323,"mean":6.58233070374,"median":5.74649047852,"min":2.26674389839,"var":8.61088562012},"erbbands_flatness_db":{"dmean":0.0121567388996,"dmean2":0.0183066949248,"dvar":0.000132386499899,"dvar2":0.000277127372101,"max":0.30170956254,"mean":0.124997958541,"median":0.122664004564,"min":0.058175496757,"var":0.000823516049422},"erbbands_kurtosis":{"dmean":0.708495020866,"dmean2":1.13625097275,"dvar":0.875214457512,"dvar2":2.14261507988,"max":20.6244297028,"mean":0.526494264603,"median":0.197562456131,"min":-1.65393686295,"var":2.28305459023},"erbbands_skewness":{"dmean":0.297873884439,"dmean2":0.470294326544,"dvar":0.074840798974,"dvar2":0.177066355944,"max":2.99454879761,"mean":-0.382207989693,"median":-0.393052011728,"min":-3.14603185654,"var":0.445116072893},"erbbands_spread":{"dmean":7.93438100815,"dmean2":12.4561319351,"dvar":65.0913619995,"dvar2":152.300140381,"max":146.520935059,"mean":42.3817062378,"median":39.8944244385,"min":5.26557350159,"var":243.70262146},"gfcc":{"cov":[[13785.7314453,208.995651245,-635.866638184,365.319671631,-440.44921875,282.783660889,-188.989761353,-99.5653381348,-440.712982178,77.7173538208,-323.925201416,-106.555412292,-139.843383789],[208.995651245,1137.30297852,-219.819473267,220.245010376,43.6366233826,111.419441223,177.284225464,25.7151527405,98.7333297729,-86.4778671265,140.689758301,-88.7462997437,71.2344055176],[-635.866638184,-219.819473267,621.843444824,115.295005798,196.855606079,-5.51510953903,24.8559093475,-7.75352525711,-26.5256919861,58.8570976257,-54.4225730896,50.1785888672,-54.0670967102],[365.319671631,220.245010376,115.295005798,392.176422119,120.621231079,43.8193283081,28.4436588287,-28.8914680481,12.4520311356,1.76338303089,25.393787384,-36.4941673279,31.6131801605],[-440.44921875,43.6366233826,196.855606079,120.621231079,266.681945801,55.0386657715,60.524356842,13.1181459427,16.1235027313,39.3762779236,-10.3335170746,-2.46798849106,-19.3528289795],[282.783660889,111.419441223,-5.51510953903,43.8193283081,55.0386657715,198.191390991,128.358078003,53.2873077393,-5.35590934753,-19.2441368103,22.7061595917,-26.9853382111,-6.6381316185],[-188.989761353,177.284225464,24.8559093475,28.4436588287,60.524356842,128.358078003,240.19859314,103.826904297,9.18606472015,-17.1818885803,21.8275146484,-13.9290533066,-10.1134662628],[-99.5653381348,25.7151527405,-7.75352525711,-28.8914680481,13.1181459427,53.2873077393,103.826904297,135.221252441,40.3322143555,-9.55428791046,9.94608783722,4.15288352966,-1.40046525002],[-440.712982178,98.7333297729,-26.5256919861,12.4520311356,16.1235027313,-5.35590934753,9.18606472015,40.3322143555,120.397117615,23.2589130402,32.8134231567,-9.82848930359,15.8817310333],[77.7173538208,-86.4778671265,58.8570976257,1.76338303089,39.3762779236,-19.2441368103,-17.1818885803,-9.55428791046,23.2589130402,95.2320175171,2.20826792717,2.48035430908,-20.1066017151],[-323.925201416,140.689758301,-54.4225730896,25.393787384,-10.3335170746,22.7061595917,21.8275146484,9.94608783722,32.8134231567,2.20826792717,97.7592010498,8.80933570862,23.3324756622],[-106.555412292,-88.7462997437,50.1785888672,-36.4941673279,-2.46798849106,-26.9853382111,-13.9290533066,4.15288352966,-9.82848930359,2.48035430908,8.80933570862,70.6015014648,13.6482315063],[-139.843383789,71.2344055176,-54.0670967102,31.6131801605,-19.3528289795,-6.6381316185,-10.1134662628,-1.40046525002,15.8817310333,-20.1066017151,23.3324756622,13.6482315063,73.9467468262]],"icov":[[0.000227807599003,-0.00037908757804,0.000363320257748,-0.000585205678362,0.000686159939505,-0.000848820141982,0.0007640690892,-0.000635748379864,0.000991310691461,-0.00123269821052,0.00143569963984,-0.000934837793466,0.000679114367813],[-0.00037908757804,0.00255044433288,-0.000166477024322,0.000423362216679,-0.00160767300986,0.00191328907385,-0.00292454683222,0.00229798420332,-0.00288161099888,0.00384643883444,-0.00434433668852,0.00325820152648,-0.00164779683109],[0.000363320257748,-0.000166477024322,0.00355075695552,-0.00200810260139,-0.000416404567659,-0.000982007710263,0.000517219887115,-0.000566815666389,0.00142519955989,-0.00228455220349,0.00331057328731,-0.0041847480461,0.00296550639905],[-0.000585205678362,0.000423362216679,-0.00200810260139,0.00564609328285,-0.00301839760505,0.00191416160669,-0.0016985242255,0.0023807536345,-0.00204418157227,0.00309817213565,-0.00455017201602,0.00517836632207,-0.00444049481302],[0.000686159939505,-0.00160767300986,-0.000416404567659,-0.00301839760505,0.00847144890577,-0.00407986808568,0.00179063121323,-0.00175637414213,0.00203610863537,-0.00584954349324,0.00590854650363,-0.00382822542451,0.00270916055888],[-0.000848820141982,0.00191328907385,-0.000982007710263,0.00191416160669,-0.00407986808568,0.0121408430859,-0.006855674088,0.00166148983408,-0.00216360157356,0.00607651378959,-0.00792599096894,0.00681825494394,-0.00250933994539],[0.0007640690892,-0.00292454683222,0.000517219887115,-0.0016985242255,0.00179063121323,-0.006855674088,0.0131252687424,-0.00909774936736,0.00589890917763,-0.00500424858183,0.00490172579885,-0.00345543213189,0.00330605893396],[-0.000635748379864,0.00229798420332,-0.000566815666389,0.0023807536345,-0.00175637414213,0.00166148983408,-0.00909774936736,0.0168605558574,-0.00923885870725,0.00602298416197,-0.00332706188783,0.000559846230317,-0.0015152838314],[0.000991310691461,-0.00288161099888,0.00142519955989,-0.00204418157227,0.00203610863537,-0.00216360157356,0.00589890917763,-0.00923885870725,0.0180157087743,-0.00984633248299,0.00332397781312,-0.000823126989417,9.35830175877e-05],[-0.00123269821052,0.00384643883444,-0.00228455220349,0.00309817213565,-0.00584954349324,0.00607651378959,-0.00500424858183,0.00602298416197,-0.00984633248299,0.0221693534404,-0.0109449289739,0.0062191458419,-0.000138888965012],[0.00143569963984,-0.00434433668852,0.00331057328731,-0.00455017201602,0.00590854650363,-0.00792599096894,0.00490172579885,-0.00332706188783,0.00332397781312,-0.0109449289739,0.0254504904151,-0.0126290051267,0.00331873889081],[-0.000934837793466,0.00325820152648,-0.0041847480461,0.00517836632207,-0.00382822542451,0.00681825494394,-0.00345543213189,0.000559846230317,-0.000823126989417,0.0062191458419,-0.0126290051267,0.0274816863239,-0.0102515593171],[0.000679114367813,-0.00164779683109,0.00296550639905,-0.00444049481302,0.00270916055888,-0.00250933994539,0.00330605893396,-0.0015152838314,9.35830175877e-05,-0.000138888965012,0.00331873889081,-0.0102515593171,0.0221558436751]],"mean":[38.8428039551,36.6509170532,-117.687797546,56.005695343,-53.8629989624,38.1381950378,-37.4927444458,13.9349002838,-33.1343650818,6.13358640671,-20.636051178,-0.176481604576,-10.3550157547]},"hfc":{"dmean":12.0690040588,"dmean2":18.4735889435,"dvar":288.424804688,"dvar2":666.078186035,"max":244.418655396,"mean":50.1473731995,"median":47.4659614563,"min":1.18734881554e-16,"var":1127.84973145},"melbands":{"dmean":[0.000953310111072,0.00137327576522,0.000459292932646,0.000441680866061,0.000145844533108,5.67378629057e-05,3.74041919713e-05,4.22120901931e-05,4.00777571485e-05,6.06277171755e-05,8.17016116343e-05,6.67242202326e-05,5.30622965016e-05,5.61331289646e-05,7.0137612056e-05,6.22294901405e-05,6.59531870042e-05,4.47483616881e-05,3.38383651979e-05,2.70950076811e-05,2.63455058302e-05,2.09249210457e-05,1.70926814462e-05,1.62744854606e-05,1.19896094475e-05,1.25151318571e-05,1.44287359944e-05,1.33956846184e-05,1.71260471689e-05,1.35600384965e-05,1.02396206785e-05,1.08061840365e-05,7.55358587412e-06,5.86376609135e-06,4.49114213552e-06,3.72664749193e-06,4.16200873588e-06,3.42113412444e-06,2.64974778474e-06,2.19152730097e-06],"dmean2":[0.00150089082308,0.00226554600522,0.000776135420892,0.00072923040716,0.000249708915362,9.59889730439e-05,6.09463022556e-05,6.96957431501e-05,6.47288470645e-05,0.000101677476778,0.000136637914693,0.000110669432615,8.75537807588e-05,9.26793654799e-05,0.000113200883789,0.000102476828033,0.000109683802293,7.44248100091e-05,5.55583246751e-05,4.53920620203e-05,4.38643619418e-05,3.45743064827e-05,2.86032973236e-05,2.76425707852e-05,2.00001813937e-05,2.10133857763e-05,2.43478298216e-05,2.26154788834e-05,2.99198709399e-05,2.3028729629e-05,1.73758380697e-05,1.87609002751e-05,1.27730445456e-05,9.73007354332e-06,7.33926162866e-06,5.86731948715e-06,6.57993905406e-06,5.32832473255e-06,4.0524250835e-06,3.28533451466e-06],"dvar":[2.58516161011e-06,6.05417289989e-06,5.22602078945e-07,1.14389990813e-06,8.8816079824e-08,1.04156505643e-08,7.31288629652e-09,9.44097422462e-09,8.63376303784e-09,1.68034084425e-08,2.93165491883e-08,1.43512171036e-08,1.0572517084e-08,1.16988116972e-08,1.63273110587e-08,1.9997623113e-08,1.57611488305e-08,8.41049985212e-09,3.90706444975e-09,2.27279306486e-09,2.20500151471e-09,1.14460108058e-09,5.90681503709e-10,6.51808107488e-10,2.61962701531e-10,2.31379471138e-10,3.1215327545e-10,3.14050174754e-10,8.15028322609e-10,3.28052529586e-10,1.91365034929e-10,3.38388428389e-10,1.46098619314e-10,7.30281599082e-11,4.68742822335e-11,4.45844229591e-11,5.2114878385e-11,3.27516139209e-11,1.75625416987e-11,1.32272847189e-11],"dvar2":[5.87422846365e-06,1.58548900799e-05,1.43008048781e-06,2.9066022762e-06,2.4338086746e-07,2.78280456456e-08,1.78527450601e-08,2.48684557391e-08,2.13934860938e-08,4.68130423315e-08,7.81663089811e-08,3.91479240136e-08,2.80604375291e-08,3.12401127189e-08,3.96482064957e-08,5.33501385291e-08,4.27832773653e-08,2.28529728474e-08,9.89325776857e-09,5.9045635048e-09,5.67820324093e-09,2.92412027925e-09,1.54074875081e-09,1.87558901743e-09,6.87572609959e-10,6.29917007444e-10,8.53540849111e-10,8.54694370833e-10,2.27770091676e-09,9.00255203717e-10,5.14820019948e-10,9.35937993773e-10,3.86670917507e-10,1.86921839118e-10,1.15408529955e-10,9.36620711545e-11,1.08697204015e-10,7.19574469454e-11,3.76638789601e-11,2.89342213383e-11],"max":[0.0223504118621,0.0292691644281,0.00903412420303,0.0123016051948,0.00361765292473,0.0021655978635,0.00249332119711,0.00257485592738,0.00226239115,0.00245996331796,0.00279870629311,0.00208481168374,0.00204216549173,0.00230823201127,0.00245569390245,0.00439678691328,0.00294282403775,0.00233576213941,0.00180543237366,0.000945832172874,0.00114061741624,0.000952674774453,0.00041163188871,0.000838951265905,0.000392455782276,0.000246085226536,0.000324811757309,0.000315435667289,0.000292404263746,0.00025746456231,0.000168154816492,0.000185526849236,0.000167973470525,0.000127343519125,0.000146406979184,0.000174981993041,0.000213618739508,0.000165280507645,0.000111285880848,9.16211720323e-05],"mean":[0.0014791713329,0.00219832151197,0.000759613118134,0.000520097382832,0.000192476887605,8.32904988783e-05,6.09825619904e-05,6.36465338175e-05,6.39727077214e-05,9.66850639088e-05,0.000129472842673,0.000109146290924,8.77440106706e-05,9.4269264082e-05,0.000118830226711,0.000100167446362,0.000110533852421,7.85906522651e-05,5.73148172407e-05,4.70383602078e-05,4.74696025776e-05,3.82030812034e-05,3.20992294292e-05,3.18984893966e-05,2.42521618929e-05,2.70457639999e-05,3.22624437104e-05,2.83028621197e-05,2.81458997051e-05,2.75005368167e-05,2.09102363442e-05,1.74026008608e-05,1.41639693538e-05,1.26331433421e-05,9.79931246547e-06,8.41740256874e-06,9.87526345853e-06,8.32688238006e-06,6.79856339048e-06,5.34792479812e-06],"median":[0.00071808451321,0.0013409856474,0.000562216388062,0.000233212209423,9.3002912763e-05,4.79293121316e-05,2.86512549792e-05,2.50451757893e-05,2.08047695196e-05,3.50286609319e-05,3.98966221837e-05,4.0131071728e-05,3.35123113473e-05,4.14700807596e-05,4.78256151837e-05,3.84207341995e-05,4.52167441836e-05,3.91113608202e-05,3.07117152261e-05,2.90715852316e-05,2.98823961202e-05,2.44696238951e-05,2.3887714633e-05,2.42936621362e-05,1.89890815818e-05,2.28026638069e-05,2.71044682449e-05,2.22533562919e-05,1.95776501641e-05,2.18503846554e-05,1.65862966242e-05,1.17143608804e-05,9.53063226916e-06,8.86737871042e-06,6.88489535605e-06,5.49091419089e-06,6.59383977109e-06,5.65768596061e-06,4.55483905171e-06,3.58720762961e-06],"min":[1.35685211658e-23,3.27897154725e-24,8.28870668156e-24,1.08930686401e-23,6.27771919058e-24,1.38647857673e-23,5.76293814611e-24,1.01632768506e-23,6.57882818696e-24,1.143003127e-23,7.39534300565e-24,9.64805207192e-24,8.1510788526e-24,1.41854340595e-23,6.46448595419e-24,3.43014628733e-24,7.59233892862e-24,8.03086907241e-24,1.18972199416e-23,7.16389673808e-24,1.47630806128e-23,1.54355561355e-23,9.55419024597e-24,1.22731326733e-23,1.23927855177e-23,1.37911187806e-23,9.07774981365e-24,1.28030886406e-23,8.16270192917e-24,8.42224347788e-24,7.53189325062e-24,1.2109821111e-23,7.94177512178e-24,1.1807711839e-23,9.71777554303e-24,1.02505193447e-23,1.4570058971e-23,1.55192369226e-23,1.33121855478e-23,7.15555768945e-24],"var":[4.44137594968e-06,7.68816789787e-06,6.25990537628e-07,1.04462651507e-06,9.54562295874e-08,1.34072601909e-08,1.86764470556e-08,1.56585180378e-08,2.36382522445e-08,3.28660156867e-08,5.93557452078e-08,2.8217160164e-08,1.96971416955e-08,2.13062101295e-08,3.8115995693e-08,3.4138306404e-08,3.52906539547e-08,1.89226589953e-08,7.10700742701e-09,4.03039468466e-09,4.18195478247e-09,2.35870811771e-09,1.04187847239e-09,1.2602153765e-09,5.7913407403e-10,5.50939294186e-10,7.75244091145e-10,6.77553624318e-10,9.31814403415e-10,6.40317521228e-10,3.62303215207e-10,3.77409437036e-10,2.34338853877e-10,1.72040243163e-10,1.11462596097e-10,1.2972847796e-10,1.59805890743e-10,9.63846988333e-11,6.08892936071e-11,4.01415914397e-11]},"melbands_crest":{"dmean":3.39626741409,"dmean2":5.6333861351,"dvar":9.83822917938,"dvar2":25.8706111908,"max":29.1420936584,"mean":13.7140426636,"median":13.2075138092,"min":1.54937529564,"var":29.1350364685},"melbands_flatness_db":{"dmean":0.025262337178,"dmean2":0.0399386510253,"dvar":0.000640910700895,"dvar2":0.00150774756912,"max":0.449708968401,"mean":0.124246038496,"median":0.110334195197,"min":0.00432230532169,"var":0.00374917243607},"melbands_kurtosis":{"dmean":6.44119310379,"dmean2":10.4004716873,"dvar":271.29473877,"dvar2":639.457580566,"max":597.803222656,"mean":10.1011896133,"median":3.38011169434,"min":-1.84730398655,"var":551.19720459},"melbands_skewness":{"dmean":0.765793859959,"dmean2":1.20652151108,"dvar":0.767615139484,"dvar2":1.82476496696,"max":16.1292896271,"mean":2.3895483017,"median":1.9464892149,"min":-2.18803882599,"var":3.43392682076},"melbands_spread":{"dmean":13.9203605652,"dmean2":21.9253101349,"dvar":205.961669922,"dvar2":452.815429688,"max":238.036087036,"mean":54.5149383545,"median":51.8399772644,"min":0.572363853455,"var":1013.5602417},"mfcc":{"cov":[[7877.21386719,-441.270507812,-163.354476929,-35.5800971985,-149.959121704,218.256866455,187.938812256,-108.799552917,21.7274131775,-1.47598350048,-19.9646949768,-135.300476074,-91.8930053711],[-441.270507812,697.845458984,-30.4196567535,49.2667732239,10.0822515488,48.5001068115,98.8105392456,110.032875061,39.8700065613,45.0481529236,44.8348121643,58.8589477539,29.4049682617],[-163.354476929,-30.4196567535,318.845275879,127.863632202,74.2829437256,58.4915390015,33.8727836609,12.2230024338,6.99753665924,-10.202255249,-2.01373791695,9.35192680359,11.0503835678],[-35.5800971985,49.2667732239,127.863632202,339.097747803,141.836700439,90.283454895,29.9583244324,-24.7755374908,25.9639911652,7.18119668961,6.8632235527,6.85402154922,2.92002081871],[-149.959121704,10.0822515488,74.2829437256,141.836700439,213.436828613,81.212928772,-4.41410827637,-26.5665874481,8.57162857056,15.1797847748,3.12263154984,9.41313171387,-3.26322555542],[218.256866455,48.5001068115,58.4915390015,90.283454895,81.212928772,169.574691772,92.9893188477,11.7599334717,15.3594827652,32.8795967102,18.1452789307,0.626343727112,-6.48309898376],[187.938812256,98.8105392456,33.8727836609,29.9583244324,-4.41410827637,92.9893188477,219.625137329,111.881561279,44.7550506592,29.0814037323,33.2764282227,16.2993659973,2.91143965721],[-108.799552917,110.032875061,12.2230024338,-24.7755374908,-26.5665874481,11.7599334717,111.881561279,172.746246338,57.1488380432,23.1744842529,20.1138019562,19.9926795959,12.7534980774],[21.7274131775,39.8700065613,6.99753665924,25.9639911652,8.57162857056,15.3594827652,44.7550506592,57.1488380432,97.7486877441,40.5927085876,20.5108127594,7.55196857452,2.30806040764],[-1.47598350048,45.0481529236,-10.202255249,7.18119668961,15.1797847748,32.8795967102,29.0814037323,23.1744842529,40.5927085876,96.4007797241,39.2617988586,11.991271019,2.59996652603],[-19.9646949768,44.8348121643,-2.01373791695,6.8632235527,3.12263154984,18.1452789307,33.2764282227,20.1138019562,20.5108127594,39.2617988586,82.7335357666,29.6439037323,1.04020798206],[-135.300476074,58.8589477539,9.35192680359,6.85402154922,9.41313171387,0.626343727112,16.2993659973,19.9926795959,7.55196857452,11.991271019,29.6439037323,68.5331497192,31.4415607452],[-91.8930053711,29.4049682617,11.0503835678,2.92002081871,-3.26322555542,-6.48309898376,2.91143965721,12.7534980774,2.30806040764,2.59996652603,1.04020798206,31.4415607452,65.3255310059]],"icov":[[0.00015649262059,0.000102938916825,0.00011067896412,-1.41764548971e-05,0.000197517903871,-0.000279190659057,-0.000166750440258,0.000195081360289,-0.000134477668325,6.92216417519e-05,6.44587498755e-06,0.000147450788063,3.8142385165e-05],[0.000102938916825,0.00186008715536,0.000526932009961,-0.000463175441837,0.000244379421929,-0.000525227456819,-0.00014625894255,-0.00094856240321,0.000204482756089,-0.000286449008854,-8.36282633827e-05,-0.00102215562947,-0.000111642759293],[0.00011067896412,0.000526932009961,0.00410255650058,-0.00128800736275,-0.000314767239615,-0.000942717248108,-0.000152955573867,-0.000719589821529,0.000149048384628,0.00083049479872,8.78622668097e-05,-0.000303536449792,-0.000573510711547],[-1.41764548971e-05,-0.000463175441837,-0.00128800736275,0.00498066889122,-0.0024077729322,-0.000706081162207,-0.00058669783175,0.0016195588978,-0.00174235552549,0.000914086122066,-0.000249568925938,0.000403487327276,-0.000461644056486],[0.000197517903871,0.000244379421929,-0.000314767239615,-0.0024077729322,0.00818526279181,-0.00384379574098,0.0019778071437,0.00012787853484,-0.000410549051594,-0.000533167389221,0.000833994301502,-0.00189556833357,0.00117780850269],[-0.000279190659057,-0.000525227456819,-0.000942717248108,-0.000706081162207,-0.00384379574098,0.0123767340556,-0.00568081997335,0.00211206940003,0.00141667784192,-0.00300066848285,-1.55497145897e-05,0.00150708074216,0.000256107625319],[-0.000166750440258,-0.00014625894255,-0.000152955573867,-0.00058669783175,0.0019778071437,-0.00568081997335,0.0106423338875,-0.00605849828571,-0.000309024995659,0.000830154283904,-0.00160770874936,-0.00074828643119,0.000490507925861],[0.000195081360289,-0.00094856240321,-0.000719589821529,0.0016195588978,0.00012787853484,0.00211206940003,-0.00605849828571,0.0122354803607,-0.00496547343209,0.000290679134196,0.000674726208672,-0.000470486062113,-0.000772419210989],[-0.000134477668325,0.000204482756089,0.000149048384628,-0.00174235552549,-0.000410549051594,0.00141667784192,-0.000309024995659,-0.00496547343209,0.015882153064,-0.00568382628262,-0.000408712920034,0.000576006481424,0.000269072625088],[6.92216417519e-05,-0.000286449008854,0.00083049479872,0.000914086122066,-0.000533167389221,-0.00300066848285,0.000830154283904,0.000290679134196,-0.00568382628262,0.0161456745118,-0.00622384855524,0.00105007796083,-0.00122129300144],[6.44587498755e-06,-8.36282633827e-05,8.78622668097e-05,-0.000249568925938,0.000833994301502,-1.55497145897e-05,-0.00160770874936,0.000674726208672,-0.000408712920034,-0.00622384855524,0.018739009276,-0.00872294791043,0.00418521417305],[0.000147450788063,-0.00102215562947,-0.000303536449792,0.000403487327276,-0.00189556833357,0.00150708074216,-0.00074828643119,-0.000470486062113,0.000576006481424,0.00105007796083,-0.00872294791043,0.024910390377,-0.0110318511724],[3.8142385165e-05,-0.000111642759293,-0.000573510711547,-0.000461644056486,0.00117780850269,0.000256107625319,0.000490507925861,-0.000772419210989,0.000269072625088,-0.00122129300144,0.00418521417305,-0.0110318511724,0.0210248511285]],"mean":[-594.599914551,60.141544342,2.41758775711,23.0286769867,12.496304512,19.695350647,13.1147794724,6.42167377472,4.39341068268,2.11425852776,-1.93087053299,-0.112740747631,-4.17218589783]},"pitch_salience":{"dmean":0.0750649571419,"dmean2":0.123593658209,"dvar":0.00531261553988,"dvar2":0.0132530508563,"max":0.96435123682,"mean":0.579373836517,"median":0.609877407551,"min":0.095484405756,"var":0.0169718973339},"silence_rate_20dB":{"dmean":0,"dmean2":0,"dvar":0,"dvar2":0,"max":1,"mean":1,"median":1,"min":1,"var":0},"silence_rate_30dB":{"dmean":0,"dmean2":0,"dvar":0,"dvar2":0,"max":1,"mean":1,"median":1,"min":1,"var":0},"silence_rate_60dB":{"dmean":0.00597572373226,"dmean2":0.011952563189,"dvar":0.00593893276528,"dvar2":0.0142360031605,"max":1,"mean":0.0771169811487,"median":0,"min":0,"var":0.0711449161172},"spectral_centroid":{"dmean":298.790100098,"dmean2":478.725891113,"dvar":98351.2734375,"dvar2":226555.09375,"max":11673.3457031,"mean":2538.11401367,"median":2578.11572266,"min":188.274658203,"var":451416.5625},"spectral_complexity":{"dmean":4.7493929863,"dmean2":7.42665052414,"dvar":22.3049259186,"dvar2":45.938419342,"max":61,"mean":33.4513130188,"median":38,"min":0,"var":225.311798096},"spectral_contrast_coeffs":{"dmean":[0.0540615692735,0.0454274043441,0.036419596523,0.0300396326929,0.0219870898873,0.0210026651621],"dmean2":[0.0898265689611,0.0766466483474,0.0610258616507,0.0499823726714,0.0369636341929,0.0340731069446],"dvar":[0.00206439010799,0.00133650784846,0.000831470882986,0.000560777611099,0.00032591674244,0.000329148810124],"dvar2":[0.00541020696983,0.00371366390027,0.00232706591487,0.00150384986773,0.000875394325703,0.000825770548545],"max":[-0.329381644726,-0.517047822475,-0.574162781239,-0.580170452595,-0.514204263687,-0.487636566162],"mean":[-0.674070119858,-0.77487385273,-0.795477509499,-0.789512872696,-0.786654889584,-0.742195248604],"median":[-0.681425631046,-0.779217481613,-0.798659563065,-0.793929457664,-0.795057475567,-0.749171853065],"min":[-0.964249312878,-0.965894639492,-0.962960958481,-0.962810873985,-0.964571595192,-0.959589481354],"var":[0.00547073455527,0.00334811001085,0.00253681465983,0.00203607906587,0.00240360340104,0.00349968788214]},"spectral_contrast_valleys":{"dmean":[0.374023199081,0.364640623331,0.293036073446,0.252918183804,0.218268081546,0.227331593633],"dmean2":[0.625228047371,0.602455377579,0.470426678658,0.399887830019,0.337637841702,0.322879582644],"dvar":[0.103406198323,0.0976832956076,0.0663579031825,0.0566289760172,0.0595646873116,0.0767643749714],"dvar2":[0.254713356495,0.239410057664,0.148095995188,0.113413102925,0.111164152622,0.140893697739],"max":[-5.53868246078,-5.20387601852,-5.19345569611,-5.57844257355,-5.43332910538,-7.01073074341],"mean":[-7.19511318207,-7.25800561905,-7.1545920372,-7.1279001236,-6.87483644485,-9.06441783905],"median":[-6.86503314972,-7.06787776947,-6.96431303024,-6.82080554962,-6.40133619308,-8.53281211853],"min":[-27.2593765259,-27.5790557861,-27.0140018463,-27.3071136475,-27.2035942078,-27.2858448029],"var":[1.93425512314,1.330768466,1.52896487713,1.62206327915,2.35100078583,3.33487176895]},"spectral_decrease":{"dmean":1.90871829453e-09,"dmean2":2.96949864698e-09,"dvar":6.00111221242e-18,"dvar2":1.42296125378e-17,"max":1.89718174828e-17,"mean":-6.16966611133e-09,"median":-5.87232307225e-09,"min":-2.9960968817e-08,"var":1.43596023167e-17},"spectral_energy":{"dmean":0.00776362139732,"dmean2":0.0120056988671,"dvar":9.43737541093e-05,"dvar2":0.000222320508328,"max":0.114704735577,"mean":0.0278342738748,"median":0.0272468551993,"min":1.06657096313e-20,"var":0.000247684220085},"spectral_energyband_high":{"dmean":0.00147376093082,"dmean2":0.00235364818946,"dvar":5.22586697116e-06,"dvar2":1.30081853058e-05,"max":0.0284022986889,"mean":0.0045343497768,"median":0.00373746291734,"min":7.6516743133e-21,"var":1.42507979035e-05},"spectral_energyband_low":{"dmean":0.00552536081523,"dmean2":0.00883795600384,"dvar":8.30345597933e-05,"dvar2":0.000199583562789,"max":0.110709503293,"mean":0.010347195901,"median":0.00670226104558,"min":5.41026494112e-23,"var":0.000140759890201},"spectral_energyband_middle_high":{"dmean":0.00215611141175,"dmean2":0.00341904629022,"dvar":5.75775993639e-06,"dvar2":1.45283847814e-05,"max":0.046795014292,"mean":0.00840563513339,"median":0.00725183589384,"min":1.56788884227e-21,"var":4.05425162171e-05},"spectral_energyband_middle_low":{"dmean":0.00266866851598,"dmean2":0.00430274568498,"dvar":1.93242358364e-05,"dvar2":4.80288872495e-05,"max":0.0512426048517,"mean":0.00545719591901,"median":0.0043161935173,"min":2.80275034726e-22,"var":2.58326763287e-05},"spectral_entropy":{"dmean":0.0862236917019,"dmean2":0.127704530954,"dvar":0.00845156982541,"dvar2":0.0168030709028,"max":9.79871273041,"mean":8.15141296387,"median":8.21202087402,"min":6.49423122406,"var":0.113932467997},"spectral_flux":{"dmean":0.019439322874,"dmean2":0.0301061458886,"dvar":0.000533413316589,"dvar2":0.00115439970978,"max":0.261478126049,"mean":0.0953976213932,"median":0.0954290553927,"min":1.03274923335e-10,"var":0.00164992385544},"spectral_kurtosis":{"dmean":0.560592532158,"dmean2":0.914549469948,"dvar":0.37993952632,"dvar2":0.992595732212,"max":13.5090351105,"mean":1.99404501915,"median":1.8830780983,"min":-1.23601067066,"var":1.18382692337},"spectral_rms":{"dmean":0.000685733219143,"dmean2":0.00104734033812,"dvar":5.66111623357e-07,"dvar2":1.28578813019e-06,"max":0.010578612797,"mean":0.00493066804484,"median":0.00515580223873,"min":3.225766659e-12,"var":2.84385282612e-06},"spectral_rolloff":{"dmean":972.345947266,"dmean2":1540.01135254,"dvar":1260011.75,"dvar2":2671956,"max":18841.5527344,"mean":4020.04785156,"median":3768.31054688,"min":86.1328125,"var":7166431.5},"spectral_skewness":{"dmean":0.128699466586,"dmean2":0.206558659673,"dvar":0.016091061756,"dvar2":0.0398767478764,"max":2.91774249077,"mean":1.09320139885,"median":1.07988011837,"min":-0.0635863989592,"var":0.0670246854424},"spectral_spread":{"dmean":490715.96875,"dmean2":701942.5625,"dvar":323598647296,"dvar2":523675992064,"max":42242744,"mean":5799662,"median":5520171.5,"min":2646833.25,"var":2405339496450.0},"spectral_strongpeak":{"dmean":0.525958299637,"dmean2":0.920568227768,"dvar":0.909815847874,"dvar2":2.37862873077,"max":14.008895874,"mean":0.69782435894,"median":0.292601585388,"min":0,"var":1.18232584},"zerocrossingrate":{"dmean":0.0154817523435,"dmean2":0.0172873623669,"dvar":0.000274303049082,"dvar2":0.000311643525492,"max":0.57080078125,"mean":0.128643721342,"median":0.11962890625,"min":0.00732421875,"var":0.00466052582487}},"metadata":{"audio_properties":{"analysis_sample_rate":44100,"bit_rate":128003,"codec":"vorbis","downmix":"mix","equal_loudness":0,"length":248.685714722,"lossless":false,"md5_encoded":"42ee5ceccce94de506a1f9321bc1b722","replay_gain":-10.9283828735,"sample_rate":44100},"tags":{"acoustid_id":["b4a68e54-fbdd-4a68-880a-0188825b1643"],"album":["The Arockalypse"],"albumartist":["Lordi"],"albumartistsort":["Lordi"],"artist":["Lordi"],"artistsort":["Lordi"],"asin":["B000I5YS50"],"date":["2006-09-20"],"discnumber":["1"],"disctotal":["1"],"file_name":"Lordi_-_The_Arockalypse_-_07_-_Hard_Rock_Hallelujah.ogg","isrc":["FIBAR0500287"],"mixer":["Jyrki Tuovinen"],"musicbrainz_albumartistid":["b5b4ba6e-6e34-4669-a33b-0d813b4c3d83"],"musicbrainz_albumid":["7fad842b-8570-41b3-89de-c99bbc3592da"],"musicbrainz_artistid":["b5b4ba6e-6e34-4669-a33b-0d813b4c3d83"],"musicbrainz_recordingid":["72611876-c637-4e16-ad30-4ad3b7fcd6cf"],"musicbrainz_releasegroupid":["fa5d429b-6a17-35c3-ba27-2185e8a60bb2"],"originaldate":["2006-03-01"],"performer":["Kalma (bass guitar)","Kita (drums)","Amen (guitar)","The Fire Quire of Lathe St. (additional background vocals vocal)","The Naughty Lordi Girls Choir (additional background vocals vocal)","Awa (keyboard)","Mr. Lordi (lead vocals vocal)"],"producer":["Jyrki Tuovinen"],"releasecountry":["FI"],"releasestatus":["official"],"releasetype":["album"],"script":["Latn"],"title":["Hard Rock Hallelujah"],"totaldiscs":["1"],"totaltracks":["15"],"tracknumber":["7"],"tracktotal":["15"]},"version":{"essentia":"2.1-beta2","essentia_build_sha":"70f2e5ece6736b2c40cc944ad0e695b16b925413","essentia_git_sha":"v2.1_beta2","extractor":"music 1.0"}},"rhythm":{"beats_count":509,"beats_loudness":{"dmean":0.0141287380829,"dmean2":0.0247485786676,"dvar":0.000149886924191,"dvar2":0.000474653206766,"max":0.104150794446,"mean":0.0403167009354,"median":0.0409023761749,"min":2.44547604389e-10,"var":0.000288067880319},"beats_loudness_band_ratio":{"dmean":[0.250873684883,0.19376757741,0.037399802357,0.070656388998,0.0711879506707,0.106526225805],"dmean2":[0.446144491434,0.378769874573,0.0660708546638,0.123893938959,0.126799434423,0.190148815513],"dvar":[0.0216102972627,0.0200901702046,0.0019894