{"lowlevel":{"average_loudness":0.42524600029,"barkbands":{"dmean":[8.55468751979e-05,0.00198559951968,0.0015002154978,0.000646745087579,0.00150183052756,0.00219659856521,0.000971182831563,0.000546997238416,0.000560994783882,0.000382918718969,0.000257865933236,0.000125810576719,0.000221158945351,0.000100226745417,0.000180289818672,7.93593571871e-05,9.33024057304e-05,4.46024205303e-05,3.77565265808e-05,1.64463654073e-05,8.09514222055e-06,5.19275636179e-06,2.06504614653e-06,1.05707533749e-06,7.01522878899e-07,5.34866387625e-07,1.88385172351e-07],"dmean2":[0.000128499508719,0.00342566263862,0.00258764298633,0.00111036153976,0.00236860150471,0.00336258998141,0.00134795845952,0.000843416666612,0.000763733638451,0.000580221530981,0.000378130091121,0.000184494143468,0.00033460801933,0.000151707208715,0.000287806760753,0.000129554333398,0.000148571081809,7.36517831683e-05,6.25014508842e-05,2.70164600806e-05,1.2889791833e-05,8.21616049507e-06,3.20141157317e-06,1.64687833148e-06,1.06253037302e-06,8.3430865061e-07,2.97815915928e-07],"dvar":[5.81263144284e-08,1.24319694805e-05,1.15026787171e-05,2.04440448215e-06,6.75100773151e-06,1.65623314388e-05,4.19525667894e-06,4.78380343338e-06,1.53439725636e-06,5.51075117983e-07,7.82425217949e-07,3.04238142235e-07,5.56712507205e-07,1.30728523118e-07,2.90697698802e-07,1.12678122832e-07,6.84231551418e-08,3.43134480829e-08,1.79934449562e-08,3.32570970762e-09,7.34927230184e-10,3.01764141453e-10,5.18356295387e-11,9.80828265829e-12,6.43763991767e-12,7.30235663604e-12,1.22681205472e-12],"dvar2":[1.23852174738e-07,3.6312649172e-05,3.27593770635e-05,5.94255743636e-06,1.71302563103e-05,4.22220909968e-05,9.31203521759e-06,1.55927755259e-05,2.72955503533e-06,1.21472157844e-06,1.53731684804e-06,5.64174797546e-07,1.18589082376e-06,3.30105251578e-07,7.359512324e-07,3.04540265006e-07,1.70945611444e-07,9.30001391453e-08,4.88390980991e-08,9.00712038288e-09,1.75384151646e-09,7.42119588004e-10,1.25741639323e-10,2.39213614195e-11,1.50110080616e-11,1.81058067844e-11,3.05596650416e-12],"max":[0.0102804051712,0.0502890013158,0.0579443015158,0.0380771718919,0.102007523179,0.12505428493,0.0782738402486,0.115428179502,0.0434812828898,0.0179357863963,0.0477154999971,0.033525660634,0.0285641569644,0.0149155696854,0.0280204918236,0.0128061035648,0.00979179795831,0.0083036404103,0.00574388541281,0.00371986208484,0.00123732734937,0.000634845637251,0.000236079577007,0.00010391764954,8.30515709822e-05,0.000122924058815,5.00798123539e-05],"mean":[0.000259891792666,0.00331423152238,0.00220843963325,0.000896335928701,0.00444663595408,0.00606370111927,0.00260929088108,0.00139647454489,0.00133248372003,0.000833018391859,0.000512039463501,0.000256548722973,0.000471806561109,0.000196333377971,0.000360518199159,0.000127121355035,0.00017133782967,7.81159033068e-05,7.24165583961e-05,3.26118934026e-05,1.64927405422e-05,1.05206672742e-05,4.63704873255e-06,2.42213059209e-06,1.470098141e-06,8.98614416656e-07,2.94339912443e-07],"median":[1.42518565553e-05,0.00117487297393,0.000606175046414,0.000362499442417,0.00197584554553,0.00295156938955,0.00100270542316,0.000364168197848,0.000444690755103,0.00034666393185,0.000129963678773,4.95307467645e-05,6.82686804794e-05,3.36570810759e-05,8.25600072858e-05,2.24128598347e-05,3.84303493774e-05,1.29273466882e-05,1.2796750525e-05,5.94165521761e-06,3.02684475173e-06,2.09609333979e-06,9.88775809674e-07,5.1051790706e-07,3.28138128225e-07,2.02355067813e-07,1.53343044929e-08],"min":[3.90341170241e-25,3.37411389166e-24,4.33573415183e-24,1.33706381687e-24,8.59978924637e-24,8.97047261915e-24,6.98867574267e-24,7.15378038583e-24,9.34235742709e-24,1.89824719806e-23,1.57400091132e-23,2.87481140256e-23,3.09868350103e-23,3.66386321212e-23,4.4284167885e-23,2.55530932531e-23,4.54202979825e-23,8.95864459651e-23,1.54494508159e-22,1.70841498407e-22,2.87780270001e-22,3.68977735597e-22,4.34841386026e-22,6.07013850553e-22,9.81388404483e-22,1.34406459295e-21,2.01225133766e-21],"var":[6.36179777302e-07,2.56046187133e-05,1.86653596757e-05,2.64405525741e-06,5.93689110246e-05,8.88254580786e-05,2.02233677555e-05,2.43304075411e-05,8.09022640169e-06,1.76494199877e-06,2.47728394243e-06,1.28002625388e-06,2.33737341659e-06,3.73899894157e-07,1.09828454242e-06,1.74033644385e-07,1.70426318391e-07,7.91838772329e-08,4.13588239212e-08,8.77932926358e-09,1.91137949912e-09,6.77155165274e-10,1.30546976007e-10,2.56720773112e-11,1.21488799923e-11,7.53497785e-12,1.15515789208e-12]},"barkbands_crest":{"dmean":2.20517253876,"dmean2":3.58639621735,"dvar":3.75042128563,"dvar2":10.2772426605,"max":26.4316616058,"mean":10.9912824631,"median":10.2960252762,"min":2.66384649277,"var":15.4112281799},"barkbands_flatness_db":{"dmean":0.0179179552943,"dmean2":0.0273233260959,"dvar":0.000262661400484,"dvar2":0.000610645918641,"max":0.525269150734,"mean":0.236729562283,"median":0.232470214367,"min":0.0605760887265,"var":0.00489899655804},"barkbands_kurtosis":{"dmean":2.32080626488,"dmean2":3.64083385468,"dvar":13.3291416168,"dvar2":29.8858146667,"max":288.165283203,"mean":4.7999663353,"median":2.76407599449,"min":-1.89501416683,"var":75.3501739502},"barkbands_skewness":{"dmean":0.422094196081,"dmean2":0.658854305744,"dvar":0.152630001307,"dvar2":0.37488335371,"max":14.1815662384,"mean":1.3781055212,"median":1.26906776428,"min":-7.01508235931,"var":1.14104354382},"barkbands_spread":{"dmean":1.96667838097,"dmean2":3.06268787384,"dvar":4.80408859253,"dvar2":11.5279998779,"max":104.788673401,"mean":9.5788640976,"median":7.67476558685,"min":0.246770814061,"var":49.7692489624},"dissonance":{"dmean":0.0330364517868,"dmean2":0.0556835755706,"dvar":0.000848813448101,"dvar2":0.00237195356749,"max":0.499968975782,"mean":0.410856276751,"median":0.419970750809,"min":0.138689607382,"var":0.00270745228045},"dynamic_complexity":3.18964123726,"erbbands":{"dmean":[0.0567929036915,0.479807049036,1.65572929382,1.85548067093,2.97480916977,5.04000520706,12.416390419,20.7301044464,15.4137449265,13.2279176712,8.83155632019,15.9681243896,9.40204524994,11.5934391022,11.3815307617,6.53773212433,10.1866436005,6.29795217514,9.81873321533,5.15768289566,3.72064161301,3.52179145813,3.12067079544,2.1099562645,1.25831055641,0.914462983608,0.446109592915,0.260222733021,0.185014262795,0.0993981957436,0.0527488216758,0.0278205443174,0.0158251561224,0.00853018648922,0.00498809944838,0.0026052268222,0.000945079780649,0.000258109852439,3.69738772861e-05,7.0485220931e-06],"dmean2":[0.0956482887268,0.831674396992,2.84709453583,3.19662880898,5.12504529953,7.78893995285,17.3750038147,33.4211044312,20.1467494965,21.6924800873,12.2294845581,21.5473251343,14.1801176071,17.607793808,16.6681594849,9.49261665344,15.4806690216,9.45485210419,15.5909729004,8.258934021,5.99741315842,5.57534790039,5.14561319351,3.49255371094,2.0519990921,1.50235843658,0.720663070679,0.411464244127,0.289420574903,0.155902892351,0.0822289958596,0.0432015657425,0.0247509572655,0.0130761638284,0.0076559856534,0.00410201773047,0.00148436846212,0.000404215970775,5.8532514231e-05,1.11414437924e-05],"dvar":[0.0132139129564,0.7458370924,12.373585701,17.0228748322,42.7772483826,89.3561248779,462.174682617,1803.5234375,1055.75341797,3534.29321289,507.610015869,1294.78808594,365.269073486,750.42980957,1619.29223633,782.90057373,1187.76184082,391.004699707,972.295532227,257.910888672,162.199111938,89.1726760864,163.334640503,70.3850631714,21.9656124115,11.2384977341,2.0661714077,0.7003428936,0.527343928814,0.127931252122,0.0244327299297,0.00589236011729,0.00291561684571,0.000940512807574,0.000359776691766,0.000186744102393,1.99784408323e-05,1.97210056285e-06,4.62716442939e-08,8.99672558674e-11],"dvar2":[0.0385535694659,2.17489123344,34.921295166,48.5256195068,125.213256836,211.617034912,933.849914551,4863.97412109,1865.77197266,12178.1855469,1099.73937988,2332.97119141,861.272338867,1656.12634277,3289.33325195,1433.89221191,2581.86523438,945.258666992,2484.68212891,653.402404785,433.793731689,212.840423584,443.563964844,192.069732666,56.0758895874,29.9109363556,5.06680727005,1.64379179478,1.35943472385,0.306394964457,0.0588160157204,0.013880985789,0.00721322000027,0.00225199642591,0.000844390597194,0.000475385750178,4.91058817715e-05,4.82271025248e-06,1.16424679675e-07,2.36761610317e-10],"max":[2.04355573654,14.8810491562,56.4752464294,112.905761719,218.790786743,485.585510254,1132.37670898,1103.39465332,2086.91088867,2253.73730469,1260.18481445,1278.9588623,582.720153809,835.278259277,2342.20214844,1735.6986084,1320.27416992,777.624328613,1705.04699707,524.347106934,477.281066895,301.835693359,602.25390625,416.779937744,223.456680298,255.457229614,43.2042427063,33.3515205383,37.6383666992,13.3210601807,7.36973047256,2.08360695839,2.02426218987,1.08704793453,0.710543394089,0.630500137806,0.241075232625,0.077106334269,0.00967103987932,0.000266204908257],"mean":[0.0949328020215,0.748872935772,2.61665058136,2.80561876297,6.3335518837,15.8013343811,36.9241638184,50.3535118103,47.472618103,31.1329097748,24.3869895935,37.6542854309,24.2210788727,23.4333591461,21.9420604706,14.6061973572,22.6850948334,13.4054689407,20.439655304,10.2634544373,6.87315368652,6.92029857635,5.81555700302,4.22791051865,2.53635573387,1.866117239,0.927378296852,0.554790616035,0.374646902084,0.215588673949,0.126152947545,0.0660566240549,0.0325616784394,0.0181375127286,0.00976733677089,0.00435140123591,0.00162369862664,0.000415962102124,6.60677033011e-05,3.01497639157e-05],"median":[0.0215139295906,0.27962076664,0.764411687851,1.26524615288,2.4859213829,6.01324367523,16.9590759277,20.3870925903,20.3798446655,9.67477607727,10.0514583588,13.070640564,8.42395401001,9.76969528198,6.22131729126,3.77259349823,4.07636356354,3.39655351639,5.03989601135,3.27640104294,1.76706361771,1.77682960033,1.13694667816,0.86118555069,0.495637267828,0.337030857801,0.18059541285,0.103282511234,0.0783618092537,0.0430259741843,0.0268658529967,0.0139594534412,0.00726833660156,0.00403398089111,0.00211116718128,0.000915153941605,0.000387363135815,6.44369065412e-05,1.8521455786e-05,2.40991939791e-05],"min":[9.54660156184e-23,4.81761570491e-22,5.01215349944e-21,8.39415777035e-21,7.69866043391e-21,3.02429930464e-20,3.38698149098e-20,6.49837742113e-20,2.11324238411e-19,1.61478851686e-19,3.22463773149e-19,3.31002370871e-19,5.5678633385e-19,6.62695075663e-19,7.66476412337e-19,1.67283206479e-18,1.35828784807e-18,2.42929380145e-18,1.64717095763e-18,3.65729553316e-18,2.51744995485e-18,3.48738394995e-18,5.70319029351e-18,6.8912747704e-18,7.16915947975e-18,8.20199621773e-18,9.25394082787e-18,1.20652845388e-17,1.2773675398e-17,1.2047185827e-17,1.11795957872e-17,1.11079454025e-17,1.08781877156e-17,9.25227405894e-18,7.01317389573e-18,4.32992199775e-18,2.09742707854e-18,1.02659783162e-18,2.44252372816e-19,2.79587047043e-20],"var":[0.0367666445673,1.30107939243,23.8457489014,22.0242938995,169.8359375,1005.67248535,3514.8112793,8300.68652344,7543.84814453,10277.7822266,3084.45092773,6484.12255859,1605.21435547,2005.96655273,4483.88818359,3397.95483398,5055.43505859,1217.4519043,3632.89282227,658.816040039,288.400695801,246.226257324,388.539825439,160.503768921,60.6471214294,30.9763088226,5.39280891418,1.84436416626,1.11503970623,0.314020067453,0.0872506052256,0.020327322185,0.00493307644501,0.00175840267912,0.000587817805354,0.000182074640179,2.34790950344e-05,1.92618426809e-06,4.21226395986e-08,5.72911273977e-10]},"erbbands_crest":{"dmean":2.53687953949,"dmean2":3.9438226223,"dvar":5.28117084503,"dvar2":13.162979126,"max":32.9664077759,"mean":12.4590797424,"median":11.3820772171,"min":2.7455766201,"var":25.5176181793},"erbbands_flatness_db":{"dmean":0.0151956938207,"dmean2":0.0220916420221,"dvar":0.00020353848231,"dvar2":0.000407879939303,"max":0.454620659351,"mean":0.250801056623,"median":0.246800825,"min":0.0451683029532,"var":0.0029219626449},"erbbands_kurtosis":{"dmean":1.23460614681,"dmean2":1.90228104591,"dvar":3.45852804184,"dvar2":7.91391181946,"max":55.1037406921,"mean":1.76594591141,"median":0.617916226387,"min":-1.75980865955,"var":15.2502679825},"erbbands_skewness":{"dmean":0.35505092144,"dmean2":0.539469242096,"dvar":0.0993952676654,"dvar2":0.236394509673,"max":6.61653614044,"mean":0.752777516842,"median":0.717139303684,"min":-3.61819219589,"var":0.83492231369},"erbbands_spread":{"dmean":3.39004635811,"dmean2":5.18695259094,"dvar":11.6616210938,"dvar2":27.33527565,"max":129.560241699,"mean":19.6084575653,"median":18.0093421936,"min":1.55295979977,"var":109.131668091},"gfcc":{"cov":[[11076.0292969,-417.160125732,-1635.29211426,716.939575195,-261.494995117,218.533447266,-162.007095337,230.723052979,-64.0524520874,221.572296143,-25.328956604,207.880996704,-102.799499512],[-417.160125732,2317.03491211,658.334411621,-232.958755493,443.025970459,-92.4038238525,193.960647583,-168.508209229,118.458740234,-167.96395874,75.0813140869,-188.150756836,137.913833618],[-1635.29211426,658.334411621,1092.31103516,-1.71878492832,142.853591919,120.068199158,183.778305054,5.83748197556,52.1019554138,-17.5372219086,18.7141265869,-53.550743103,5.35767936707],[716.939575195,-232.958755493,-1.71878492832,468.359802246,102.263389587,106.2084198,67.0346832275,88.1193847656,21.1904659271,53.6256790161,-8.47012901306,7.52139472961,-34.2339134216],[-261.494995117,443.025970459,142.853591919,102.263389587,384.703186035,79.6668548584,51.816532135,-2.65841937065,48.8103179932,-2.16861820221,20.3305473328,-53.9567527771,9.83851146698],[218.533447266,-92.4038238525,120.068199158,106.2084198,79.6668548584,272.00213623,88.5500869751,60.2865867615,23.5795898438,53.3372612,4.79462623596,11.0860891342,-48.5444297791],[-162.007095337,193.960647583,183.778305054,67.0346832275,51.816532135,88.5500869751,203.975540161,69.1172790527,37.3750610352,15.3016204834,15.7226638794,-7.53536605835,5.37649059296],[230.723052979,-168.508209229,5.83748197556,88.1193847656,-2.65841937065,60.2865867615,69.1172790527,167.478927612,52.1240005493,28.3952655792,-12.1509685516,22.5562114716,-8.31922245026],[-64.0524520874,118.458740234,52.1019554138,21.1904659271,48.8103179932,23.5795898438,37.3750610352,52.1240005493,135.504211426,34.197845459,16.6584224701,-8.31821632385,21.9274215698],[221.572296143,-167.96395874,-17.5372219086,53.6256790161,-2.16861820221,53.3372612,15.3016204834,28.3952655792,34.197845459,122.875205994,33.246635437,14.994679451,-29.1909351349],[-25.328956604,75.0813140869,18.7141265869,-8.47012901306,20.3305473328,4.79462623596,15.7226638794,-12.1509685516,16.6584224701,33.246635437,97.0407867432,28.0352363586,3.33045482635],[207.880996704,-188.150756836,-53.550743103,7.52139472961,-53.9567527771,11.0860891342,-7.53536605835,22.5562114716,-8.31821632385,14.994679451,28.0352363586,99.1250457764,25.5286502838],[-102.799499512,137.913833618,5.35767936707,-34.2339134216,9.83851146698,-48.5444297791,5.37649059296,-8.31922245026,21.9274215698,-29.1909351349,3.33045482635,25.5286502838,109.635475159]],"icov":[[0.000261052773567,-0.000545793853234,0.000517827342264,-0.000564613030292,0.000573468918446,-0.000461391668068,0.000589855306316,-0.000561343738809,0.000444211036665,-0.000713402987458,0.000463176198537,-0.000785672629718,0.000292544456897],[-0.000545793853234,0.00251279794611,-0.00144869659562,0.00172027468216,-0.0022752280347,0.0014492928749,-0.00246700737625,0.00228907726705,-0.0018262976082,0.00290522025898,-0.00214678840712,0.00328919687308,-0.00148604530841],[0.000517827342264,-0.00144869659562,0.00230749929324,-0.0011064162245,0.00124888576102,-0.00139260478318,0.000497174973134,-0.00103284372017,0.000846615119372,-0.00144119991455,0.00110281968955,-0.00162852113135,0.000810859724879],[-0.000564613030292,0.00172027468216,-0.0011064162245,0.00423042383045,-0.00254115997814,0.000916461809538,-0.00223810761236,0.000646597822197,-0.000915614829864,0.00118245556951,-0.000713404850103,0.00178214698099,-0.000421058066422],[0.000573468918446,-0.0022752280347,0.00124888576102,-0.00254115997814,0.0058339103125,-0.00265703280456,0.00250117946416,-0.00166588369757,0.000884682172909,-0.00181270402391,0.000313911878038,-0.000354670453817,9.67436790233e-06],[-0.000461391668068,0.0014492928749,-0.00139260478318,0.000916461809538,-0.00265703280456,0.00688206916675,-0.00334366620518,0.00107746711001,-0.00127029011492,0.00019160406373,0.000241438785451,-0.000552109617274,0.00205620378256],[0.000589855306316,-0.00246700737625,0.000497174973134,-0.00223810761236,0.00250117946416,-0.00334366620518,0.0104115400463,-0.00532560097054,0.00213229167275,-0.00252321152948,-0.000134068890475,-0.00100309669506,-0.00054703670321],[-0.000561343738809,0.00228907726705,-0.00103284372017,0.000646597822197,-0.00166588369757,0.00107746711001,-0.00532560097054,0.0120605640113,-0.00565119273961,0.00252819806337,0.00127114728093,-0.000621576211415,0.000558955885936],[0.000444211036665,-0.0018262976082,0.000846615119372,-0.000915614829864,0.000884682172909,-0.00127029011492,0.00213229167275,-0.00565119273961,0.0123978145421,-0.00531660532579,-0.000354017101927,0.000886754482053,-0.0028795353137],[-0.000713402987458,0.00290522025898,-0.00144119991455,0.00118245556951,-0.00181270402391,0.00019160406373,-0.00252321152948,0.00252819806337,-0.00531660532579,0.0154058430344,-0.00623840419576,0.00301156635396,0.00133272772655],[0.000463176198537,-0.00214678840712,0.00110281968955,-0.000713404850103,0.000313911878038,0.000241438785451,-0.000134068890475,0.00127114728093,-0.000354017101927,-0.00623840419576,0.0166475269943,-0.00913733057678,0.00307163759135],[-0.000785672629718,0.00328919687308,-0.00162852113135,0.00178214698099,-0.000354670453817,-0.000552109617274,-0.00100309669506,-0.000621576211415,0.000886754482053,0.00301156635396,-0.00913733057678,0.0212914701551,-0.00850448012352],[0.000292544456897,-0.00148604530841,0.000810859724879,-0.000421058066422,9.67436790233e-06,0.00205620378256,-0.00054703670321,0.000558955885936,-0.0028795353137,0.00133272772655,0.00307163759135,-0.00850448012352,0.0148902209476]],"mean":[-87.7649917603,163.462173462,-114.744483948,1.9656701088,-49.739074707,-10.8047056198,-31.9435653687,-3.5258743763,-14.9193344116,-1.4737226963,-8.06624031067,-0.577781319618,-2.86013698578]},"hfc":{"dmean":2.27353715897,"dmean2":3.43395709991,"dvar":9.83528137207,"dvar2":24.2186031342,"max":84.1306228638,"mean":11.226228714,"median":8.74521923065,"min":1.05422554413e-16,"var":88.414276123},"melbands":{"dmean":[0.000507604214363,0.000758980633691,0.000322498672176,0.000295452715363,0.000386804167647,0.000441191717982,0.000230866135098,0.000139915660839,7.11995598977e-05,9.60848774412e-05,4.53576503787e-05,4.86939243274e-05,3.45665139321e-05,2.09132613236e-05,1.73465741682e-05,2.10229536606e-05,1.17724712254e-05,1.54458030011e-05,9.1291803983e-06,7.78546382207e-06,4.25121697845e-06,4.03431613449e-06,4.69175802209e-06,1.75114303147e-06,1.89722697996e-06,1.18177536024e-06,4.82948280478e-07,6.91060108693e-07,3.37916446824e-07,2.08184431472e-07,1.78472078005e-07,1.27379777837e-07,7.46049195754e-08,5.39486002538e-08,3.37488756941e-08,2.60568739918e-08,1.53928763069e-08,1.14412834762e-08,1.22692727089e-08,6.56080745287e-09],"dmean2":[0.000866103742737,0.001306250575,0.000554510217626,0.000483864248963,0.000553646532353,0.000697851704899,0.000304980552755,0.000230888646911,9.61159385042e-05,0.000129859967274,6.87956853653e-05,7.39002061891e-05,5.09188321303e-05,3.04766326735e-05,2.58186373685e-05,3.18171914842e-05,1.76879493665e-05,2.4520973966e-05,1.43695160659e-05,1.27528255689e-05,6.79167669659e-06,6.31347120361e-06,7.70697170083e-06,2.89098215944e-06,3.15476449941e-06,1.91919866666e-06,7.86391353813e-07,1.14123236017e-06,5.55009307845e-07,3.30264953163e-07,2.83875920104e-07,2.02972827879e-07,1.1692555546e-07,8.46686205591e-08,5.34864348367e-08,3.99060766654e-08,2.43684610268e-08,1.79711001635e-08,1.94157685485e-08,1.00896615507e-08],"dvar":[8.82255164925e-07,2.26554448091e-06,4.67514581715e-07,3.55282054443e-07,4.30929588902e-07,7.80760046837e-07,2.28426785043e-07,4.23291908191e-07,2.56844234769e-08,4.82142787916e-08,8.81905215522e-09,1.35059154971e-08,1.37333238115e-08,5.24323873208e-09,3.22193405289e-09,6.2412106594e-09,1.80551706919e-09,2.40150632713e-09,8.32841962062e-10,9.06522690247e-10,1.97859936768e-10,1.69534095096e-10,2.21401758038e-10,6.42060918321e-11,6.86082093915e-11,1.96263335445e-11,2.26144038391e-12,6.55737747088e-12,1.4481855385e-12,1.01997468631e-12,3.44684946817e-13,2.83928479686e-13,5.94743235238e-14,4.78242831892e-14,9.75839299367e-15,7.08094895246e-15,1.90388146126e-15,1.37068703233e-15,2.21593771639e-15,5.58632522395e-16],"dvar2":[2.55683767136e-06,6.42531585981e-06,1.33796061164e-06,9.50605851813e-07,9.15107079891e-07,2.04046000363e-06,4.16015353721e-07,1.46250431499e-06,4.62902747245e-08,8.52827142239e-08,2.08866364204e-08,2.97433615515e-08,2.8287290732e-08,1.0260484018e-08,6.5995884313e-09,1.29222144096e-08,4.49363124488e-09,6.17850215434e-09,1.99463401351e-09,2.46402609427e-09,5.06578168302e-10,3.9583170075e-10,5.63222357641e-10,1.74607744929e-10,1.87179022282e-10,5.00534821923e-11,5.90689563235e-12,1.74721053597e-11,3.87629988871e-12,2.59801121588e-12,8.04493787126e-13,7.3958292832e-13,1.34179044828e-13,1.16363854858e-13,2.40440669761e-14,1.61153862742e-14,4.66193635751e-15,3.35125430383e-15,5.6075580106e-15,1.31924259216e-15],"max":[0.0141202025115,0.025810174644,0.017299702391,0.0292160846293,0.0310965627432,0.0288155376911,0.0276370923966,0.0278437752277,0.00955009460449,0.00850300863385,0.00284813018516,0.00296285445802,0.0063087856397,0.00346136651933,0.00215216190554,0.00394742051139,0.00178831699304,0.00253500719555,0.00137505948078,0.00106721895281,0.000519103603438,0.0004855497682,0.000605204957537,0.000403485057177,0.000421454751631,0.000195616870769,6.34640600765e-05,0.000183269628906,4.35684451077e-05,6.29472633591e-05,1.77518031705e-05,2.56234361586e-05,1.15717975859e-05,7.37349500923e-06,4.37189146396e-06,4.04130605602e-06,1.56734495249e-06,1.16143019113e-06,2.35393781622e-06,1.00777833723e-06],"mean":[0.000876336242072,0.00125071650837,0.000534447841346,0.000816325366031,0.00116653868463,0.00112140458077,0.000690671731718,0.000332749768859,0.00019444184727,0.000225628959015,0.000111712339276,9.27235450945e-05,6.70444787829e-05,4.23805831815e-05,3.82405523851e-05,4.47635575256e-05,2.27727341553e-05,3.12469310302e-05,1.86036013474e-05,1.27820521811e-05,7.49359742258e-06,7.49954006096e-06,8.03376315162e-06,3.17184299092e-06,3.51509447682e-06,2.19221669795e-06,9.78837761068e-07,1.31236276957e-06,6.19640502464e-07,3.99255611683e-07,3.30102665203e-07,2.36705119505e-07,1.42519496649e-07,1.06525035903e-07,7.43110888379e-08,5.59878863271e-08,3.28639941927e-08,2.11052721966e-08,2.29814407504e-08,1.27608839051e-08],"median":[0.000271186872851,0.000425671227276,0.000264425150817,0.000278290302958,0.000560892745852,0.000484878750285,0.000288000621367,9.33994451771e-05,7.94683001004e-05,7.50174658606e-05,3.5079268855e-05,3.50798363797e-05,1.83736883628e-05,9.68935364654e-06,7.09981759428e-06,6.35399101157e-06,3.63334811482e-06,7.05901629772e-06,4.64976073999e-06,2.53214921031e-06,1.47344758261e-06,1.60510478509e-06,1.28364899865e-06,5.48514549337e-07,5.49717412923e-07,3.53843972789e-07,2.0033007786e-07,1.94929796749e-07,1.03159436549e-07,5.96807652187e-08,4.7929731295e-08,4.44804939548e-08,2.74144653645e-08,1.88966780001e-08,1.49938266247e-08,1.10174767087e-08,6.60373089545e-09,4.88688112199e-09,4.21489332325e-09,2.88439094831e-09],"min":[1.54152699857e-24,2.3492064765e-24,2.56313470716e-24,1.95790760447e-24,1.05022334211e-24,1.44025086619e-24,2.7932180203e-24,1.8228662532e-24,2.44305745561e-24,1.66880802929e-24,2.94092709721e-24,2.02758551886e-24,2.61822776671e-24,2.52165975342e-24,4.66433850064e-24,2.31507088741e-24,3.48631555036e-24,2.15961440756e-24,3.77169189928e-24,2.33761239056e-24,2.59823073441e-24,3.51358686628e-24,3.48515513597e-24,2.89669211638e-24,4.95259419186e-24,5.10453077436e-24,3.28409026845e-24,4.96361852301e-24,4.82235838401e-24,6.18272692695e-24,4.97227153828e-24,6.10805611468e-24,5.19212115611e-24,5.88242296312e-24,5.63008489777e-24,4.75226020397e-24,6.49259346268e-24,6.94519372958e-24,6.24166745835e-24,7.52319763686e-24],"var":[2.18224818127e-06,4.43687758889e-06,6.88086743139e-07,3.35746767632e-06,3.11156532007e-06,3.92424090023e-06,1.55826171522e-06,1.44537500546e-06,1.67014533758e-07,2.36252915897e-07,3.74468100972e-08,3.47707604931e-08,3.88536811613e-08,1.89927327199e-08,1.37103155495e-08,2.73167088949e-08,5.18886000833e-09,8.43740366463e-09,3.26425464436e-09,1.45567957688e-09,4.16724793562e-10,4.40251557432e-10,5.28118604404e-10,1.54291995846e-10,1.48080409046e-10,5.03757521808e-11,6.2298642807e-12,1.71016933254e-11,3.19820038508e-12,2.61928369619e-12,7.88251679641e-13,5.61434579383e-13,1.4490870255e-13,9.91501802536e-14,3.16878142649e-14,2.26021119681e-14,5.42249994635e-15,2.23227422908e-15,3.6452702395e-15,9.83266973634e-16]},"melbands_crest":{"dmean":2.93322372437,"dmean2":4.7538022995,"dvar":6.34905290604,"dvar2":17.2527103424,"max":37.1715126038,"mean":14.8217544556,"median":13.8499889374,"min":1.63682115078,"var":28.7894229889},"melbands_flatness_db":{"dmean":0.0199043732136,"dmean2":0.0306902378798,"dvar":0.000351781171048,"dvar2":0.000818471366074,"max":0.680465638638,"mean":0.321931600571,"median":0.318247020245,"min":0.00273649697192,"var":0.00786500889808},"melbands_kurtosis":{"dmean":3.35988903046,"dmean2":5.27131605148,"dvar":23.7182674408,"dvar2":56.3181724548,"max":209.451858521,"mean":7.71503973007,"median":4.94014167786,"min":-1.82627856731,"var":116.656951904},"melbands_skewness":{"dmean":0.47447681427,"dmean2":0.740472257137,"dvar":0.198583349586,"dvar2":0.497483253479,"max":11.6745605469,"mean":1.82214236259,"median":1.68581390381,"min":-2.17919945717,"var":1.28866028786},"melbands_spread":{"dmean":2.71420884132,"dmean2":4.25502300262,"dvar":12.0528078079,"dvar2":27.9680595398,"max":178.741363525,"mean":12.3294553757,"median":9.33034133911,"min":0.342282831669,"var":135.284072876},"mfcc":{"cov":[[5974.47167969,-597.575134277,-1052.68457031,371.080688477,-153.819137573,47.1963920593,-78.0446090698,86.9392547607,-31.1588668823,20.3241043091,-4.35094356537,97.6064529419,71.609992981],[-597.575134277,2195.51904297,490.794311523,4.91640949249,251.655090332,79.4945297241,141.328201294,11.4212493896,57.249168396,24.0766086578,-6.85927200317,-99.6890335083,-62.4140586853],[-1052.68457031,490.794311523,888.483886719,17.0278358459,41.0613555908,102.539260864,116.268791199,68.2133636475,91.8106460571,15.480512619,55.1144866943,54.1742897034,20.8231468201],[371.080688477,4.91640949249,17.0278358459,345.269897461,94.0558166504,55.5667457581,60.8256187439,34.8299102783,49.6389122009,45.62682724,19.8153781891,16.8843727112,19.5622673035],[-153.819137573,251.655090332,41.0613555908,94.0558166504,288.9140625,103.179801941,40.4651489258,22.2964076996,20.7487602234,51.5250358582,16.6791095734,-18.2870254517,-14.5813302994],[47.1963920593,79.4945297241,102.539260864,55.5667457581,103.179801941,208.465026855,95.3448944092,29.4520664215,31.6863174438,24.6790523529,45.7655181885,42.3594398499,8.43656730652],[-78.0446090698,141.328201294,116.268791199,60.8256187439,40.4651489258,95.3448944092,176.015975952,63.2398643494,30.9294986725,18.5297527313,33.0481033325,37.4432487488,6.52361822128],[86.9392547607,11.4212493896,68.2133636475,34.8299102783,22.2964076996,29.4520664215,63.2398643494,140.656188965,67.9942703247,21.6012611389,13.3723888397,12.8598279953,18.1299610138],[-31.1588668823,57.249168396,91.8106460571,49.6389122009,20.7487602234,31.6863174438,30.9294986725,67.9942703247,149.381393433,55.9328155518,6.2432308197,10.0639858246,9.92655086517],[20.3241043091,24.0766086578,15.480512619,45.62682724,51.5250358582,24.6790523529,18.5297527313,21.6012611389,55.9328155518,136.164703369,36.8486366272,-15.6901063919,4.69054460526],[-4.35094356537,-6.85927200317,55.1144866943,19.8153781891,16.6791095734,45.7655181885,33.0481033325,13.3723888397,6.2432308197,36.8486366272,125.059509277,52.9366531372,-4.50246238708],[97.6064529419,-99.6890335083,54.1742897034,16.8843727112,-18.2870254517,42.3594398499,37.4432487488,12.8598279953,10.0639858246,-15.6901063919,52.9366531372,157.872787476,47.5070114136],[71.609992981,-62.4140586853,20.8231468201,19.5622673035,-14.5813302994,8.43656730652,6.52361822128,18.1299610138,9.92655086517,4.69054460526,-4.50246238708,47.5070114136,127.444236755]],"icov":[[0.000286416674498,-8.15324601717e-05,0.000398389820475,-0.000396808056394,0.000417197763454,-0.000420849799411,0.000392464455217,-0.00048823459656,0.000218425819185,-0.000144645178807,8.94423792488e-05,-0.000277670420473,1.48859789988e-05],[-8.15324601717e-05,0.000679512915667,-0.000442993972683,0.000290368770948,-0.00074661092367,0.000440138072008,-0.000744594726712,0.000565730966628,-0.000338169833412,0.000276261096587,-4.85526034026e-05,0.000576975522563,4.88601799589e-05],[0.000398389820475,-0.000442993972683,0.00206274911761,-0.000435276975622,0.000796753622126,-0.000931249349378,0.000201891059987,-0.000823080248665,-0.000418949202867,0.000100240409665,-0.000337280071108,-0.000614429707639,-0.000205394710065],[-0.000396808056394,0.000290368770948,-0.000435276975622,0.00410807039589,-0.00175138458144,0.000814713654108,-0.00170874746982,0.000973032030743,-0.00125948444474,-7.56670124247e-05,-0.00026464406983,0.000368906010408,-0.000545536342543],[0.000417197763454,-0.00074661092367,0.000796753622126,-0.00175138458144,0.00613677082583,-0.00347633194178,0.00179373612627,-0.00172558485065,0.00141059362795,-0.00188750773668,0.000635618867818,-0.000146336984471,0.000661107245833],[-0.000420849799411,0.000440138072008,-0.000931249349378,0.000814713654108,-0.00347633194178,0.00900698360056,-0.00443061674014,0.0020035172347,-0.00158389820717,0.000865708279889,-0.00165405333973,-0.000289551331662,-0.000432074768469],[0.000392464455217,-0.000744594726712,0.000201891059987,-0.00170874746982,0.00179373612627,-0.00443061674014,0.0107099339366,-0.00475223362446,0.00191030499991,-0.00107801740523,0.000297086400678,-0.00195537577383,0.000900749932043],[-0.00048823459656,0.000565730966628,-0.000823080248665,0.000973032030743,-0.00172558485065,0.0020035172347,-0.00475223362446,0.0120309023187,-0.00534477643669,0.00154032418504,-0.00124138128012,0.00162401190028,-0.00155139761046],[0.000218425819185,-0.000338169833412,-0.000418949202867,-0.00125948444474,0.00141059362795,-0.00158389820717,0.00191030499991,-0.00534477643669,0.0114710628986,-0.00478647137061,0.00247489335015,-0.00182267068885,0.000951784837525],[-0.000144645178807,0.000276261096587,0.000100240409665,-7.56670124247e-05,-0.00188750773668,0.000865708279889,-0.00107801740523,0.00154032418504,-0.00478647137061,0.0114592658356,-0.0046156430617,0.0034242705442,-0.00171385996509],[8.94423792488e-05,-4.85526034026e-05,-0.000337280071108,-0.00026464406983,0.000635618867818,-0.00165405333973,0.000297086400678,-0.00124138128012,0.00247489335015,-0.0046156430617,0.0121493600309,-0.00486169569194,0.00258391560055],[-0.000277670420473,0.000576975522563,-0.000614429707639,0.000368906010408,-0.000146336984471,-0.000289551331662,-0.00195537577383,0.00162401190028,-0.00182267068885,0.0034242705442,-0.00486169569194,0.0106562757865,-0.00377428834327],[1.48859789988e-05,4.88601799589e-05,-0.000205394710065,-0.000545536342543,0.000661107245833,-0.000432074768469,0.000900749932043,-0.00155139761046,0.000951784837525,-0.00171385996509,0.00258391560055,-0.00377428834327,0.00974542554468]],"mean":[-734.430480957,197.027893066,-4.8139166832,17.8158760071,-2.90841627121,-4.17119073868,-9.98409175873,-3.67813706398,-4.14393138885,-1.21251928806,-3.10240578651,-3.26467418671,-0.590845108032]},"pitch_salience":{"dmean":0.0588409118354,"dmean2":0.0953130871058,"dvar":0.00262551894411,"dvar2":0.00721594691277,"max":0.834177434444,"mean":0.519762217999,"median":0.520061612129,"min":0.107761666179,"var":0.0127137303352},"silence_rate_20dB":{"dmean":0,"dmean2":0,"dvar":0,"dvar2":0,"max":1,"mean":1,"median":1,"min":1,"var":0},"silence_rate_30dB":{"dmean":0.00387040385976,"dmean2":0.00774129107594,"dvar":0.00385565776378,"dvar2":0.00930528342724,"max":1,"mean":0.993133604527,"median":1,"min":0,"var":0.0068181748502},"silence_rate_60dB":{"dmean":0.00736625259742,"dmean2":0.0147334253415,"dvar":0.00731124356389,"dvar2":0.016760982573,"max":1,"mean":0.0413233451545,"median":0,"min":0,"var":0.0396171808243},"spectral_centroid":{"dmean":88.9247817993,"dmean2":137.313049316,"dvar":22103.2304688,"dvar2":42831.4726562,"max":11642.6650391,"mean":710.879943848,"median":546.822631836,"min":108.159088135,"var":455400.28125},"spectral_complexity":{"dmean":1.44865477085,"dmean2":2.44574856758,"dvar":1.61713957787,"dvar2":4.1666135788,"max":35,"mean":11.7961921692,"median":12,"min":0,"var":17.5173187256},"spectral_contrast_coeffs":{"dmean":[0.0461742803454,0.0404879115522,0.0337877012789,0.0281708650291,0.0206227004528,0.0142897199839],"dmean2":[0.0775313004851,0.0659036487341,0.0534206740558,0.0453719981015,0.0330078117549,0.0231744907796],"dvar":[0.00136676023249,0.00108294736128,0.000760593742598,0.000535619270522,0.000315694604069,0.000171076637344],"dvar2":[0.00385635579005,0.00294226431288,0.00189453351777,0.00135459844023,0.000782271439675,0.000409343687352],"max":[-0.227987393737,-0.278288930655,-0.338493913412,-0.417158722878,-0.488615512848,-0.563873887062],"mean":[-0.627656280994,-0.643414199352,-0.69022744894,-0.705352306366,-0.737589418888,-0.769467413425],"median":[-0.633665442467,-0.649406313896,-0.694416224957,-0.713016867638,-0.74345177412,-0.768526375294],"min":[-0.979439616203,-0.976247012615,-0.978272855282,-0.97119307518,-0.966885089874,-0.9654712677],"var":[0.00851005781442,0.00766674382612,0.00570200011134,0.00670720823109,0.00547796068713,0.00234837294556]},"spectral_contrast_valleys":{"dmean":[0.387440294027,0.28781029582,0.251788765192,0.214251697063,0.182812914252,0.206690311432],"dmean2":[0.652906537056,0.476356416941,0.420950561762,0.351264923811,0.291030585766,0.307285219431],"dvar":[0.119459174573,0.0762019604445,0.0628097429872,0.0504528582096,0.0518113449216,0.0765095353127],"dvar2":[0.288844317198,0.174774184823,0.139361560345,0.103261016309,0.0969415679574,0.135677263141],"max":[-5.31422519684,-4.8505320549,-5.67851161957,-6.67776107788,-6.69962406158,-9.49997806549],"mean":[-7.56739521027,-6.92733192444,-8.04184246063,-9.11107540131,-9.59512805939,-12.4115486145],"median":[-7.26766395569,-6.76105880737,-7.86199426651,-8.9650478363,-9.44304180145,-12.2966241837],"min":[-28.0749111176,-27.9437217712,-27.765920639,-27.7373809814,-27.4515571594,-27.4407215118],"var":[2.69834971428,2.1329433918,2.02094626427,1.76678740978,1.68498802185,1.45968031883]},"spectral_decrease":{"dmean":1.559009144e-09,"dmean2":2.48162224104e-09,"dvar":4.01831313484e-18,"dvar2":1.0723756404e-17,"max":1.79695882473e-16,"mean":-6.53322107524e-09,"median":-5.09661779446e-09,"min":-5.54419017362e-08,"var":2.84395216333e-17},"spectral_energy":{"dmean":0.00605315668508,"dmean2":0.00961698591709,"dvar":6.00602143095e-05,"dvar2":0.0001600759133,"max":0.216880828142,"mean":0.0256759244949,"median":0.0201325099915,"min":9.86113189056e-21,"var":0.000432397297118},"spectral_energyband_high":{"dmean":2.15298223338e-05,"dmean2":3.3758515201e-05,"dvar":3.7284331178e-09,"dvar2":9.32285626476e-09,"max":0.00318832579069,"mean":5.71826458327e-05,"median":1.28333667817e-05,"min":6.79577825502e-21,"var":1.50268757437e-08},"spectral_energyband_low":{"dmean":0.0031750923954,"dmean2":0.00541492225602,"dvar":3.30107905029e-05,"dvar2":9.29738525883e-05,"max":0.0960636809468,"mean":0.00629324233159,"median":0.0025366586633,"min":2.30512382471e-23,"var":7.9836070654e-05},"spectral_energyband_middle_high":{"dmean":0.000894504832104,"dmean2":0.00132879277226,"dvar":2.50509651778e-06,"dvar2":5.35628441867e-06,"max":0.0537433214486,"mean":0.00288595003076,"median":0.00177002430428,"min":1.25269455772e-21,"var":1.27863277157e-05},"spectral_energyband_middle_low":{"dmean":0.00418760254979,"dmean2":0.00641964375973,"dvar":3.62246719305e-05,"dvar2":9.50268367887e-05,"max":0.201155021787,"mean":0.0171016845852,"median":0.0120325703174,"min":1.58958249192e-22,"var":0.000291536009172},"spectral_entropy":{"dmean":0.131130740047,"dmean2":0.200140103698,"dvar":0.0172132700682,"dvar2":0.0390067882836,"max":9.82211017609,"mean":6.33016824722,"median":6.34386444092,"min":4.34081125259,"var":0.272404372692},"spectral_flux":{"dmean":0.0147990081459,"dmean2":0.0244523398578,"dvar":0.000255045044469,"dvar2":0.000648897257634,"max":0.25527998805,"mean":0.0586351454258,"median":0.0536821372807,"min":6.11233910708e-11,"var":0.000902064086404},"spectral_kurtosis":{"dmean":8.86650562286,"dmean2":15.1767988205,"dvar":129.321502686,"dvar2":344.498931885,"max":244.720001221,"mean":26.0761890411,"median":16.7798538208,"min":-1.25139772892,"var":800.051696777},"spectral_rms":{"dmean":0.000560550251976,"dmean2":0.00088162854081,"dvar":3.18938589317e-07,"dvar2":8.46441992053e-07,"max":0.0145461698994,"mean":0.00462985550985,"median":0.00443187030032,"min":3.10171181274e-12,"var":3.61432125828e-06},"spectral_rolloff":{"dmean":157.09437561,"dmean2":272.69039917,"dvar":100533.9375,"dvar2":202663.6875,"max":21404.0039062,"mean":871.552001953,"median":602.9296875,"min":43.06640625,"var":2119733.5},"spectral_skewness":{"dmean":0.5864803195,"dmean2":1.00338685513,"dvar":0.38133379817,"dvar2":1.04654788971,"max":13.0848617554,"mean":3.42558097839,"median":3.02697730064,"min":-0.092453956604,"var":2.96128368378},"spectral_spread":{"dmean":296393.53125,"dmean2":481745.78125,"dvar":252391407616,"dvar2":456939470848,"max":41607256,"mean":2442129.75,"median":2202427.5,"min":362515.125,"var":5436084322300.0},"spectral_strongpeak":{"dmean":0.444027423859,"dmean2":0.743868887424,"dvar":0.477748900652,"dvar2":1.19688117504,"max":10.9224338531,"mean":1.08731210232,"median":0.743831038475,"min":0,"var":1.27634322643},"zerocrossingrate":{"dmean":0.00348447915167,"dmean2":0.00443464703858,"dvar":2.71307999355e-05,"dvar2":2.91408923658e-05,"max":0.75390625,"mean":0.0323144942522,"median":0.02587890625,"min":0.00146484375,"var":0.00173878471833}},"metadata":{"audio_properties":{"analysis_sample_rate":44100,"bit_rate":247252,"codec":"mp3","downmix":"mix","equal_loudness":0,"length":371.957550049,"lossless":false,"md5_encoded":"0621900e2ef92265c9f12bb05cf10d23","replay_gain":-10.2826251984,"sample_rate":44100},"tags":{"acoustid_id":["46fa0ed7-3120-411f-8228-26eb2c43be7a"],"album":["Journey"],"albumartist":["Austin Wintory"],"albumartistsort":["Wintory, Austin"],"artist":["Austin Wintory"],"artistsort":["Wintory, Austin"],"artistwebpage":["http://austinwintory.com/"],"date":["2012"],"discnumber":["1/1"],"file_name":"12 Atonement.mp3","media":["Digital Media"],"musicbrainz album release country":["XW"],"musicbrainz album status":["official"],"musicbrainz album type":["album/soundtrack"],"musicbrainz_albumartistid":["78f15956-c5e1-46d6-a46b-fa6f46681ec8"],"musicbrainz_albumid":["1f3abcda-15a7-4465-92c6-9926cdc4f247"],"musicbrainz_artistid":["78f15956-c5e1-46d6-a46b-fa6f46681ec8"],"musicbrainz_recordingid":["97641f08-6bc0-4679-9a3b-bfa24da5604c"],"musicbrainz_releasegroupid":["d1850227-c7c7-42c8-b469-6e99023412de"],"originaldate":["2012"],"script":["Latn"],"title":["Atonement"],"tracknumber":["12/18"]},"version":{"essentia":"2.1-beta2","essentia_build_sha":"26c37b627ab5a2028d412893e0969599b764ad4d","essentia_git_sha":"v2.1_beta2","extractor":"music 1.0"}},"rhythm":{"beats_count":627,"beats_loudness":{"dmean":0.0151667166501,"dmean2":0.0257897395641,"dvar":0.000217606924707,"dvar2":0.000636833312456,"max":0.120022036135,"mean":0.0283206254244,"median":0.0233294125646,"min":0,"var":0.000405093946029},"beats_loudness_band_ratio":{"dmean":[0.22448630631,0.188880503178,0.15564084053,0.0608456656337,0.0330945551395,0.00847156718373],"dmean2":[0.399248808622,0.326427191496,0.267913818359,0.104722827673,0.0581333264709,0.0129207950085],"dvar":[0.0435304604471,0.0250470750034,0.0199424680322,0.00655838334933,0.00300557818264,0.002342647640