{"lowlevel":{"average_loudness":0.180611565709,"barkbands":{"dmean":[2.44054135692e-05,0.000299131439533,0.000298071332509,0.00240561994724,0.0030213308055,0.0023650880903,0.000620923878159,0.000185531345778,0.000410947483033,0.000261957582552,0.000234930979786,6.44615647616e-05,0.000306205271045,0.000139883064548,0.000184528689715,3.87304098695e-05,3.75155868824e-05,1.96013334062e-05,1.95516404347e-05,1.02497115222e-05,3.04571881315e-06,2.02297269425e-06,6.80515711338e-07,3.01417600213e-07,1.72899959239e-07,9.46941440816e-08,3.75709419131e-08],"dmean2":[3.000259494e-05,0.000479324080516,0.000501107249875,0.00408878363669,0.00495114549994,0.00371035607532,0.000906457542442,0.000278495077509,0.000541338173207,0.000376744312234,0.000338323327014,9.8206633993e-05,0.000478084635688,0.000212241808185,0.000297904538456,6.53606330161e-05,5.99867926212e-05,3.04845834762e-05,3.04285385937e-05,1.66533227457e-05,4.89624926558e-06,3.13988107337e-06,1.04266575818e-06,4.60991003592e-07,2.64224723878e-07,1.52159728373e-07,5.95469842324e-08],"dvar":[1.34666660045e-08,6.31938746665e-07,4.5690285333e-07,2.98738359561e-05,1.90086630028e-05,1.0110018593e-05,1.3602331137e-06,8.54611954537e-08,5.51580910724e-07,2.33455651255e-07,2.50546463576e-07,1.73018026572e-08,1.61645425578e-06,1.23319566114e-07,1.78382947524e-07,7.01242663936e-09,3.88095600101e-09,1.78899384196e-09,1.65478108993e-09,5.66921620759e-10,3.38361595686e-11,1.5970101977e-11,1.408776199e-12,3.4075636735e-13,1.07354805655e-13,2.94256603133e-14,7.76232851325e-15],"dvar2":[2.15741540188e-08,1.70923715359e-06,1.40524616654e-06,8.09431367088e-05,5.19404675288e-05,2.66824281425e-05,2.62248863692e-06,1.91771192704e-07,9.2369145932e-07,4.84491863517e-07,5.22273523984e-07,4.1291251307e-08,3.60953640666e-06,2.81654450873e-07,4.71793299539e-07,1.93524041237e-08,9.4218739477e-09,4.00955313395e-09,3.91309784575e-09,1.50085610606e-09,8.54907672432e-11,3.92808043037e-11,3.03297534657e-12,7.32775114459e-13,2.33778274517e-13,7.66757127625e-14,1.73979195173e-14],"max":[0.004908233881,0.018800586462,0.0157756004483,0.192650258541,0.141412600875,0.0750565826893,0.0472255572677,0.00946207344532,0.0147902611643,0.012707949616,0.00963069312274,0.00295857386664,0.0417790263891,0.0113236019388,0.00638670800254,0.0017078530509,0.00164272810798,0.00139703473542,0.00140811072197,0.000570618547499,0.000160999174113,9.10501839826e-05,2.9107395676e-05,1.49194056576e-05,1.22247902254e-05,3.04758168568e-06,2.09001359508e-06],"mean":[0.000108517175249,0.000759623071644,0.000579743413255,0.00470825564116,0.00710513442755,0.00641145650297,0.00175330543425,0.000540212786291,0.00105975731276,0.000716125243343,0.000544474809431,0.000148208579049,0.000604979984928,0.000323767424561,0.00034095562296,7.62333729654e-05,9.04612825252e-05,4.45905861852e-05,4.35784604633e-05,2.23903807637e-05,8.91448235052e-06,5.17688158652e-06,1.98672046281e-06,9.45968906763e-07,6.08856794315e-07,2.90916062795e-07,7.35100158522e-08],"median":[8.58148723637e-07,5.77523715037e-05,0.000170447543496,0.000984472571872,0.00401556026191,0.00412864098325,0.000851148273796,0.000242925918428,0.000448168255389,0.000254810671322,0.000139937677886,6.51978771202e-05,0.000125138700241,8.51021686685e-05,0.000124533893541,2.99175062537e-05,5.11733232997e-05,1.74954875547e-05,1.64237935678e-05,7.39060760679e-06,3.2250568438e-06,2.17982824324e-06,1.05736899059e-06,5.23221046933e-07,2.96975258607e-07,1.77369713583e-07,1.45917358196e-08],"min":[1.86837810401e-25,4.64318874534e-24,1.68651204016e-24,1.84049256126e-24,4.75351725382e-24,4.58376858651e-24,1.38170896593e-23,1.06788802826e-23,1.78165434513e-23,2.5497565334e-23,1.52770929123e-23,2.71903819505e-23,4.29493805235e-23,3.32906370197e-23,5.24018873876e-23,7.12677893922e-23,3.9904759238e-23,1.20802763768e-22,1.40432286285e-22,2.09997625491e-22,2.7048674764e-22,3.71493255251e-22,3.66300000896e-22,5.69288477338e-22,9.11961980527e-22,1.2733659951e-21,1.96202455121e-21],"var":[1.63230836847e-07,2.86203157884e-06,1.28983310788e-06,0.000216557935346,0.000123688369058,5.16368927492e-05,8.57851955516e-06,6.95426706443e-07,2.57242118096e-06,1.69680572526e-06,9.61469368121e-07,5.65868383262e-08,3.47052309735e-06,5.41137637811e-07,3.70998748167e-07,1.55645594191e-08,1.65820051024e-08,8.10305955667e-09,5.87055204448e-09,1.55122614753e-09,1.89637833214e-10,7.15952991337e-11,6.90410706036e-12,1.73613489036e-12,8.79758071948e-13,1.12107250024e-13,2.65144555075e-14]},"barkbands_crest":{"dmean":2.24363064766,"dmean2":3.67917299271,"dvar":4.00449037552,"dvar2":11.5110731125,"max":24.0793075562,"mean":11.6063976288,"median":10.8856220245,"min":4.08544969559,"var":15.4733667374},"barkbands_flatness_db":{"dmean":0.0179750565439,"dmean2":0.0291551426053,"dvar":0.000243316171691,"dvar2":0.000683674472384,"max":0.469792485237,"mean":0.236571356654,"median":0.229516923428,"min":0.0582786910236,"var":0.00342231756076},"barkbands_kurtosis":{"dmean":3.48679089546,"dmean2":5.66138601303,"dvar":43.2710342407,"dvar2":130.272171021,"max":204.791122437,"mean":8.98284435272,"median":4.90890693665,"min":-1.92837953568,"var":203.662597656},"barkbands_skewness":{"dmean":0.456453859806,"dmean2":0.729247689247,"dvar":0.187497541308,"dvar2":0.518809735775,"max":11.6284923553,"mean":1.96164858341,"median":1.86544585228,"min":-6.60896253586,"var":1.93449747562},"barkbands_spread":{"dmean":1.51176476479,"dmean2":2.41281604767,"dvar":3.74293160439,"dvar2":10.0446405411,"max":107.985786438,"mean":7.98544979095,"median":6.61125087738,"min":0.387442618608,"var":42.8639640808},"dissonance":{"dmean":0.0292333774269,"dmean2":0.0494614653289,"dvar":0.000634867872577,"dvar2":0.0017954633804,"max":0.499633163214,"mean":0.424184411764,"median":0.428635150194,"min":0.223134219646,"var":0.00159915548284},"dynamic_complexity":3.14364218712,"erbbands":{"dmean":[0.00924833957106,0.0667541250587,0.297714591026,3.71376109123,11.212647438,9.59309673309,15.6510562897,19.8708209991,13.2142877579,7.59360980988,3.83379220963,9.48954772949,9.61658668518,7.91914749146,6.74114608765,3.9276573658,14.953669548,8.21978282928,7.86213064194,6.80043745041,2.00590586662,1.64830577374,0.988190531731,1.25578820705,0.795080125332,0.486132115126,0.168520882726,0.108566150069,0.0653413832188,0.0289613716304,0.0176117382944,0.00793146528304,0.00480918679386,0.00229374412447,0.00120576214977,0.000468112644739,0.000187990037375,4.96108150401e-05,9.06261448108e-06,7.15401029083e-06],"dmean2":[0.0156747829169,0.103863321245,0.48112642765,6.3092675209,18.3189754486,15.8323564529,25.502204895,30.5391941071,21.4998950958,10.6379890442,5.43755578995,12.815495491,12.8783636093,11.4523773193,10.007361412,6.03675842285,23.1574077606,12.6677465439,12.7051076889,10.9093532562,3.28213429451,2.62349939346,1.52628564835,1.98417234421,1.25609147549,0.794214487076,0.276796191931,0.171831458807,0.100855067372,0.0449369475245,0.0274675693363,0.0122643113136,0.00721191614866,0.00352438702248,0.0018362889532,0.000761731294915,0.000304355984554,7.56348890718e-05,1.45494213939e-05,1.15285665743e-05],"dvar":[0.00123918673489,0.0268489941955,0.409367799759,94.4970779419,356.588439941,254.59135437,567.73651123,848.002746582,491.592773438,146.8125,37.3404273987,327.644622803,342.350341797,248.793991089,195.436004639,95.3036346436,4192.90527344,435.804901123,491.567871094,257.758605957,16.4455242157,7.45104265213,2.49623966217,8.55852127075,4.21140098572,1.45339691639,0.113414235413,0.0452263690531,0.0149554330856,0.00260797468945,0.000910036615096,0.000189172744285,0.000145957485074,1.82623625733e-05,6.18065632807e-06,8.49420189297e-07,1.05608215506e-07,1.15252554167e-08,2.84533147044e-10,8.1459533563e-11],"dvar2":[0.00346495420672,0.0656270459294,1.08339214325,273.499206543,916.839294434,711.449279785,1615.1151123,2057.95410156,1284.5925293,278.142028809,68.5017089844,588.276367188,643.072509766,524.496337891,432.562530518,218.6847229,9327.95410156,1035.4309082,1349.11889648,614.909851074,43.6013412476,17.7873954773,5.3473906517,20.1494312286,9.65569877625,3.97708177567,0.311038553715,0.112981498241,0.0346147455275,0.00594990933314,0.00207674596459,0.000432301749242,0.000286093069008,4.11008477386e-05,1.23103200167e-05,2.18431409849e-06,2.80438257505e-07,2.39857840256e-08,6.99595437137e-10,2.23488172413e-10],"max":[1.03721892834,3.05540847778,13.5407819748,341.22769165,530.590698242,331.116882324,381.923858643,826.408752441,732.73223877,251.626068115,277.043609619,404.538146973,556.266418457,299.641326904,309.131225586,276.161315918,2137.52490234,648.092346191,353.9559021,431.616149902,79.3404312134,79.088394165,39.6710739136,121.768745422,62.2568817139,34.1400108337,9.05524158478,5.41013526917,3.29652023315,1.31550455093,0.79578435421,0.386987090111,0.397411823273,0.196119293571,0.0763762965798,0.0252796187997,0.00642438279465,0.0042018792592,0.000343719351804,0.000255585910054],"mean":[0.0255280695856,0.155072659254,0.724888145924,7.94634723663,23.3181800842,20.5621204376,36.1635742188,54.3302001953,31.429479599,22.7131404877,13.0862054825,23.8573131561,29.5219554901,19.7936935425,16.3702468872,10.1098203659,29.5632324219,19.6972160339,14.7788743973,13.3209600449,4.78466320038,4.43790864944,2.61537265778,3.05572843552,1.8607583046,1.1186093092,0.446690201759,0.299454987049,0.189181149006,0.0831317082047,0.0524645708501,0.0242210440338,0.014504628256,0.00756983133033,0.00394471967593,0.00140443386044,0.000532425707206,0.000139659357956,2.49364711635e-05,2.94111523544e-05],"median":[0.00120724143926,0.0160001385957,0.214954286814,1.90367698669,7.24848222733,10.9282579422,21.7347049713,32.2548904419,16.7410697937,11.8081970215,7.18930482864,12.0638666153,9.35054397583,9.11834716797,5.83213233948,4.64677047729,6.13125896454,5.53437519073,4.97942352295,5.38153743744,2.50908327103,2.41932868958,1.41173326969,1.18659067154,0.571775257587,0.396465927362,0.164754867554,0.106427431107,0.0844038054347,0.0417055413127,0.0289886593819,0.0145332179964,0.0071190809831,0.00374492350966,0.00186361011583,0.000791508471593,0.000337116682203,6.33678573649e-05,1.43398192449e-05,2.37039857893e-05],"min":[1.24057717459e-22,8.91051638201e-22,2.55078973924e-21,3.68617368789e-21,1.13498687773e-20,1.98128610608e-20,4.17926509832e-20,3.43707115448e-20,2.10524884671e-19,3.11328035098e-19,2.45009294776e-19,3.75862210797e-19,6.15921062251e-19,6.72042475078e-19,1.25752142963e-18,1.17057161576e-18,1.88914382747e-18,1.76456525735e-18,2.5374706208e-18,2.70365575536e-18,4.00634920805e-18,2.53944530772e-18,5.71544745583e-18,7.97256361277e-18,7.15642751576e-18,1.04164224104e-17,1.12148725588e-17,1.0477222667e-17,1.13682756849e-17,1.05597397234e-17,1.02880878199e-17,1.11107619525e-17,9.5684803917e-18,9.05292104977e-18,6.81568245654e-18,4.50342189046e-18,2.52723364034e-18,9.78197736216e-19,2.6249780578e-19,2.9367625932e-20],"var":[0.00647774105892,0.108717001975,1.951562047,608.008789062,2573.56640625,842.375976562,1826.93164062,4766.87109375,2392.3605957,953.240722656,390.776092529,1209.14318848,2805.80883789,939.667907715,728.485778809,300.60949707,8702.61425781,1812.46740723,871.642089844,667.873718262,46.2956047058,37.288974762,12.7342061996,41.4188041687,11.681722641,3.85064721107,0.429643422365,0.215177580714,0.0923750400543,0.0121562695131,0.0046258000657,0.000917774741538,0.000651437439956,0.000147495899,4.03633384849e-05,2.98947338706e-06,3.61833599527e-07,6.26159888384e-08,9.65354129967e-10,7.39072303357e-10]},"erbbands_crest":{"dmean":2.41322135925,"dmean2":3.84398722649,"dvar":4.96368837357,"dvar2":12.624994278,"max":28.6732463837,"mean":11.4763784409,"median":10.5771999359,"min":2.39233160019,"var":18.8883953094},"erbbands_flatness_db":{"dmean":0.0130873518065,"dmean2":0.0205321442336,"dvar":0.000142403805512,"dvar2":0.000363616563845,"max":0.441303282976,"mean":0.249610826373,"median":0.247366636992,"min":0.0370791405439,"var":0.00145010300912},"erbbands_kurtosis":{"dmean":1.41041779518,"dmean2":2.24123954773,"dvar":13.0466070175,"dvar2":30.5893783569,"max":94.8538818359,"mean":1.88121008873,"median":0.514060020447,"min":-1.60194289684,"var":32.0656280518},"erbbands_skewness":{"dmean":0.346758067608,"dmean2":0.548946261406,"dvar":0.122376523912,"dvar2":0.30101275444,"max":8.33731174469,"mean":0.894479572773,"median":0.83017039299,"min":-2.28626990318,"var":1.00453150272},"erbbands_spread":{"dmean":3.31195402145,"dmean2":5.26490116119,"dvar":12.2857055664,"dvar2":29.4005756378,"max":137.842681885,"mean":20.1363525391,"median":19.7923774719,"min":1.61000716686,"var":72.3157958984},"gfcc":{"cov":[[21328.5820312,2567.59350586,-3621.83837891,-92.9264678955,-879.69342041,-396.483032227,-559.505004883,-288.246490479,-223.283599854,60.8404388428,105.737113953,143.91317749,84.021232605],[2567.59350586,1561.72277832,280.057922363,88.1029281616,196.28137207,-21.3733463287,39.4040794373,-55.1262702942,126.726554871,-139.42666626,73.3596878052,-20.1843357086,51.0371437073],[-3621.83837891,280.057922363,1345.14257812,165.191864014,324.091339111,97.358001709,177.747680664,87.6389923096,139.368270874,-121.651695251,-40.4952430725,-31.9328861237,5.64213418961],[-92.9264678955,88.1029281616,165.191864014,168.912155151,71.7955245972,50.081905365,53.7992630005,52.2087173462,41.5360641479,11.5272779465,15.8988656998,12.5869188309,8.3310508728],[-879.69342041,196.28137207,324.091339111,71.7955245972,257.065093994,103.445274353,94.416343689,28.3519573212,71.5867996216,-18.8003482819,35.6122741699,-1.40918934345,-4.54465341568],[-396.483032227,-21.3733463287,97.358001709,50.081905365,103.445274353,144.380722046,88.7479858398,46.5447158813,29.3844146729,23.5405445099,8.7919626236,3.07660341263,-1.34051966667],[-559.505004883,39.4040794373,177.747680664,53.7992630005,94.416343689,88.7479858398,181.939605713,93.5093002319,56.231803894,7.84686231613,15.8169975281,8.95233154297,18.9959831238],[-288.246490479,-55.1262702942,87.6389923096,52.2087173462,28.3519573212,46.5447158813,93.5093002319,135.937316895,62.640296936,25.0451145172,2.58561944962,18.0000362396,7.70629262924],[-223.283599854,126.726554871,139.368270874,41.5360641479,71.5867996216,29.3844146729,56.231803894,62.640296936,125.779403687,31.1052112579,36.5944061279,18.3349647522,19.3948497772],[60.8404388428,-139.42666626,-121.651695251,11.5272779465,-18.8003482819,23.5405445099,7.84686231613,25.0451145172,31.1052112579,126.628646851,56.7600593567,27.3749294281,12.7968730927],[105.737113953,73.3596878052,-40.4952430725,15.8988656998,35.6122741699,8.7919626236,15.8169975281,2.58561944962,36.5944061279,56.7600593567,117.166732788,45.2788925171,23.5735149384],[143.91317749,-20.1843357086,-31.9328861237,12.5869188309,-1.40918934345,3.07660341263,8.95233154297,18.0000362396,18.3349647522,27.3749294281,45.2788925171,80.5720901489,38.6393737793],[84.021232605,51.0371437073,5.64213418961,8.3310508728,-4.54465341568,-1.34051966667,18.9959831238,7.70629262924,19.3948497772,12.7968730927,23.5735149384,38.6393737793,74.1002655029]],"icov":[[0.000401162571507,-0.00106694502756,0.00115501030814,-0.000661519297864,0.000701805518474,-0.000211578735616,0.000270109332632,-0.000307948183035,0.000291108881356,-0.000323644955643,0.000956862175371,-0.00110755267087,0.000521242851391],[-0.00106694502756,0.00396925210953,-0.00285810488276,0.00111513235606,-0.00229415507056,0.000962040969171,-0.000902702799067,0.00177392584737,-0.00235174898989,0.00281154271215,-0.00364616815932,0.00393882906064,-0.00227212230675],[0.00115501030814,-0.00285810488276,0.00477964244783,-0.00274699390866,0.000511833059136,9.71063345787e-05,0.000157383765327,-0.0006428269553,-0.000362309248885,0.000377489981474,0.00339572364464,-0.00279040588066,0.00106786598917],[-0.000661519297864,0.00111513235606,-0.00274699390866,0.00940798409283,-0.00174778327346,-0.00112359633204,0.000342302955687,-0.00242786598392,0.000674003735185,-0.00112261681352,-0.00156128418166,0.000901113147847,-0.000785051262937],[0.000701805518474,-0.00229415507056,0.000511833059136,-0.00174778327346,0.011538635008,-0.00622074492276,-0.000765923992731,0.00200866279192,-0.00235852296464,0.00178142799996,-0.0018206636887,-0.00197269464843,0.00344200409018],[-0.000211578735616,0.000962040969171,9.71063345787e-05,-0.00112359633204,-0.00622074492276,0.0144439451396,-0.0049491757527,-3.25208020513e-05,0.00141055660788,-0.00339306751266,0.00235814857297,0.000113966518256,0.000255277729593],[0.000270109332632,-0.000902702799067,0.000157383765327,0.000342302955687,-0.000765923992731,-0.0049491757527,0.0131172901019,-0.0079299621284,0.00124978087842,0.000882591237314,-0.00143272220157,0.00157051207498,-0.00325217237696],[-0.000307948183035,0.00177392584737,-0.0006428269553,-0.00242786598392,0.00200866279192,-3.25208020513e-05,-0.0079299621284,0.0175411105156,-0.0078498525545,0.00030168669764,0.00216312147677,-0.00258580828086,0.00244324305095],[0.000291108881356,-0.00235174898989,-0.000362309248885,0.000674003735185,-0.00235852296464,0.00141055660788,0.00124978087842,-0.0078498525545,0.0172842275351,-0.00608962867409,-0.000206214928767,-0.000972072593868,-0.00128143106122],[-0.000323644955643,0.00281154271215,0.000377489981474,-0.00112261681352,0.00178142799996,-0.00339306751266,0.000882591237314,0.00030168669764,-0.00608962867409,0.0174325015396,-0.00891469884664,0.00293518230319,-0.00179293972906],[0.000956862175371,-0.00364616815932,0.00339572364464,-0.00156128418166,-0.0018206636887,0.00235814857297,-0.00143272220157,0.00216312147677,-0.000206214928767,-0.00891469884664,0.0199177656323,-0.0106688858941,0.00223698979244],[-0.00110755267087,0.00393882906064,-0.00279040588066,0.000901113147847,-0.00197269464843,0.000113966518256,0.00157051207498,-0.00258580828086,-0.000972072593868,0.00293518230319,-0.0106688858941,0.0253000706434,-0.0116495480761],[0.000521242851391,-0.00227212230675,0.00106786598917,-0.000785051262937,0.00344200409018,0.000255277729593,-0.00325217237696,0.00244324305095,-0.00128143106122,-0.00179293972906,0.00223698979244,-0.0116495480761,0.0212794374675]],"mean":[-100.424209595,155.237792969,-127.069534302,-1.98660254478,-54.7096824646,-19.0414619446,-44.9546966553,-16.391418457,-25.8822174072,-10.7153587341,-15.0464296341,-7.4026722908,-6.45253944397]},"hfc":{"dmean":2.15167093277,"dmean2":3.36919975281,"dvar":6.45239830017,"dvar2":15.3883543015,"max":70.94972229,"mean":10.6483335495,"median":9.03481674194,"min":1.12674572575e-16,"var":56.2432479858},"melbands":{"dmean":[7.87879835116e-05,0.00012067607895,0.000937177566811,0.000678653013892,0.000517165346537,0.000444255449111,0.000196490713279,7.25572099327e-05,3.51515845978e-05,5.98590886511e-05,4.77211506222e-05,3.15814177156e-05,3.07511945721e-05,7.86433247413e-06,2.6638575946e-05,2.46356830758e-05,1.53142427735e-05,1.17276040328e-05,1.0180305253e-05,6.16511761109e-06,2.31732065004e-06,1.90757964447e-06,1.56993041855e-06,1.0748473187e-06,1.11833310257e-06,6.98345161254e-07,4.54788363413e-07,2.93725719303e-07,1.51276012161e-07,6.39066684016e-08,8.35401579025e-08,4.38703544603e-08,3.00347409166e-08,1.70768608143e-08,1.19110215024e-08,8.66352767304e-09,4.31353264219e-09,4.34143920813e-09,3.01996094798e-09,1.89648141635e-09],"dmean2":[0.000130057160277,0.000192482912098,0.00156868179329,0.00111456855666,0.000845733156893,0.000692580011673,0.000316629040753,0.000102989230072,4.89235426357e-05,8.00335474196e-05,6.39325226075e-05,4.58525828435e-05,4.49878207291e-05,1.1921965779e-05,4.1691284423e-05,3.84733575629e-05,2.32576458075e-05,1.89723305084e-05,1.64080975082e-05,1.00909901448e-05,3.73406760446e-06,3.02423836729e-06,2.49188087764e-06,1.68245060195e-06,1.77050844741e-06,1.09517793589e-06,7.23142818515e-07,4.83347434965e-07,2.49872812219e-07,1.03988256228e-07,1.33691941073e-07,6.83260523715e-08,4.75283812307e-08,2.64122252958e-08,1.86310433747e-08,1.34311779476e-08,6.88849954855e-09,6.53369358616e-09,4.74302241926e-09,2.93900703774e-09],"dvar":[6.08783423672e-08,6.59132624037e-08,3.77749233849e-06,1.10704195322e-06,5.81085203066e-07,4.01215885404e-07,1.05226384051e-07,1.28182149339e-08,3.64415897458e-09,1.22071153186e-08,8.41116598593e-09,4.21103418802e-09,4.38029923444e-09,2.27941068798e-10,1.27335901823e-08,7.63916219171e-09,1.66725466766e-09,1.05165331998e-09,4.49837833649e-10,2.05826772293e-10,2.17784349582e-11,9.74889613481e-12,9.54982360551e-12,4.75128877214e-12,7.38932005862e-12,3.03112916711e-12,1.16450349797e-12,5.43632847072e-13,1.20216892539e-13,2.06813665043e-14,2.94372748291e-14,7.10849276984e-15,3.77300789014e-15,1.12695912511e-15,5.28150241843e-16,2.1005264333e-16,6.21268028041e-17,1.59144163255e-16,3.56668534168e-17,1.24309289753e-17],"dvar2":[1.69779752923e-07,1.56540878038e-07,1.02772692117e-05,2.95424524666e-06,1.67083010183e-06,1.02727983631e-06,2.65375120989e-07,2.57707739593e-08,6.52496590092e-09,2.15988880115e-08,1.57433621695e-08,8.95860008399e-09,9.46794731504e-09,5.42479672294e-10,2.85219581286e-08,1.7236619243e-08,3.75357522842e-09,2.87322210468e-09,1.15616649587e-09,5.08804220978e-10,5.62591882802e-11,2.4077200303e-11,2.16406337294e-11,1.0737074424e-11,1.76056738632e-11,6.82711352729e-12,2.9181776353e-12,1.49692237772e-12,3.33699322515e-13,5.199025211e-14,7.33614829041e-14,1.68580156345e-14,9.16346076845e-15,2.35319728791e-15,1.18090813583e-15,4.73171715517e-16,1.52503107311e-16,3.05399423198e-16,8.3712769103e-17,2.7965014438e-17],"max":[0.00680418778211,0.00619705580175,0.0633119046688,0.0357025973499,0.0113660311326,0.0168111175299,0.0112964939326,0.00229204352945,0.00228931265883,0.00216408958659,0.00275579793379,0.00128261826467,0.00143263640348,0.000291798409307,0.00364863011055,0.00284923776053,0.00144553894643,0.000496594817378,0.000410514243413,0.000357500743121,0.000106687351945,6.41669976176e-05,8.86505149538e-05,5.62965324207e-05,0.000113857218821,5.33537822776e-05,2.28263870667e-05,1.96725304704e-05,8.68162715051e-06,4.36541358795e-06,3.99352438762e-06,2.56109001384e-06,1.35604068419e-06,1.059443548e-06,7.12884911991e-07,4.14412738792e-07,1.66102338994e-07,4.53203341522e-07,2.4242501695e-07,1.28604838778e-07],"mean":[0.000211529622902,0.000284434674541,0.0019641155377,0.0015424246667,0.00120531616267,0.00120415037964,0.000472975661978,0.000213033606997,0.00010879693582,0.000153438915731,0.000143616212881,7.5425603427e-05,7.21666001482e-05,1.86587149074e-05,5.42480775039e-05,4.88089281134e-05,3.62593455066e-05,2.13742932829e-05,2.00026152015e-05,1.13338346637e-05,4.86735962113e-06,4.63632886749e-06,3.51963490175e-06,2.30674663726e-06,2.49680238085e-06,1.46103548104e-06,1.02023886939e-06,6.19376294253e-07,3.23382010947e-07,1.49479973288e-07,1.95833152361e-07,1.16211268164e-07,6.88211656552e-08,4.04717397373e-08,3.18942987576e-08,2.2249285081e-08,1.13707150362e-08,1.07976374508e-08,8.38531644121e-09,5.5817164224e-09],"median":[1.36014332384e-05,6.23071027803e-05,0.000519966124557,0.000698274816386,0.000788356584962,0.000730975298211,0.00025662407279,0.000112336827442,5.5528467783e-05,7.0221722126e-05,4.22737030021e-05,3.22830601363e-05,2.01515795197e-05,8.38600408315e-06,1.1079725482e-05,1.28194915305e-05,7.99845656729e-06,6.56535485177e-06,8.38046071294e-06,4.50604693469e-06,2.31649414673e-06,2.4452310754e-06,1.59973433256e-06,9.10564153855e-07,7.76639922151e-07,4.94454752697e-07,2.73281443697e-07,2.04513526114e-07,9.81031220704e-08,6.31534788909e-08,5.83713237745e-08,4.83016293629e-08,3.02943590214e-08,1.86220141529e-08,1.60006337069e-08,1.26613173279e-08,6.78528788711e-09,4.82368367472e-09,3.99573796273e-09,2.63994515137e-09],"min":[1.69093597212e-24,1.18273422482e-24,7.22899561074e-25,1.04653019118e-24,1.84416687814e-24,8.5627991641e-25,3.56872153824e-24,3.0423497605e-24,1.96122003141e-24,2.50465191231e-24,2.48667298342e-24,2.64439053584e-24,2.95846347513e-24,3.55047439664e-24,2.76374972675e-24,2.92106949607e-24,3.00732985833e-24,3.60598535525e-24,3.89370422663e-24,3.66495704665e-24,4.50395519e-24,2.17017804394e-24,3.31771704225e-24,5.55950393486e-24,5.12067323506e-24,3.98374599364e-24,6.28782055447e-24,6.13892463633e-24,5.05092491484e-24,5.28201619499e-24,5.18796307028e-24,5.18583945672e-24,6.45841290851e-24,5.49948345289e-24,4.49119181498e-24,6.90771494797e-24,6.32799684594e-24,6.08934433401e-24,6.78677941576e-24,6.74138599269e-24],"var":[3.08042984898e-07,3.18755866147e-07,2.58203126577e-05,7.64086780691e-06,1.74938747932e-06,2.16034777623e-06,5.31018599759e-07,7.85879095133e-08,2.78140124266e-08,5.10544246879e-08,6.95809916351e-08,1.5688183197e-08,1.70299738755e-08,7.82611475625e-10,2.86973573793e-08,1.63758286931e-08,8.01793298422e-09,1.87741799884e-09,1.06883180084e-09,4.86085671714e-10,6.09345005009e-11,3.82459793002e-11,4.08660605355e-11,1.80524761806e-11,3.33262965835e-11,8.02583954157e-12,3.3709241995e-12,1.40235522847e-12,3.29213517341e-13,6.52958996551e-14,1.12734555848e-13,3.9764120951e-14,1.3646721455e-14,3.94971886821e-15,2.27033607809e-15,8.87946756189e-16,2.13594299841e-16,5.58100268067e-16,1.87248292928e-16,8.73998969049e-17]},"melbands_crest":{"dmean":2.8474316597,"dmean2":4.72084093094,"dvar":6.35406303406,"dvar2":18.6972827911,"max":33.094745636,"mean":14.3169288635,"median":13.4343271255,"min":1.61399447918,"var":26.1743202209},"melbands_flatness_db":{"dmean":0.0196946877986,"dmean2":0.0318606719375,"dvar":0.000293901975965,"dvar2":0.0008260536124,"max":0.602952301502,"mean":0.310360461473,"median":0.309239923954,"min":0.00364518887363,"var":0.00661208387464},"melbands_kurtosis":{"dmean":4.47463321686,"dmean2":7.24492168427,"dvar":82.747467041,"dvar2":209.937896729,"max":265.525146484,"mean":11.8699169159,"median":7.95555496216,"min":-1.63249862194,"var":283.177703857},"melbands_skewness":{"dmean":0.494357645512,"dmean2":0.788904070854,"dvar":0.224843844771,"dvar2":0.612143099308,"max":12.6128768921,"mean":2.28581142426,"median":2.19795560837,"min":-1.15565598011,"var":1.46845984459},"melbands_spread":{"dmean":2.27633905411,"dmean2":3.66205644608,"dvar":13.4937915802,"dvar2":33.5489768982,"max":157.802841187,"mean":11.5793962479,"median":7.99618339539,"min":0.441305577755,"var":225.904708862},"mfcc":{"cov":[[7659.83740234,1800.65039062,-1391.3848877,-174.421844482,-455.904846191,-203.935974121,-283.655975342,-165.703979492,-165.903518677,-29.2643356323,-12.8999681473,-80.7973175049,-36.1644897461],[1800.65039062,1903.30407715,196.032104492,178.878204346,175.857299805,34.6333084106,-41.4890022278,104.743728638,30.5497817993,1.06768786907,4.75887680054,48.6588783264,-32.0977554321],[-1391.3848877,196.032104492,729.9296875,222.800628662,193.523162842,68.1633224487,73.2151947021,133.639083862,121.869178772,7.56394195557,7.49622106552,51.0774917603,15.6154165268],[-174.421844482,178.878204346,222.800628662,181.002059937,92.7370071411,25.6954917908,31.4163246155,65.8095245361,50.4123039246,9.99096488953,28.5023021698,26.2996101379,4.11593723297],[-455.904846191,175.857299805,193.523162842,92.7370071411,205.053833008,81.7917022705,31.919095993,64.7535247803,32.1233062744,16.4037284851,31.329826355,45.9518928528,-5.3717713356],[-203.935974121,34.6333084106,68.1633224487,25.6954917908,81.7917022705,130.058700562,66.0969543457,32.373790741,31.5224514008,24.3748435974,23.2331848145,26.4681282043,13.6576900482],[-283.655975342,-41.4890022278,73.2151947021,31.4163246155,31.919095993,66.0969543457,135.606735229,61.2375259399,45.7553520203,32.1463394165,21.7702674866,22.9374275208,15.8791904449],[-165.703979492,104.743728638,133.639083862,65.8095245361,64.7535247803,32.373790741,61.2375259399,151.697692871,82.1300888062,27.7571029663,37.1036643982,28.673576355,-19.3903980255],[-165.903518677,30.5497817993,121.869178772,50.4123039246,32.1233062744,31.5224514008,45.7553520203,82.1300888062,134.18850708,43.5668258667,28.1020374298,23.6052951813,10.0829296112],[-29.2643356323,1.06768786907,7.56394195557,9.99096488953,16.4037284851,24.3748435974,32.1463394165,27.7571029663,43.5668258667,100.188308716,50.2224998474,15.3344259262,5.29658508301],[-12.8999681473,4.75887680054,7.49622106552,28.5023021698,31.329826355,23.2331848145,21.7702674866,37.1036643982,28.1020374298,50.2224998474,114.838096619,45.8778762817,-13.0971784592],[-80.7973175049,48.6588783264,51.0774917603,26.2996101379,45.9518928528,26.4681282043,22.9374275208,28.673576355,23.6052951813,15.3344259262,45.8778762817,94.0010070801,29.9579772949],[-36.1644897461,-32.0977554321,15.6154165268,4.11593723297,-5.3717713356,13.6576900482,15.8791904449,-19.3903980255,10.0829296112,5.29658508301,-13.0971784592,29.9579772949,114.287208557]],"icov":[[0.000573340395931,-0.000668958819006,0.00128150277305,-0.000868049275596,0.00119123607874,-0.00033365492709,0.000582692853641,-0.000213928913581,-0.000241977890255,6.1287675635e-05,-3.02706066577e-05,-7.00840682839e-05,-0.000138269038871],[-0.000668958819006,0.00142458698247,-0.00138136453461,0.000392481277231,-0.00165571831167,0.000232320322539,-0.000110638902697,-0.000192737526959,0.000456797046354,-0.000266113725957,0.000494260457344,-0.000261940294877,0.000337442848831],[0.00128150277305,-0.00138136453461,0.00564448116347,-0.00433482322842,0.00113604508806,-0.00044396717567,0.000990165048279,-0.000831877812743,-0.00190614990424,0.00058234721655,0.00114638637751,-0.000516401836649,-0.00036189777893],[-0.000868049275596,0.000392481277231,-0.00433482322842,0.0122117986903,-0.00418391544372,0.00230131763965,-0.00199868367054,-0.000282063760096,-0.000478620466311,0.00114466331434,-0.0028595586773,0.0016131818993,-0.0010151793249],[0.00119123607874,-0.00165571831167,0.00113604508806,-0.00418391544372,0.013155980967,-0.00678146025166,0.00362037913874,-0.00257654581219,0.00181744527072,-0.000811520090792,0.000341791135725,-0.00302836042829,0.00110625464004],[-0.00033365492709,0.000232320322539,-0.00044396717567,0.00230131763965,-0.00678146025166,0.0145605597645,-0.00671974522993,0.00229311175644,-0.00164536619559,1.88383910427e-05,-0.00110039312858,0.000591037620325,-0.000935366668273],[0.000582692853641,-0.000110638902697,0.000990165048279,-0.00199868367054,0.00362037913874,-0.00671974522993,0.0136734852567,-0.00500063132495,0.000460033566924,-0.00212518591434,0.000939990684856,-0.000930685549974,-0.00127544882707],[-0.000213928913581,-0.000192737526959,-0.000831877812743,-0.000282063760096,-0.00257654581219,0.00229311175644,-0.00500063132495,0.0141976438463,-0.00637806998566,0.00101722334512,-0.00140136969276,-0.000989873195067,0.00332491402514],[-0.000241977890255,0.000456797046354,-0.00190614990424,-0.000478620466311,0.00181744527072,-0.00164536619559,0.000460033566924,-0.00637806998566,0.0141855208203,-0.00444321101531,0.000530537159648,-0.000522428541444,-0.00138244114351],[6.1287675635e-05,-0.000266113725957,0.00058234721655,0.00114466331434,-0.000811520090792,1.88383910427e-05,-0.00212518591434,0.00101722334512,-0.00444321101531,0.01544483006,-0.00689864298329,0.00260966923088,-0.00154709885828],[-3.02706066577e-05,0.000494260457344,0.00114638637751,-0.0028595586773,0.000341791135725,-0.00110039312858,0.000939990684856,-0.00140136969276,0.000530537159648,-0.00689864298329,0.0162831880152,-0.00802463386208,0.00409721583128],[-7.00840682839e-05,-0.000261940294877,-0.000516401836649,0.0016131818993,-0.00302836042829,0.000591037620325,-0.000930685549974,-0.000989873195067,-0.000522428541444,0.00260966923088,-0.00802463386208,0.0179292503744,-0.00602912949398],[-0.000138269038871,0.000337442848831,-0.00036189777893,-0.0010151793249,0.00110625464004,-0.000935366668273,-0.00127544882707,0.00332491402514,-0.00138244114351,-0.00154709885828,0.00409721583128,-0.00602912949398,0.0120356269181]],"mean":[-734.943603516,189.935058594,-19.4147472382,15.9771738052,-5.19275093079,-6.40085124969,-16.7056484222,-12.2647476196,-14.640668869,-8.65548610687,-11.2468080521,-12.5618638992,-9.00016975403]},"pitch_salience":{"dmean":0.0608051754534,"dmean2":0.100502453744,"dvar":0.00284317112528,"dvar2":0.0081096207723,"max":0.850627362728,"mean":0.543368160725,"median":0.545818448067,"min":0.128952428699,"var":0.0108873546124},"silence_rate_20dB":{"dmean":0,"dmean2":0,"dvar":0,"dvar2":0,"max":1,"mean":1,"median":1,"min":1,"var":0},"silence_rate_30dB":{"dmean":0.00507515110075,"dmean2":0.0101522840559,"dvar":0.00505029829219,"dvar2":0.0127860521898,"max":1,"mean":0.974824368954,"median":1,"min":0,"var":0.0245412420481},"silence_rate_60dB":{"dmean":0.00312316999771,"dmean2":0.00624755956233,"dvar":0.00311327772215,"dvar2":0.00816088821739,"max":1,"mean":0.0595238097012,"median":0,"min":0,"var":0.055981144309},"spectral_centroid":{"dmean":82.8792190552,"dmean2":131.475631714,"dvar":29293.5019531,"dvar2":45023.046875,"max":11770.8710938,"mean":695.180969238,"median":494.004333496,"min":170.352813721,"var":1051501},"spectral_complexity":{"dmean":1.47647857666,"dmean2":2.50019526482,"dvar":1.65449440479,"dvar2":4.24681997299,"max":28,"mean":12.0507411957,"median":12,"min":0,"var":18.4053401947},"spectral_contrast_coeffs":{"dmean":[0.0487239360809,0.0386340692639,0.0301680527627,0.0255560465157,0.0176972504705,0.0119500840083],"dmean2":[0.0816171914339,0.0639103129506,0.0477864332497,0.0418726578355,0.0288454871625,0.0197295881808],"dvar":[0.00144749786705,0.000951957306825,0.000558014260605,0.000416486116592,0.000191991814063,9.32534385356e-05],"dvar2":[0.00422978401184,0.0026865657419,0.00136432237923,0.00107500806917,0.000506735115778,0.00025142665254],"max":[-0.245238125324,-0.377000749111,-0.48072078824,-0.503797292709,-0.615456521511,-0.669261276722],"mean":[-0.504659533501,-0.649360001087,-0.710451126099,-0.724546194077,-0.750991165638,-0.771214425564],"median":[-0.496570378542,-0.645681679249,-0.711422741413,-0.730993390083,-0.747437775135,-0.766120493412],"min":[-0.981881558895,-0.976824939251,-0.972437500954,-0.969555318356,-0.966099083424,-0.965324699879],"var":[0.0126945460215,0.00710111577064,0.00533911818638,0.0055651506409,0.00267449743114,0.00170149549376]},"spectral_contrast_valleys":{"dmean":[0.361126035452,0.268178313971,0.235495224595,0.195458993316,0.151394084096,0.147496908903],"dmean2":[0.608284533024,0.448506057262,0.389671266079,0.325429409742,0.249302849174,0.241434827447],"dvar":[0.120842590928,0.0775222480297,0.0671277716756,0.0589455850422,0.054627571255,0.0491503067315],"dvar2":[0.265644729137,0.144716352224,0.113681435585,0.0904746353626,0.0763849467039,0.0730244591832],"max":[-5.87702178955,-4.99886369705,-6.13251161575,-7.12424230576,-7.88216924667,-10.9647321701],"mean":[-8.56067752838,-7.11376285553,-8.10042953491,-8.88941192627,-9.43063163757,-12.4720315933],"median":[-8.37125682831,-6.71541881561,-7.75022172928,-8.49818992615,-9.14045715332,-12.2685871124],"min":[-28.1394062042,-28.1362304688,-27.6028060913,-27.7355670929,-27.5573368073,-27.3897705078],"var":[5.20327711105,5.14636850357,4.68442583084,4.30168199539,3.8798995018,2.52189254761]},"spectral_decrease":{"dmean":1.66437563731e-09,"dmean2":2.6913036244e-09,"dvar":4.58812435801e-18,"dvar2":1.26273181963e-17,"max":2.70839658387e-16,"mean":-6.63285204539e-09,"median":-5.26896393183e-09,"min":-6.10894161923e-08,"var":4.12625251199e-17},"spectral_energy":{"dmean":0.00645638583228,"dmean2":0.0104349199682,"dvar":6.80458761053e-05,"dvar2":0.000186973804375,"max":0.234392553568,"mean":0.0259997081012,"median":0.0207895729691,"min":1.01877090972e-20,"var":0.00061331311008},"spectral_energyband_high":{"dmean":5.97817279413e-06,"dmean2":9.44292878557e-06,"dvar":1.30504190787e-10,"dvar2":3.50511314418e-10,"max":0.000260039581917,"mean":2.31137892115e-05,"median":1.07605501398e-05,"min":7.23829403335e-21,"var":8.47582781738e-10},"spectral_energyband_low":{"dmean":0.00119219289627,"dmean2":0.00199764291756,"dvar":1.03063239294e-05,"dvar2":3.13174859912e-05,"max":0.104359790683,"mean":0.00311417831108,"median":0.000814145780168,"min":1.33452545969e-23,"var":5.39768552699e-05},"spectral_energyband_middle_high":{"dmean":0.000714857771527,"dmean2":0.00106824736577,"dvar":2.08243841371e-06,"dvar2":4.57481746707e-06,"max":0.0505937337875,"mean":0.00273592537269,"median":0.00166640197858,"min":1.11654004325e-21,"var":1.07121040855e-05},"spectral_energyband_middle_low":{"dmean":0.00614023674279,"dmean2":0.00994090829045,"dvar":6.47457491141e-05,"dvar2":0.000178051064722,"max":0.222374036908,"mean":0.0219969190657,"median":0.0165000967681,"min":1.77832913864e-22,"var":0.000567013921682},"spectral_entropy":{"dmean":0.138773649931,"dmean2":0.225551024079,"dvar":0.0170607566833,"dvar2":0.0469205118716,"max":9.81855583191,"mean":6.4138584137,"median":6.41625452042,"min":4.34204292297,"var":0.337979465723},"spectral_flux":{"dmean":0.0142468241975,"dmean2":0.023560943082,"dvar":0.000201525457669,"dvar2":0.000556299695745,"max":0.196840465069,"mean":0.0576693117619,"median":0.0550346970558,"min":6.52825848935e-11,"var":0.000780608912464},"spectral_kurtosis":{"dmean":7.17977142334,"dmean2":12.5825519562,"dvar":54.8440170288,"dvar2":158.09463501,"max":229.47819519,"mean":20.6897068024,"median":16.2038726807,"min":-1.23553717136,"var":257.167694092},"spectral_rms":{"dmean":0.000590270559769,"dmean2":0.00095447327476,"dvar":3.33369342798e-07,"dvar2":9.68070480667e-07,"max":0.0151220262051,"mean":0.00460688769817,"median":0.00450361054391,"min":3.15265413602e-12,"var":4.14215583078e-06},"spectral_rolloff":{"dmean":134.76423645,"dmean2":242.528060913,"dvar":321883.09375,"dvar2":1008458.25,"max":21339.4042969,"mean":999.187133789,"median":559.86328125,"min":172.265625,"var":5166806},"spectral_skewness":{"dmean":0.510201156139,"dmean2":0.890030503273,"dvar":0.208642989397,"dvar2":0.616360604763,"max":12.9079990387,"mean":3.12465643883,"median":2.92414999008,"min":-0.118926361203,"var":1.44887506962},"spectral_spread":{"dmean":254920.4375,"dmean2":435109.4375,"dvar":402840387584,"dvar2":716935266304,"max":42049376,"mean":2628809.5,"median":2162711,"min":606076.75,"var":14342535774200.0},"spectral_strongpeak":{"dmean":0.408961713314,"dmean2":0.692865490913,"dvar":0.374808162451,"dvar2":0.950323998928,"max":9.90386295319,"mean":1.01429855824,"median":0.773267745972,"min":1.07262199123e-10,"var":0.830633223057},"zerocrossingrate":{"dmean":0.0033753644675,"dmean2":0.0044677448459,"dvar":4.74318949273e-05,"dvar2":6.04879496677e-05,"max":0.7490234375,"mean":0.0355165526271,"median":0.0244140625,"min":0.00732421875,"var":0.00400276947767}},"metadata":{"audio_properties":{"analysis_sample_rate":44100,"bit_rate":240833,"codec":"mp3","downmix":"mix","equal_loudness":0,"length":118.935508728,"lossless":false,"md5_encoded":"93ef63309e981ecf5b05e8083f73cc9e","replay_gain":-8.68421363831,"sample_rate":44100},"tags":{"acoustid_id":["a89edef6-096a-49dd-b904-1900a84d402e"],"album":["Journey"],"albumartist":["Austin Wintory"],"albumartistsort":["Wintory, Austin"],"artist":["Austin Wintory"],"artistsort":["Wintory, Austin"],"artistwebpage":["http://austinwintory.com/"],"date":["2012"],"discnumber":["1/1"],"file_name":"14 The Crossing.mp3","media":["Digital Media"],"musicbrainz album release country":["XW"],"musicbrainz album status":["official"],"musicbrainz album type":["album/soundtrack"],"musicbrainz_albumartistid":["78f15956-c5e1-46d6-a46b-fa6f46681ec8"],"musicbrainz_albumid":["1f3abcda-15a7-4465-92c6-9926cdc4f247"],"musicbrainz_artistid":["78f15956-c5e1-46d6-a46b-fa6f46681ec8"],"musicbrainz_recordingid":["1b80db9f-a903-476d-b72f-66f85bedc19e"],"musicbrainz_releasegroupid":["d1850227-c7c7-42c8-b469-6e99023412de"],"originaldate":["2012"],"script":["Latn"],"title":["The Crossing"],"tracknumber":["14/18"]},"version":{"essentia":"2.1-beta2","essentia_build_sha":"26c37b627ab5a2028d412893e0969599b764ad4d","essentia_git_sha":"v2.1_beta2","extractor":"music 1.0"}},"rhythm":{"beats_count":227,"beats_loudness":{"dmean":0.01352200564,"dmean2":0.0215707737952,"dvar":0.000354523450369,"dvar2":0.000767245714087,"max":0.200500816107,"mean":0.028674243018,"median":0.0223021823913,"min":0,"var":0.000847052258905},"beats_loudness_band_ratio":{"dmean":[0.137096330523,0.14710059762,0.0918055772781,0.0551175363362,0.0198366735131,0.0112821068615],"dmean2":[0.228288918734,0.24181060493,0.150757536292,0.0939931049943,0.0335219986737,0.017162412405],"dvar":[0.0186033789068,0.0139886662364,0.0081330