{"lowlevel":{"average_loudness":0.351818501949,"barkbands":{"dmean":[0.000180697476026,0.00390745699406,0.00363124278374,0.00328384921886,0.00280394474976,0.00215600710362,0.000686503946781,0.000304376793792,0.000449094746727,0.000255345657934,0.000192949242773,8.87118148967e-05,0.000180423914571,0.000104383798316,0.000125725593534,8.03202783572e-05,8.37482220959e-05,4.77886169392e-05,3.67453721992e-05,2.40629178734e-05,1.45239882841e-05,5.78884100833e-06,2.10351822716e-06,1.88733395134e-06,1.09088739464e-06,8.54915015225e-07,3.0726789646e-07],"dmean2":[0.00026003154926,0.00687953038141,0.00628799526021,0.00537418806925,0.00474573345855,0.0036242781207,0.00114406622015,0.000522419461049,0.000718945753761,0.000423138786573,0.000323436775943,0.000150562671479,0.000290198629955,0.000171627776581,0.000212462939089,0.000135818350827,0.000141337586683,8.12075013528e-05,6.15090684732e-05,4.02582445531e-05,2.4640279662e-05,9.88430565485e-06,3.49337369698e-06,3.08751282319e-06,1.68283679614e-06,1.37207791795e-06,5.17315925208e-07],"dvar":[1.33595165153e-07,4.31769149145e-05,5.45820839761e-05,4.7652527428e-05,2.71886347036e-05,1.18109155665e-05,1.67795894868e-06,3.56515243993e-07,5.38586448329e-07,2.6200495995e-07,1.19034531565e-07,2.9149321179e-08,1.2933210769e-07,3.79867302058e-08,5.33693302884e-08,2.86586558929e-08,2.31519141636e-08,1.21219621008e-08,6.49520792706e-09,3.2004165984e-09,1.87818716135e-09,2.5563970385e-10,3.66883953773e-11,4.19279021224e-11,2.64227476704e-11,2.65219964046e-11,3.87198433038e-12],"dvar2":[2.64300439312e-07,0.000131262786454,0.000155161120347,0.000122538025607,7.67222736613e-05,3.18635502481e-05,4.55098279417e-06,1.03404488527e-06,1.29712793751e-06,6.6599739057e-07,3.21352899846e-07,8.22285173285e-08,3.05902631226e-07,9.6423548257e-08,1.4750079913e-07,7.90475169765e-08,6.47496705142e-08,3.4001704563e-08,1.80221952917e-08,8.9769720546e-09,5.65453239787e-09,7.66574359545e-10,1.01936369068e-10,1.09370415502e-10,5.41690546585e-11,6.762531507e-11,1.02206151528e-11],"max":[0.0118001988158,0.0711000114679,0.162897258997,0.197846934199,0.0904866158962,0.0843917429447,0.0251199807972,0.0101305758581,0.0200773216784,0.017070453614,0.0099472431466,0.00353378313594,0.0101774474606,0.0041964459233,0.00518835987896,0.005124673713,0.00217890902422,0.00208892324008,0.0018756184727,0.00183657056186,0.00125713134184,0.000441620592028,0.000244247232331,0.000373371440219,0.000403068086598,0.000435660826042,0.000189446524018],"mean":[0.000635837903246,0.00602290779352,0.00476226070896,0.00490595540032,0.00458859000355,0.00360319530591,0.00115949113388,0.000487958692247,0.000902732019313,0.000444655161118,0.000325622502714,0.000167948644958,0.000341816223226,0.000191823986825,0.000230289442698,0.000167591249919,0.000160158786457,9.77142553893e-05,7.79295587563e-05,5.67240131204e-05,3.43721658282e-05,1.49605621118e-05,6.01526789978e-06,5.90393710809e-06,3.46239653481e-06,3.12941210723e-06,1.35685866098e-06],"median":[0.000132606597617,0.00248637446202,0.00162045867182,0.00120983063243,0.00222124927677,0.00196497305296,0.000536314910278,0.000230317717069,0.000453187385574,0.000220017347601,0.000169557839399,7.48450183892e-05,0.000149609317305,8.78969149198e-05,0.000117193136248,5.09309538756e-05,6.0593309172e-05,2.21718528337e-05,1.87318091776e-05,9.49147579377e-06,5.51943685423e-06,2.40026338361e-06,1.09870495635e-06,7.68554400565e-07,5.07184267917e-07,2.7477904041e-07,4.4043513725e-08],"min":[6.38235902586e-25,6.52991249995e-24,3.75854750445e-25,1.61868084915e-24,8.9081896841e-24,1.12680655043e-23,1.33933309359e-23,6.32338832053e-24,2.48232549208e-23,1.67006586801e-23,1.20246146669e-23,3.47080086517e-23,2.59912045118e-23,2.0081205338e-23,5.44785889642e-23,5.99743178336e-23,6.31072694523e-23,9.59128264351e-23,1.29982214319e-22,1.93633469629e-22,2.59833692297e-22,3.3771344874e-22,4.40975467451e-22,6.33620298729e-22,8.8727530425e-22,1.22736578653e-21,1.95594630851e-21],"var":[1.29461648157e-06,7.27429578546e-05,7.01325334376e-05,0.000122633442516,4.88720252179e-05,2.46018789767e-05,3.49423930857e-06,6.11421512531e-07,1.67733844592e-06,5.25605855728e-07,2.34469425209e-07,7.37340499768e-08,3.59915418358e-07,9.59078505502e-08,1.1722151072e-07,8.79566073309e-08,5.63275044385e-08,3.24009015173e-08,1.84249966395e-08,1.15593392636e-08,4.93323915052e-09,8.48618286753e-10,1.77631798159e-10,3.57069068757e-10,2.03459388226e-10,3.19194004561e-10,7.17452694476e-11]},"barkbands_crest":{"dmean":2.63431835175,"dmean2":4.49466896057,"dvar":4.7170124054,"dvar2":13.5486679077,"max":23.9533653259,"mean":9.66134643555,"median":9.02610397339,"min":2.83741474152,"var":10.3341665268},"barkbands_flatness_db":{"dmean":0.020925398916,"dmean2":0.0345995426178,"dvar":0.000304127432173,"dvar2":0.000836539431475,"max":0.428902357817,"mean":0.188711583614,"median":0.191819041967,"min":0.0461185984313,"var":0.00310984742828},"barkbands_kurtosis":{"dmean":2.47195243835,"dmean2":4.09595298767,"dvar":11.9574775696,"dvar2":34.1638870239,"max":133.651260376,"mean":4.43953084946,"median":3.2835855484,"min":-1.89772868156,"var":40.3413543701},"barkbands_skewness":{"dmean":0.467062979937,"dmean2":0.765010237694,"dvar":0.161529928446,"dvar2":0.446951448917,"max":8.65539360046,"mean":1.45168709755,"median":1.57600295544,"min":-7.03406143188,"var":1.26768767834},"barkbands_spread":{"dmean":2.98636627197,"dmean2":4.89476013184,"dvar":13.1264886856,"dvar2":32.8720016479,"max":143.53036499,"mean":12.2998971939,"median":9.8984413147,"min":0.557078242302,"var":79.9864120483},"dissonance":{"dmean":0.021181281656,"dmean2":0.0361092723906,"dvar":0.000375015952159,"dvar2":0.00106852059253,"max":0.500000059605,"mean":0.458975732327,"median":0.465287148952,"min":0.294062048197,"var":0.000813911203295},"dynamic_complexity":7.39600610733,"erbbands":{"dmean":[0.119222804904,0.927594482899,3.70196890831,7.15492534637,10.7057323456,10.1556158066,11.2689847946,21.2064476013,10.2953395844,10.5764293671,6.36023283005,11.3923807144,7.9690284729,6.91953229904,6.76268529892,3.48425316811,8.06304454803,5.96242570877,4.93460512161,6.40016889572,4.01085090637,3.90226840973,2.74947237968,2.44231200218,1.32435417175,1.19896018505,0.759616196156,0.370222449303,0.208160445094,0.108675844967,0.0556680001318,0.0461627990007,0.0297947376966,0.0140899047256,0.00768827972934,0.00351328612305,0.00187408539932,0.000439573515905,6.80396260577e-05,1.13741352834e-05],"dmean2":[0.2164298594,1.61688089371,6.40484285355,11.8635177612,18.0170574188,17.1388187408,18.9201393127,35.8726501465,17.6914997101,17.5566234589,10.7029981613,18.2932834625,13.1657867432,11.4107074738,11.2787666321,5.81611585617,12.848651886,9.77746963501,8.36946868896,10.803068161,6.76635408401,6.59656476974,4.64492273331,4.16024780273,2.20697283745,2.01413416862,1.2907320261,0.623734414577,0.355400472879,0.180221349001,0.0940856859088,0.0766606703401,0.0485474616289,0.0223271884024,0.0122588034719,0.00564994849265,0.00303595582955,0.000714655849151,0.000115329828986,1.91108792933e-05],"dvar":[0.0453295186162,2.57259631157,52.5838050842,221.151565552,428.236846924,398.983062744,433.900054932,1166.50073242,398.302001953,365.133666992,152.518234253,359.941833496,298.104553223,178.481460571,168.046173096,45.8168792725,273.965118408,116.33996582,101.841720581,152.022399902,70.5657958984,48.6516265869,29.7659511566,49.0445251465,8.26718235016,8.10553741455,4.48095321655,0.850371539593,0.379354357719,0.0887349024415,0.0246898196638,0.0228903759271,0.0135609796271,0.00397431058809,0.00161610625219,0.000354215211701,0.000147272075992,7.90687590779e-06,2.09540303331e-07,4.33468760885e-10],"dvar2":[0.146958261728,7.54064321518,150.756790161,576.801818848,1178.02404785,1119.84729004,1201.54284668,3227.73046875,1197.57861328,956.785522461,436.0418396,868.45098877,771.458129883,454.642822266,442.194946289,124.905189514,640.611572266,299.34375,283.890838623,417.28213501,195.368118286,133.515258789,82.2688446045,144.772109985,22.1208057404,22.7210674286,13.2474937439,2.36805033684,1.16086316109,0.239949315786,0.0686297938228,0.0615776181221,0.033447932452,0.00897948257625,0.00360871013254,0.000922864070162,0.000373533315724,1.98511752387e-05,5.93344395838e-07,1.22849230788e-09],"max":[2.91299724579,18.4685783386,159.943191528,415.203460693,378.448150635,426.400115967,505.570831299,636.02923584,377.751617432,354.04598999,227.608581543,510.608337402,638.86920166,344.283630371,508.389831543,182.094223022,503.203155518,268.98916626,245.426086426,263.711700439,201.298294067,119.217910767,124.787101746,208.771286011,66.4363021851,78.2328186035,59.4982452393,28.8262119293,17.8964309692,8.33377456665,5.64170217514,7.53017044067,6.83383131027,4.45915603638,2.87792158127,1.28401374817,1.01368737221,0.260775893927,0.0416280776262,0.00125441921409],"mean":[0.195522770286,1.27292692661,5.08215236664,11.5867300034,16.1424427032,15.2682390213,18.830083847,33.0793647766,17.8316745758,17.5185165405,11.8879756927,21.7627887726,15.3291893005,13.3477420807,12.5720729828,7.70902395248,15.7040729523,11.8749227524,9.69353103638,12.1269464493,9.02831077576,8.23288154602,6.06010866165,5.12661457062,3.23693943024,2.8768081665,1.83690869808,0.954366803169,0.548204064369,0.301772326231,0.162278681993,0.127351626754,0.0898896083236,0.0434604622424,0.0231624394655,0.0104405032471,0.00661355117336,0.001843484235,0.000294996541925,4.01608485845e-05],"median":[0.0615597628057,0.491906493902,1.90309309959,3.92910933495,6.18120241165,6.84906959534,8.93691062927,17.4649391174,9.67474651337,8.36469459534,6.77426671982,11.2638998032,8.28486442566,7.48501110077,6.68149900436,3.94915223122,6.74187707901,6.08883857727,4.76659488678,6.21269035339,3.01856422424,3.11896967888,1.96724963188,1.33912920952,0.665448606014,0.531011521816,0.288490623236,0.172928154469,0.096015073359,0.0502717904747,0.030970307067,0.0188901927322,0.0108892340213,0.00605946406722,0.0032073946204,0.00130180327687,0.000517461798154,0.000109801258077,2.15679938265e-05,2.58552263404e-05],"min":[1.59768377788e-22,1.08317120171e-21,1.23784145546e-21,7.90097233275e-21,1.37124525109e-20,4.29413269731e-20,8.72296529502e-20,7.86384840224e-20,9.48725368539e-20,1.71712006442e-19,2.36095027808e-19,5.43460712676e-19,5.05727835058e-19,7.54524427968e-19,6.52310701951e-19,1.53522271167e-18,1.34113377653e-18,1.65541660417e-18,2.14582293463e-18,4.01026466748e-18,4.23959139332e-18,4.88215811445e-18,6.13497650531e-18,7.89527930096e-18,7.96549618162e-18,9.54507283472e-18,1.15174031145e-17,9.32595434482e-18,1.12572953437e-17,1.15971118927e-17,1.31459199085e-17,1.15543665073e-17,1.04678904153e-17,8.7269829371e-18,5.98652116001e-18,4.55945510516e-18,2.27690914144e-18,1.10179744149e-18,2.48831205248e-19,2.78554525306e-20],"var":[0.096759006381,3.70859098434,71.3034439087,528.434326172,770.360717773,638.232116699,776.606323242,2268.37768555,719.583984375,724.700927734,277.251983643,1003.38116455,605.268310547,400.446289062,392.327575684,133.358703613,779.190917969,325.84487915,224.841842651,334.944152832,222.427154541,144.034454346,89.4359130859,117.087394714,30.9559497833,28.2164936066,13.4539060593,3.16238236427,1.19632482529,0.368620574474,0.123020775616,0.12789838016,0.101295515895,0.0285888854414,0.0106169320643,0.00247767264955,0.00161915586796,0.000131520224386,3.17724743581e-06,4.31500835063e-09]},"erbbands_crest":{"dmean":2.63540840149,"dmean2":4.44279623032,"dvar":5.99028921127,"dvar2":16.329996109,"max":32.7702255249,"mean":8.973279953,"median":8.09231376648,"min":2.20234966278,"var":16.9435653687},"erbbands_flatness_db":{"dmean":0.0151677783579,"dmean2":0.0248433165252,"dvar":0.000192920328118,"dvar2":0.000515123771038,"max":0.39191737771,"mean":0.20918533206,"median":0.208751231432,"min":0.0188451819122,"var":0.00351516227238},"erbbands_kurtosis":{"dmean":0.750405907631,"dmean2":1.25637853146,"dvar":1.09679639339,"dvar2":2.95091056824,"max":39.1342773438,"mean":0.107010163367,"median":-0.235407114029,"min":-1.59375417233,"var":2.22276830673},"erbbands_skewness":{"dmean":0.32528039813,"dmean2":0.533676445484,"dvar":0.0708946213126,"dvar2":0.191380441189,"max":5.83382225037,"mean":0.403216898441,"median":0.409152984619,"min":-1.95158290863,"var":0.364111512899},"erbbands_spread":{"dmean":4.87195587158,"dmean2":7.99995565414,"dvar":18.2376079559,"dvar2":48.0871620178,"max":119.783508301,"mean":27.0463981628,"median":24.7652988434,"min":2.68183517456,"var":144.678817749},"gfcc":{"cov":[[27210.8144531,8680.7734375,3867.00219727,1628.15661621,341.1121521,-362.181610107,-770.398925781,-726.300964355,-672.285095215,-683.360473633,-537.135253906,-567.768676758,-356.709991455],[8680.7734375,6384.21044922,3278.44604492,491.142181396,468.247344971,-465.914093018,-373.168548584,-551.464660645,-71.7540359497,-447.694580078,-245.974212646,-509.044219971,-126.920478821],[3867.00219727,3278.44604492,2524.81494141,502.673248291,423.70602417,-191.827148438,-161.32258606,-269.63394165,-15.9878091812,-199.683273315,-111.844093323,-245.494903564,-101.437110901],[1628.15661621,491.142181396,502.673248291,496.650543213,151.221237183,40.7896080017,39.5465011597,5.46598482132,0.819026529789,29.6705818176,28.193359375,-7.14124250412,-40.9324188232],[341.1121521,468.247344971,423.70602417,151.221237183,189.387237549,15.8031263351,-7.48413085938,-46.3874435425,5.45033216476,-19.0819034576,3.53149175644,-28.6015319824,-10.6707963943],[-362.181610107,-465.914093018,-191.827148438,40.7896080017,15.8031263351,124.80834198,57.7181816101,48.1795501709,-2.92621946335,40.750038147,27.9162082672,44.8102035522,4.17991638184],[-770.398925781,-373.168548584,-161.32258606,39.5465011597,-7.48413085938,57.7181816101,145.017272949,100.6248703,42.4262237549,40.73620224,29.4944877625,27.7328987122,13.7048902512],[-726.300964355,-551.464660645,-269.63394165,5.46598482132,-46.3874435425,48.1795501709,100.6248703,166.850646973,72.1604766846,68.8860702515,35.6364097595,52.536857605,12.7480821609],[-672.285095215,-71.7540359497,-15.9878091812,0.819026529789,5.45033216476,-2.92621946335,42.4262237549,72.1604766846,120.454032898,66.8611602783,33.1862258911,11.9110898972,11.8615560532],[-683.360473633,-447.694580078,-199.683273315,29.6705818176,-19.0819034576,40.750038147,40.73620224,68.8860702515,66.8611602783,132.988265991,75.0040283203,55.0235176086,6.19942140579],[-537.135253906,-245.974212646,-111.844093323,28.193359375,3.53149175644,27.9162082672,29.4944877625,35.6364097595,33.1862258911,75.0040283203,96.1056594849,52.1979751587,4.51713752747],[-567.768676758,-509.044219971,-245.494903564,-7.14124250412,-28.6015319824,44.8102035522,27.7328987122,52.536857605,11.9110898972,55.0235176086,52.1979751587,96.4188232422,27.384513855],[-356.709991455,-126.920478821,-101.437110901,-40.9324188232,-10.6707963943,4.17991638184,13.7048902512,12.7480821609,11.8615560532,6.19942140579,4.51713752747,27.384513855,58.2525672913]],"icov":[[0.0002009482414,-0.000471455743536,0.000224831179366,-0.000576091988478,0.000492505845614,-0.000578305218369,0.000762315641623,-0.000744612771086,0.00106978788972,-0.000473680032883,0.000845569884405,-0.000594127632212,0.000351631053491],[-0.000471455743536,0.00199402589351,-0.00124832149595,0.000920168822631,-0.00080402760068,0.00216394127347,-0.00126855727285,0.00246871099807,-0.00333636510186,0.00257929461077,-0.0030433984939,0.00345851341262,-0.0015989021631],[0.000224831179366,-0.00124832149595,0.00205655395985,-0.00115225673653,-0.00143431592733,-5.96298832534e-06,0.000739526352845,-0.000790921098087,0.000932004826609,-0.000705761485733,0.00188913289458,-0.00151414726861,0.00161583349109],[-0.000576091988478,0.000920168822631,-0.00115225673653,0.00563264591619,-0.00326632196084,0.000871288357303,-0.00368323968723,0.000820972665679,-0.00061639433261,-0.00161403871607,-0.001621496398,-0.000215707172174,0.000979050295427],[0.000492505845614,-0.00080402760068,-0.00143431592733,-0.00326632196084,0.0133641082793,-0.0064069009386,0.0021607845556,0.00135236419737,-0.000845679896884,0.00188400992192,-0.0011589814676,0.000448906008387,-0.00157471152488],[-0.000578305218369,0.00216394127347,-5.96298832534e-06,0.000871288357303,-0.0064069009386,0.0177310928702,-0.00607424695045,0.00180285330862,0.000562400382478,-0.000884683220647,-0.000895112752914,-0.000582825799938,0.000687014311552],[0.000762315641623,-0.00126855727285,0.000739526352845,-0.00368323968723,0.0021607845556,-0.00607424695045,0.0178453121334,-0.0104447361082,0.00265910360031,0.00151391362306,-0.000806013413239,0.00344520085491,-0.00273687741719],[-0.000744612771086,0.00246871099807,-0.000790921098087,0.000820972665679,0.00135236419737,0.00180285330862,-0.0104447361082,0.0209146738052,-0.0130045553669,0.00296357041225,-0.000838023377582,-0.00217145681381,0.00143587519415],[0.00106978788972,-0.00333636510186,0.000932004826609,-0.00061639433261,-0.000845679896884,0.000562400382478,0.00265910360031,-0.0130045553669,0.0259754788131,-0.0141552016139,0.00508874421939,-0.000677463482134,-0.00136241537984],[-0.000473680032883,0.00257929461077,-0.000705761485733,-0.00161403871607,0.00188400992192,-0.000884683220647,0.00151391362306,0.00296357041225,-0.0141552016139,0.0257516652346,-0.0144943473861,0.00281570758671,-0.000298023107462],[0.000845569884405,-0.0030433984939,0.00188913289458,-0.001621496398,-0.0011589814676,-0.000895112752914,-0.000806013413239,-0.000838023377582,0.00508874421939,-0.0144943473861,0.0283636730164,-0.0151546020061,0.00635317526758],[-0.000594127632212,0.00345851341262,-0.00151414726861,-0.000215707172174,0.000448906008387,-0.000582825799938,0.00344520085491,-0.00217145681381,-0.000677463482134,0.00281570758671,-0.0151546020061,0.0323092341423,-0.0132773593068],[0.000351631053491,-0.0015989021631,0.00161583349109,0.000979050295427,-0.00157471152488,0.000687014311552,-0.00273687741719,0.00143587519415,-0.00136241537984,-0.000298023107462,0.00635317526758,-0.0132773593068,0.0253878924996]],"mean":[-109.625534058,117.336540222,-134.464309692,14.920091629,-40.3637199402,0.661191105843,-28.4540061951,3.38213086128,-16.1797714233,1.22977566719,-11.1431074142,-0.839496195316,-4.65871763229]},"hfc":{"dmean":2.07275700569,"dmean2":3.39211177826,"dvar":7.71807098389,"dvar2":20.7961807251,"max":64.1437911987,"mean":9.52285766602,"median":7.90549945831,"min":1.09367418459e-16,"var":82.1170501709},"melbands":{"dmean":[0.00100608007051,0.0016034670407,0.00133322377224,0.000677564181387,0.000397946685553,0.000445776007837,0.000156159920152,0.000103138445411,5.68663162994e-05,6.8681241828e-05,4.00073258788e-05,2.93205139315e-05,2.63863039436e-05,1.15698885566e-05,1.38091381814e-05,1.75413824763e-05,1.08047497633e-05,7.93462004367e-06,9.06599598238e-06,7.34923241907e-06,4.89200010634e-06,4.2753604248e-06,4.17848605139e-06,2.4914329515e-06,2.14621195482e-06,1.19744970561e-06,8.70716291956e-07,8.47398041515e-07,5.48664218059e-07,4.27169680961e-07,2.12302481373e-07,1.47207359191e-07,1.00769895539e-07,5.65966082888e-08,3.76408273439e-08,3.30302043494e-08,2.82249548178e-08,2.3534632021e-08,1.92058156046e-08,1.25036923038e-08],"dmean2":[0.00179955852218,0.0027677747421,0.00219178316183,0.00114368263166,0.000665430095978,0.000752555322833,0.000266989518423,0.000171779014636,9.41207108553e-05,0.000110615248559,6.62443781039e-05,4.84715637867e-05,4.41787087766e-05,1.95335142052e-05,2.23484948947e-05,2.81647462543e-05,1.77490383066e-05,1.34212968987e-05,1.53797609528e-05,1.24086400319e-05,8.25066581456e-06,7.25393829271e-06,7.07963727109e-06,4.20819105784e-06,3.65736923413e-06,1.99592477657e-06,1.45259377859e-06,1.43521174323e-06,9.25962012843e-07,7.31796887976e-07,3.56347214847e-07,2.53488423141e-07,1.68946016288e-07,9.42522788705e-08,6.37250536784e-08,5.57794841427e-08,4.70576111411e-08,3.9014047104e-08,3.1441359738e-08,1.97583460704e-08],"dvar":[2.97122346637e-06,9.00786744751e-06,6.79097456668e-06,1.58930913585e-06,5.31439923179e-07,5.07616277901e-07,8.51890362696e-08,3.38957981683e-08,1.04517940969e-08,1.2409564043e-08,7.45428785365e-09,3.32822058802e-09,2.16005213716e-09,5.35973210258e-10,7.50486672807e-10,1.32588895418e-09,3.96014582238e-10,2.70057032292e-10,3.09787362429e-10,2.06183056739e-10,1.16773077319e-10,6.77980241393e-11,7.05842675974e-11,3.12463249719e-11,4.122198069e-11,6.40922731554e-12,4.20164944503e-12,4.69280473855e-12,1.72419229501e-12,2.90436034597e-12,2.35373759329e-13,2.40687163125e-13,7.58921124186e-14,2.44340240044e-14,1.15379846519e-14,1.11788807987e-14,9.448405193e-15,8.72626894789e-15,5.99293851984e-15,3.89350976183e-15],"dvar2":[9.28775989451e-06,2.58947547991e-05,1.781507126e-05,4.51679716207e-06,1.47297578224e-06,1.39829467116e-06,2.4813436994e-07,9.06871235884e-08,2.84897190284e-08,3.06311349618e-08,1.92825844181e-08,8.49985415385e-09,5.83090953299e-09,1.48145873347e-09,1.84246673474e-09,3.10274761439e-09,1.01205810399e-09,7.40663863574e-10,8.63099147708e-10,5.66361069154e-10,3.2113428583e-10,1.87490675763e-10,1.9405678453e-10,8.61963139753e-11,1.21529522557e-10,1.75249936091e-11,1.12339798922e-11,1.32117337903e-11,4.76296302745e-12,9.02881849146e-12,6.36620693228e-13,7.54354586609e-13,2.0805458864e-13,6.55946380112e-14,3.16999708818e-14,3.22628920379e-14,2.44933400276e-14,2.3396974462e-14,1.39930351106e-14,9.13200535292e-15],"max":[0.0203818194568,0.0636371150613,0.0672889202833,0.023626467213,0.0157778561115,0.0131160272285,0.004961903207,0.00329986144789,0.0018878885312,0.00275258417241,0.00321536604315,0.00149467529263,0.00134463829454,0.000654463714454,0.000927859509829,0.00103940779809,0.000449623505119,0.00035664535244,0.000540404871572,0.000415469548898,0.000254627753748,0.000165676916367,0.000132563975058,0.000115282498882,0.000190728664165,4.76696295664e-05,4.07848601753e-05,6.90869710525e-05,3.38830977853e-05,4.91996870551e-05,1.25984161059e-05,1.58373495651e-05,7.04437979948e-06,4.67200788989e-06,3.69182885152e-06,5.0830035434e-06,5.10208747073e-06,4.97636074215e-06,3.99413966079e-06,4.72581587019e-06],"mean":[0.00167117430829,0.00234828656539,0.00223266310059,0.00109824968968,0.000683477148414,0.000716446607839,0.000273824407486,0.000172170490259,0.00010534379544,0.000132194822072,7.36239526304e-05,5.3616338846e-05,4.53417378594e-05,2.21136815526e-05,2.66886618192e-05,3.33259013132e-05,2.01294515136e-05,1.4197157725e-05,1.65381443367e-05,1.40679230753e-05,9.87755538517e-06,8.36184062791e-06,7.44161479815e-06,4.84543988932e-06,4.09144786317e-06,2.57263968706e-06,1.96748101189e-06,1.84227383215e-06,1.22184724205e-06,8.44538817546e-07,4.73812576729e-07,3.34352051823e-07,2.31192785805e-07,1.39791069387e-07,9.39055055937e-08,8.25999393328e-08,7.29387679144e-08,6.42146531504e-08,5.18068290489e-08,3.2443093545e-08],"median":[0.000651458336506,0.000952030939516,0.000830459990539,0.000538524938747,0.00033312101732,0.000389871711377,0.000144999823533,8.48560375744e-05,5.54730831936e-05,6.94535774528e-05,3.78371187253e-05,2.77454910247e-05,2.3716393116e-05,1.00914194263e-05,1.02491030702e-05,1.58611819643e-05,9.18236037251e-06,6.19614820607e-06,8.66361006047e-06,5.64739366382e-06,2.9403629469e-06,3.01744830722e-06,2.58081558968e-06,1.02173225969e-06,1.02445631001e-06,5.45699265331e-07,3.41714212482e-07,3.09813032118e-07,1.96891974724e-07,9.51767447077e-08,8.74948895557e-08,5.28512593689e-08,3.73700359546e-08,2.0665231304e-08,1.79038774917e-08,1.31384432223e-08,9.57380130728e-09,7.50083106738e-09,6.42265041151e-09,4.51171011662e-09],"min":[2.07024790548e-24,8.57927748233e-25,1.92752719051e-24,1.45946663037e-24,2.59921976876e-24,1.95875464387e-24,1.70999485159e-24,1.55898212382e-24,2.23132856916e-24,2.72483482387e-24,2.24850364879e-24,1.9247578943e-24,1.66665581953e-24,3.61146162766e-24,3.7588551602e-24,2.54141046391e-24,3.07567499222e-24,2.59420596607e-24,4.3820043938e-24,4.04052977932e-24,4.70265386923e-24,4.37699552148e-24,3.35286158444e-24,4.13092495602e-24,5.79513116523e-24,4.45630246929e-24,4.98975072379e-24,5.15638615153e-24,6.12449124278e-24,5.0577398842e-24,5.56611695583e-24,5.45196602183e-24,6.48225622937e-24,5.29190417201e-24,7.37269323133e-24,6.13352172799e-24,6.05124590216e-24,6.82587693994e-24,6.79447002072e-24,6.81530778153e-24],"var":[5.88412876823e-06,1.3264876543e-05,1.67988655448e-05,2.80775043393e-06,1.00270722214e-06,1.0205669696e-06,1.66536182178e-07,6.72989912687e-08,2.17916138467e-08,3.48354234347e-08,1.48337218064e-08,7.2331127754e-09,4.41290470832e-09,1.36524169747e-09,2.46256881553e-09,3.21267856762e-09,1.11089626387e-09,5.47680123475e-10,6.12589590165e-10,5.24066290364e-10,3.16739440231e-10,1.72118652664e-10,1.48179579718e-10,8.2119373801e-11,9.07625641311e-11,2.13468877991e-11,1.29544135835e-11,1.43644610096e-11,5.59730083463e-12,5.47073714455e-12,7.65202625656e-13,5.71157867096e-13,2.35240050096e-13,9.21033743522e-14,4.30930010913e-14,4.15329154803e-14,5.17665507086e-14,5.39243502011e-14,3.45230368273e-14,1.95064047515e-14]},"melbands_crest":{"dmean":3.47727799416,"dmean2":5.88363075256,"dvar":7.90975379944,"dvar2":22.3611183167,"max":37.4675559998,"mean":13.6432390213,"median":12.906750679,"min":1.64578425884,"var":21.8020057678},"melbands_flatness_db":{"dmean":0.0241346191615,"dmean2":0.0398317947984,"dvar":0.000406066217693,"dvar2":0.00112348305993,"max":0.569857001305,"mean":0.261059492826,"median":0.260449290276,"min":0.00348544842564,"var":0.00622913846746},"melbands_kurtosis":{"dmean":4.78455066681,"dmean2":7.97281932831,"dvar":81.9604797363,"dvar2":211.932739258,"max":494.832275391,"mean":10.0442323685,"median":7.23665618896,"min":-1.66019272804,"var":224.72505188},"melbands_skewness":{"dmean":0.603753805161,"dmean2":0.99323040247,"dvar":0.319756537676,"dvar2":0.867105960846,"max":21.0569591522,"mean":2.21749305725,"median":2.19018173218,"min":-2.15884327888,"var":2.01764011383},"melbands_spread":{"dmean":4.07697582245,"dmean2":6.68394184113,"dvar":27.9762821198,"dvar2":72.6436767578,"max":224.044708252,"mean":16.2197856903,"median":11.1137542725,"min":0.526085734367,"var":258.222320557},"mfcc":{"cov":[[17798.2773438,6802.09716797,3060.06323242,2205.23754883,958.409790039,631.162536621,115.708221436,-16.7806034088,-322.176757812,-321.875335693,-269.253509521,-147.020202637,-456.803436279],[6802.09716797,5881.74169922,2323.45703125,1085.04748535,711.072021484,216.554473877,-164.109817505,-182.57069397,-157.959793091,-155.878356934,-122.05027771,-145.055725098,-338.092254639],[3060.06323242,2323.45703125,1458.41650391,682.725219727,431.507751465,164.792770386,-10.7682313919,-53.8497200012,-55.7657470703,-34.4059906006,-23.4802646637,13.216550827,-72.0759048462],[2205.23754883,1085.04748535,682.725219727,542.358520508,239.323989868,130.777862549,51.1714859009,3.32280421257,-23.0482559204,-9.38243770599,6.07366895676,32.5757713318,-19.8338375092],[958.409790039,711.072021484,431.507751465,239.323989868,242.840316772,94.0835876465,9.5922832489,-19.078294754,-35.0246887207,-20.7180843353,-8.00208759308,16.1469287872,-1.59259295464],[631.162536621,216.554473877,164.792770386,130.777862549,94.0835876465,125.684143066,48.5949287415,-4.11458778381,-26.6533279419,-19.9577312469,-5.92477989197,9.16039562225,-1.77552628517],[115.708221436,-164.109817505,-10.7682313919,51.1714859009,9.5922832489,48.5949287415,100.389175415,39.1242294312,-2.64965128899,5.25344610214,8.45406532288,23.5321140289,17.069858551],[-16.7806034088,-182.57069397,-53.8497200012,3.32280421257,-19.078294754,-4.11458778381,39.1242294312,93.5742797852,40.2058525085,11.6679592133,6.1112537384,5.19269752502,2.16861820221],[-322.176757812,-157.959793091,-55.7657470703,-23.0482559204,-35.0246887207,-26.6533279419,-2.64965128899,40.2058525085,101.780807495,50.4017219543,13.6427631378,6.46403360367,2.27139496803],[-321.875335693,-155.878356934,-34.4059906006,-9.38243770599,-20.7180843353,-19.9577312469,5.25344610214,11.6679592133,50.4017219543,92.3070297241,43.585483551,15.6414861679,13.4844827652],[-269.253509521,-122.05027771,-23.4802646637,6.07366895676,-8.00208759308,-5.92477989197,8.45406532288,6.1112537384,13.6427631378,43.585483551,92.5597610474,47.3853607178,-1.92071413994],[-147.020202637,-145.055725098,13.216550827,32.5757713318,16.1469287872,9.16039562225,23.5321140289,5.19269752502,6.46403360367,15.6414861679,47.3853607178,108.134101868,61.5860557556],[-456.803436279,-338.092254639,-72.0759048462,-19.8338375092,-1.59259295464,-1.77552628517,17.069858551,2.16861820221,2.27139496803,13.4844827652,-1.92071413994,61.5860557556,168.04045105]],"icov":[[0.000181016541319,-0.000135296140797,0.000102505517134,-0.000626114953775,0.000290493218927,-0.000326625537127,0.000136418544571,-0.000355966651114,0.000396405375795,-3.93088266719e-05,0.000470657047117,-0.000146796606714,0.000236946623772],[-0.000135296140797,0.000763440679293,-0.000840252439957,0.000120008087833,-0.000525477167685,0.000524895149283,0.000575460435357,0.00064977427246,-0.000178643051186,0.00037872401299,-9.32101465878e-05,0.00046400266001,0.000556619546842],[0.000102505517134,-0.000840252439957,0.00336358696222,-0.00219408655539,-0.00173042993993,-3.1737905374e-05,0.000353940908099,-7.18116571079e-05,0.000111228669994,-0.000732592365239,0.000770207087044,-0.000842712819576,9.50065659708e-05],[-0.000626114953775,0.000120008087833,-0.00219408655539,0.00807051267475,-0.00190132611897,-0.00064708100399,-0.00261758174747,0.000188595658983,-0.00168708804995,-0.000206574753975,-0.00232781958766,-0.000153081316967,-0.00114162499085],[0.000290493218927,-0.000525477167685,-0.00173042993993,-0.00190132611897,0.0117497220635,-0.00547757232562,0.00212936359458,-0.00148958934005,0.00218158075586,-0.000454590684967,0.000839329033624,-0.00109343871009,-0.000960468896665],[-0.000326625537127,0.000524895149283,-3.1737905374e-05,-0.00064708100399,-0.00547757232562,0.0168617907912,-0.00810978002846,0.00405303994194,-0.00100434350315,0.00279090274125,-0.00100953376386,0.00137483666185,0.000250139652053],[0.000136418544571,0.000575460435357,0.000353940908099,-0.00261758174747,0.00212936359458,-0.00810978002846,0.0198539812118,-0.00848197564483,0.00495660724118,-0.00339759001508,0.00229309499264,-0.00308467098512,0.000761031813454],[-0.000355966651114,0.00064977427246,-7.18116571079e-05,0.000188595658983,-0.00148958934005,0.00405303994194,-0.00848197564483,0.0186649374664,-0.00905437022448,0.004162913654,-0.00224027293734,0.00210511684418,-2.82249620795e-05],[0.000396405375795,-0.000178643051186,0.000111228669994,-0.00168708804995,0.00218158075586,-0.00100434350315,0.00495660724118,-0.00905437022448,0.0194470509887,-0.0107173901051,0.00511737260967,-0.00306724733673,0.00196994352154],[-3.93088266719e-05,0.00037872401299,-0.000732592365239,-0.000206574753975,-0.000454590684967,0.00279090274125,-0.00339759001508,0.004162913654,-0.0107173901051,0.0217718202621,-0.0108256330714,0.00484664272517,-0.00286912522279],[0.000470657047117,-9.32101465878e-05,0.000770207087044,-0.00232781958766,0.000839329033624,-0.00100953376386,0.00229309499264,-0.00224027293734,0.00511737260967,-0.0108256330714,0.022739443928,-0.0115675926208,0.00623969128355],[-0.000146796606714,0.00046400266001,-0.000842712819576,-0.000153081316967,-0.00109343871009,0.00137483666185,-0.00308467098512,0.00210511684418,-0.00306724733673,0.00484664272517,-0.0115675926208,0.0189665462822,-0.00698550837114],[0.000236946623772,0.000556619546842,9.50065659708e-05,-0.00114162499085,-0.000960468896665,0.000250139652053,0.000761031813454,-2.82249620795e-05,0.00196994352154,-0.00286912522279,0.00623969128355,-0.00698550837114,0.0103726536036]],"mean":[-746.886291504,153.076293945,-26.8671188354,19.6014289856,3.32336568832,2.22743749619,-1.57941901684,0.497927427292,1.99043166637,1.40018939972,-2.11449193954,0.115040890872,-0.880000412464]},"pitch_salience":{"dmean":0.0729797184467,"dmean2":0.124193646014,"dvar":0.00362412724644,"dvar2":0.0104057146236,"max":0.849500834942,"mean":0.559798002243,"median":0.568899452686,"min":0.0862077623606,"var":0.0135523974895},"silence_rate_20dB":{"dmean":0,"dmean2":0,"dvar":0,"dvar2":0,"max":1,"mean":1,"median":1,"min":1,"var":0},"silence_rate_30dB":{"dmean":0.020691126585,"dmean2":0.041386667639,"dvar":0.0202622842044,"dvar2":0.0490594990551,"max":1,"mean":0.971845984459,"median":1,"min":0,"var":0.0273620337248},"silence_rate_60dB":{"dmean":0.00127986352891,"dmean2":0.00255999993533,"dvar":0.00127839751076,"dvar2":0.00276622571982,"max":1,"mean":0.250826478004,"median":0,"min":0,"var":0.187908664346},"spectral_centroid":{"dmean":151.422622681,"dmean2":247.901412964,"dvar":32629.3476562,"dvar2":75800.078125,"max":11527.15625,"mean":1172.58666992,"median":737.247131348,"min":142.683990479,"var":1163300.75},"spectral_complexity":{"dmean":1.92086172104,"dmean2":3.27360010147,"dvar":3.8962469101,"dvar2":10.8520841599,"max":49,"mean":13.3529911041,"median":14,"min":0,"var":88.4056243896},"spectral_contrast_coeffs":{"dmean":[0.0509234815836,0.0488566458225,0.0348398759961,0.0274567138404,0.0197982341051,0.0136661464348],"dmean2":[0.0863486677408,0.0823904722929,0.0576971545815,0.0456794351339,0.0332526229322,0.0226638931781],"dvar":[0.00167958345264,0.00145836605225,0.000738591712434,0.000436851405539,0.000243518967181,0.000121202931041],"dvar2":[0.00479901675135,0.004210437648,0.00203935219906,0.00120780151337,0.000678282172885,0.000338197278325],"max":[-0.331796705723,-0.422347575426,-0.496057391167,-0.505365312099,-0.549234092236,-0.613438427448],"mean":[-0.678659319878,-0.747156083584,-0.763460814953,-0.768931090832,-0.767278194427,-0.767775416374],"median":[-0.668692409992,-0.743581831455,-0.771907091141,-0.782651543617,-0.778965771198,-0.768564403057],"min":[-0.973843753338,-0.97150182724,-0.97911208868,-0.969292402267,-0.966619968414,-0.964691102505],"var":[0.0124802142382,0.00593126472086,0.00424708425999,0.00437129987404,0.00287329871207,0.00171506823972]},"spectral_contrast_valleys":{"dmean":[0.387513130903,0.31660631299,0.255036443472,0.207224711776,0.162209719419,0.172679200768],"dmean2":[0.669239223003,0.541922152042,0.435544133186,0.349427044392,0.269459158182,0.279532760382],"dvar":[0.104168325663,0.0777081251144,0.0556195601821,0.0466159209609,0.0434172190726,0.0578486099839],"dvar2":[0.28091737628,0.193324491382,0.128722295165,0.0960345119238,0.0799366310239,0.123956546187],"max":[-4.98298740387,-4.47900629044,-5.31669425964,-5.99705219269,-6.19022083282,-8.70421123505],"mean":[-8.17736911774,-7.46507740021,-8.08480834961,-8.52024269104,-8.95020580292,-12.0540151596],"median":[-6.83743953705,-6.44955968857,-7.22963047028,-7.82596826553,-8.75587654114,-11.9826536179],"min":[-28.529624939,-28.2174110413,-28.0197734833,-27.6617851257,-27.4234104156,-27.3985977173],"var":[9.13424110413,6.08440971375,4.90758132935,4.28016805649,3.41866564751,2.44270706177]},"spectral_decrease":{"dmean":2.50395859602e-09,"dmean2":4.20177936888e-09,"dvar":1.48346587599e-17,"dvar2":4.09238906121e-17,"max":2.83233920928e-16,"mean":-7.56094564736e-09,"median":-5.6824478456e-09,"min":-7.07004090827e-08,"var":6.40700684387e-17},"spectral_energy":{"dmean":0.00960482656956,"dmean2":0.0161082074046,"dvar":0.000217112712562,"dvar2":0.000598747225013,"max":0.272059708834,"mean":0.0294004622847,"median":0.0221744962037,"min":1.02522978474e-20,"var":0.000957041222136},"spectral_energyband_high":{"dmean":2.63251331489e-05,"dmean2":4.43501194241e-05,"dvar":4.35202318627e-09,"dvar2":1.24541816859e-08,"max":0.0023250321392,"mean":9.62322665146e-05,"median":1.63248441822e-05,"min":7.32247904772e-21,"var":3.36886643026e-08},"spectral_energyband_low":{"dmean":0.00694652786478,"dmean2":0.0119091207162,"dvar":0.000143131444929,"dvar2":0.000409747095546,"max":0.223871320486,"mean":0.0137899536639,"median":0.00688427500427,"min":1.29103319141e-23,"var":0.000326013570884},"spectral_energyband_middle_high":{"dmean":0.000542053370737,"dmean2":0.000874767254572,"dvar":6.37609957721e-07,"dvar2":1.67219320701e-06,"max":0.0228893011808,"mean":0.00214968784712,"median":0.00144758529495,"min":1.23049447199e-21,"var":5.31439718543e-06},"spectral_energyband_middle_low":{"dmean":0.00610856758431,"dmean2":0.010091737844,"dvar":9.67312953435e-05,"dvar2":0.000259808148257,"max":0.214491337538,"mean":0.0158115141094,"median":0.0106488931924,"min":1.40748512222e-22,"var":0.000360775913578},"spectral_entropy":{"dmean":0.142496958375,"dmean2":0.23373888433,"dvar":0.0156511012465,"dvar2":0.0415770113468,"max":9.81562900543,"mean":6.98495101929,"median":6.95293283463,"min":5.0046248436,"var":0.235474005342},"spectral_flux":{"dmean":0.0163436774164,"dmean2":0.0274064391851,"dvar":0.000417067290982,"dvar2":0.00111296994146,"max":0.36601087451,"mean":0.075312808156,"median":0.0738722905517,"min":6.45598852156e-11,"var":0.00323244091123},"spectral_kurtosis":{"dmean":4.25210857391,"dmean2":7.41527986526,"dvar":33.3575553894,"dvar2":96.6234893799,"max":75.0670013428,"mean":12.1012058258,"median":7.95288944244,"min":-1.24566352367,"var":100.350128174},"spectral_rms":{"dmean":0.000716841663234,"dmean2":0.00119530572556,"dvar":7.45264571833e-07,"dvar2":2.06984987017e-06,"max":0.0162918418646,"mean":0.00441509252414,"median":0.00465119956061,"min":3.16263204861e-12,"var":9.19033027458e-06},"spectral_rolloff":{"dmean":247.978729248,"dmean2":436.771820068,"dvar":237505.453125,"dvar2":627754.8125,"max":21296.3378906,"mean":1266.91650391,"median":602.9296875,"min":64.599609375,"var":3910829},"spectral_skewness":{"dmean":0.337707430124,"dmean2":0.582196116447,"dvar":0.140821561217,"dvar2":0.406505793333,"max":6.701420784,"mean":2.29125452042,"median":1.95957112312,"min":-0.0450722053647,"var":0.886952221394},"spectral_spread":{"dmean":250831.703125,"dmean2":420567.21875,"dvar":232957476864,"dvar2":475603730432,"max":42261816,"mean":2950486.25,"median":2844662.5,"min":922893.125,"var":7989571878910.0},"spectral_strongpeak":{"dmean":0.281602025032,"dmean2":0.484177798033,"dvar":0.128658652306,"dvar2":0.345338582993,"max":4.4596786499,"mean":0.490851730108,"median":0.333955287933,"min":7.31104690677e-11,"var":0.230996549129},"zerocrossingrate":{"dmean":0.00474261911586,"dmean2":0.00627187499776,"dvar":4.15135036747e-05,"dvar2":5.16279396834e-05,"max":0.74951171875,"mean":0.0478870235384,"median":0.029296875,"min":0.0029296875,"var":0.00310920155607}},"metadata":{"audio_properties":{"analysis_sample_rate":44100,"bit_rate":256554,"codec":"mp3","downmix":"mix","equal_loudness":0,"length":217.704483032,"lossless":false,"md5_encoded":"cc9f11c5f4b2bf6305db502dd7991cab","replay_gain":-8.5391998291,"sample_rate":44100},"tags":{"acoustid_id":["122aac10-be1d-4cc2-8fc1-ca568c1fe23d"],"album":["Journey"],"albumartist":["Austin Wintory"],"albumartistsort":["Wintory, Austin"],"artist":["Austin Wintory"],"artistsort":["Wintory, Austin"],"artistwebpage":["http://austinwintory.com/"],"date":["2012"],"discnumber":["1/1"],"file_name":"16 Nadir.mp3","media":["Digital Media"],"musicbrainz album release country":["XW"],"musicbrainz album status":["official"],"musicbrainz album type":["album/soundtrack"],"musicbrainz_albumartistid":["78f15956-c5e1-46d6-a46b-fa6f46681ec8"],"musicbrainz_albumid":["1f3abcda-15a7-4465-92c6-9926cdc4f247"],"musicbrainz_artistid":["78f15956-c5e1-46d6-a46b-fa6f46681ec8"],"musicbrainz_recordingid":["1e8d479b-2f43-4670-9716-a89ea3cfe3f2"],"musicbrainz_releasegroupid":["d1850227-c7c7-42c8-b469-6e99023412de"],"originaldate":["2012"],"script":["Latn"],"title":["Nadir"],"tracknumber":["16/18"]},"version":{"essentia":"2.1-beta2","essentia_build_sha":"26c37b627ab5a2028d412893e0969599b764ad4d","essentia_git_sha":"v2.1_beta2","extractor":"music 1.0"}},"rhythm":{"beats_count":437,"beats_loudness":{"dmean":0.0135624073446,"dmean2":0.0238178018481,"dvar":0.000387610605685,"dvar2":0.00106483872514,"max":0.137231484056,"mean":0.0295343473554,"median":0.0226183328778,"min":0,"var":0.000895434932318},"beats_loudness_band_ratio":{"dmean":[0.135438397527,0.0965636819601,0.0844318792224,0.0650405436754,0.0510870814323,0.0186642948538],"dmean2":[0.228610515594,0.167071864009,0.147798612714,0.112167023122,0.0885985791683,0.031248005107],"dvar":[0.019205706194,0.0124914934859,0.0077790049836,0.00791802722961,0.00754236942157,0.00411593075842],"dvar2":[0.050139