{"lowlevel":{"average_loudness":0.085476346314,"barkbands":{"dmean":[3.52444731107e-05,0.00069420406362,0.000467251287773,0.000366958236555,0.000851803109981,0.00100340857171,0.000552035111468,0.000518669316079,0.000399367650971,0.000299352977891,0.000234890365391,0.000386075756978,0.000168549959199,0.000137663795613,0.000122258847114,0.000101602330687,6.66681080475e-05,4.41143238277e-05,5.03520786879e-05,1.89845468412e-05,1.5502804672e-05,6.28200496067e-06,1.93428263628e-06,1.44410012126e-06,7.29201588001e-07,3.19591009657e-07,1.03706405241e-07],"dmean2":[5.04570416524e-05,0.00118027499411,0.000789056182839,0.000601818843279,0.00128215865698,0.00144495721906,0.00071833585389,0.000750393839553,0.000550688768271,0.000467320234748,0.000325947679812,0.000544621725567,0.000268223171588,0.000221767331823,0.000203174946364,0.000169870036189,0.000111135457701,7.51745683374e-05,8.5846579168e-05,3.1765546737e-05,2.63229612756e-05,1.06618763311e-05,3.18730258186e-06,2.39875294028e-06,1.20856975627e-06,5.12694157351e-07,1.72118078012e-07],"dvar":[6.46666142856e-09,1.93545565708e-06,1.86377167211e-06,1.07305925212e-06,2.42811233875e-06,4.92280514663e-06,1.66547056324e-06,1.92886409422e-06,1.6126182345e-06,6.95994231137e-07,9.71351028056e-07,3.56642635779e-06,8.13217297946e-07,4.52908778925e-07,1.75007457415e-07,1.90095889252e-07,3.66091903459e-08,2.05298125167e-08,2.74946199141e-08,3.51861473291e-09,2.03012762157e-09,3.64964780619e-10,4.13581530134e-11,2.97653811321e-11,8.70387616148e-12,2.09748321142e-12,2.87868172225e-13],"dvar2":[1.31940822712e-08,5.68100722376e-06,5.18734668731e-06,3.03480123875e-06,6.20156470177e-06,1.26439363157e-05,2.86767703983e-06,4.45009573014e-06,2.77019898931e-06,1.85289025012e-06,1.42038913964e-06,6.47442902846e-06,2.2284671104e-06,1.13407099889e-06,4.72512596161e-07,5.04209424435e-07,1.03439319332e-07,5.8144980386e-08,7.640106503e-08,9.75563541061e-09,5.82320724973e-09,1.06120012777e-09,1.11120029844e-10,8.09218664299e-11,2.35147474409e-11,4.9313404922e-12,7.59019041195e-13],"max":[0.00300304614939,0.0241512283683,0.031172696501,0.0543345250189,0.0793311148882,0.0823460891843,0.0385415665805,0.0364029295743,0.0786053165793,0.0283220056444,0.0713163539767,0.0905846953392,0.0459283515811,0.026383433491,0.0171193424612,0.0287290979177,0.00755142141134,0.00601076008752,0.0070673301816,0.00186496344395,0.00166171300225,0.000703335914295,0.000297791033518,0.000235591520322,0.000146871578181,0.000138135786983,2.98476516036e-05],"mean":[0.000129057560116,0.00151128135622,0.000658567470964,0.00097632384859,0.0031431003008,0.003218206577,0.00144600879867,0.00116907793563,0.000929270987399,0.000569714815356,0.000461716233985,0.000744085176848,0.00029045221163,0.000260058412096,0.000208340905374,0.000170447980054,0.000120309385238,7.98054097686e-05,9.22775361687e-05,3.94917733502e-05,3.3856886148e-05,1.52181492012e-05,4.83602070744e-06,4.02253817811e-06,2.07200309887e-06,9.42656185998e-07,2.52827391023e-07],"median":[4.77683170175e-06,0.000227949523833,0.000111438443128,0.000105842220364,0.00103565421887,0.000837980420329,0.000326078967191,0.000200071997824,0.000160701572895,8.04261726444e-05,3.00767133012e-05,4.40958065155e-05,3.22706437146e-05,2.22174876399e-05,3.82872458431e-05,2.42985333898e-05,1.97771278181e-05,9.81383254839e-06,8.75851856108e-06,4.4778598749e-06,1.92779134522e-06,7.28169993636e-07,3.34437714855e-07,1.7285991305e-07,9.09048907261e-08,3.62887817573e-08,3.31255733954e-09],"min":[3.53969480959e-25,3.84321515654e-24,9.64738430116e-25,1.22498738984e-24,1.38584023049e-23,1.02314020896e-23,7.44578434965e-24,8.54277038014e-24,2.75149319487e-23,1.58652044943e-23,1.77900408803e-23,3.89909332991e-23,3.05833452791e-23,4.54069662332e-23,6.13816330667e-23,8.30063362736e-23,7.92273012626e-23,1.19593824965e-22,1.01018435188e-22,2.16543732122e-22,2.43038679542e-22,3.35332275253e-22,3.97135450344e-22,6.32485146819e-22,8.6596490216e-22,1.26035849919e-21,1.83442446963e-21],"var":[9.51846104158e-08,6.20458331468e-06,2.56697626355e-06,8.51229015097e-06,2.76592054433e-05,3.9996481064e-05,9.31047998165e-06,7.39762845114e-06,8.23096252134e-06,1.97871509044e-06,4.33810919276e-06,1.26462318804e-05,2.09297559195e-06,1.46599847994e-06,4.5546002525e-07,4.67479338795e-07,8.7527531889e-08,4.32854356802e-08,5.72918779085e-08,1.03844373101e-08,5.96001514808e-09,1.27724664178e-09,1.24128415879e-10,9.85822881661e-11,2.79026541455e-11,6.16291913336e-12,5.75726911891e-13]},"barkbands_crest":{"dmean":2.0277531147,"dmean2":3.15004587173,"dvar":3.46109318733,"dvar2":8.88414287567,"max":26.8989009857,"mean":11.5617847443,"median":10.7402067184,"min":2.86017346382,"var":20.2070789337},"barkbands_flatness_db":{"dmean":0.0153241464868,"dmean2":0.0227250307798,"dvar":0.000182142626727,"dvar2":0.000420320197009,"max":0.653089225292,"mean":0.233031153679,"median":0.211921617389,"min":0.0490821003914,"var":0.010177382268},"barkbands_kurtosis":{"dmean":2.64457726479,"dmean2":4.00938177109,"dvar":124.038887024,"dvar2":287.78729248,"max":810.687194824,"mean":5.92942142487,"median":2.86054372787,"min":-1.88806188107,"var":221.501434326},"barkbands_skewness":{"dmean":0.415842056274,"dmean2":0.626040935516,"dvar":0.226915299892,"dvar2":0.491111516953,"max":25.0528640747,"mean":1.53726387024,"median":1.38682210445,"min":-5.25489997864,"var":1.60673129559},"barkbands_spread":{"dmean":1.94205284119,"dmean2":2.97836589813,"dvar":5.45682239532,"dvar2":13.1085271835,"max":128.560958862,"mean":10.2629518509,"median":8.68577575684,"min":0.0605100095272,"var":59.9523429871},"dissonance":{"dmean":0.027684899047,"dmean2":0.0462713912129,"dvar":0.000605296343565,"dvar2":0.00166666519362,"max":0.500000059605,"mean":0.410660237074,"median":0.423732101917,"min":0.0831278935075,"var":0.00370299560018},"dynamic_complexity":7.13264608383,"erbbands":{"dmean":[0.0214741453528,0.161311969161,0.513522148132,0.764751493931,1.81221055984,3.25402021408,5.65752792358,9.57323551178,7.35237264633,10.1681728363,11.250041008,7.69560337067,10.0116319656,9.54756546021,11.7275705338,14.4770326614,8.06601715088,7.6864566803,4.37276649475,7.37879610062,5.31180524826,2.7577753067,2.28629517555,2.42984342575,2.0032389164,1.10326373577,0.80782276392,0.335403293371,0.192088767886,0.115718364716,0.056191906333,0.0395333692431,0.0204766504467,0.00964033883065,0.00461472477764,0.00166023813654,0.000649553840049,0.000152473905473,1.88762387552e-05,3.49336437466e-06],"dmean2":[0.0365986377001,0.273360431194,0.864199995995,1.27599155903,2.70845866203,5.0411400795,8.18210315704,13.7066583633,10.1391496658,13.3076162338,16.5039367676,10.7477025986,14.8739833832,14.1150341034,16.0047988892,21.0635967255,12.9039869308,12.4659900665,7.25870943069,12.1441516876,8.92540645599,4.56899690628,3.88955497742,4.14662504196,3.39389538765,1.84498536587,1.37177467346,0.573799073696,0.326936841011,0.193724706769,0.0929860025644,0.0656210631132,0.0339743793011,0.0159137453884,0.00760309258476,0.0026618372649,0.00105570617598,0.000251951743849,3.09419556288e-05,5.30171382707e-06],"dvar":[0.00187933049165,0.121502757072,2.04949569702,4.04007911682,22.1352272034,41.1988563538,132.172836304,533.604797363,283.373352051,715.793945312,1097.53393555,445.316345215,1268.88647461,620.214233398,1764.92199707,4881.65673828,2134.73388672,1479.40771484,214.089935303,1117.07324219,313.752563477,50.9162826538,45.423740387,75.7876586914,45.7943153381,14.0096445084,5.93595170975,0.960643231869,0.321833044291,0.182285919785,0.0375298336148,0.0216447208077,0.00629185792059,0.00133553356864,0.000433830544353,7.04837002559e-05,6.51018990538e-06,5.79283494062e-07,8.64419558155e-09,3.47305170734e-11],"dvar2":[0.00573768606409,0.350795805454,5.66247940063,11.4485502243,52.9685668945,116.116226196,295.021362305,1349.42687988,604.41394043,1176.32299805,2572.29614258,878.497558594,3070.65307617,1323.4152832,2655.55175781,10378.3935547,5955.96875,3813.63110352,586.224243164,2964.52832031,862.227722168,142.426818848,128.942153931,215.880523682,125.774726868,39.0066452026,17.0128898621,2.73792481422,0.921936094761,0.532972276211,0.100643470883,0.0580591447651,0.0172733105719,0.00359751656651,0.00115290051326,0.000163015225553,1.66164936672e-05,1.54162125909e-06,2.25201013393e-08,8.58786028402e-11],"max":[0.724273264408,6.47163009644,31.4532356262,65.2877044678,450.481964111,204.999816895,424.397247314,939.960510254,561.157043457,961.16015625,925.576293945,950.219604492,1635.60131836,857.790466309,2095.21704102,3000.39697266,2417.07714844,1610.50561523,893.602233887,1725.23583984,763.738525391,282.930908203,245.313323975,331.926818848,219.718399048,127.364875793,86.92993927,26.6690483093,20.1520881653,27.1689510345,8.57934474945,5.88181591034,3.31988573074,1.36273133755,1.41967487335,0.943851411343,0.128773167729,0.0302204079926,0.00638141389936,0.000178791495273],"mean":[0.0471031889319,0.32048946619,0.803422749043,1.75305128098,7.25855922699,10.0843229294,17.1696796417,29.3904953003,21.9716434479,26.159658432,24.8507843018,18.6246509552,21.9965953827,20.1287517548,24.5154838562,28.2678794861,15.1846942902,15.606171608,8.19812297821,12.9590549469,9.41057300568,5.70999956131,4.51513433456,4.71303367615,3.99063658714,2.39260196686,1.72825348377,0.822853505611,0.494158744812,0.295650780201,0.146145015955,0.0987078994513,0.0551067069173,0.027239613235,0.0122734280303,0.00486223446205,0.00170860090293,0.00038027705159,5.48112111574e-05,1.96852088266e-05],"median":[0.00542039517313,0.0480540469289,0.155911564827,0.319324225187,1.29825294018,3.73169255257,4.95043611526,6.46530628204,5.19181013107,5.52417039871,4.58688211441,4.14766359329,2.8223927021,3.42975497246,2.78155612946,2.24462962151,1.87313199043,1.47859334946,1.7247903347,1.85109686852,1.68373823166,1.18291199207,0.762553870678,0.518536746502,0.403097003698,0.239005357027,0.116005688906,0.0499976910651,0.0278590489179,0.0162266921252,0.00826061889529,0.00455674855039,0.00242837588303,0.00120856147259,0.000538550142664,0.000183381547686,6.80662415107e-05,1.25445931189e-05,4.77640378449e-06,8.80426523509e-06],"min":[6.37610773706e-23,1.47396244333e-21,2.2502628654e-21,9.29013169866e-21,1.92721046601e-20,2.09658328969e-20,4.47110411195e-20,5.75469035165e-20,1.60687149367e-19,8.83796149474e-20,2.69667833179e-19,6.38499577456e-19,6.96507013779e-19,7.70635993445e-19,1.26360813477e-18,1.98876470416e-18,1.8977144526e-18,2.31819186465e-18,3.68056412379e-18,3.6683867844e-18,5.29863279952e-18,4.59241328949e-18,7.20272977773e-18,6.2346654176e-18,6.01274692133e-18,9.09312037318e-18,8.61668171114e-18,8.31441750761e-18,9.26515243389e-18,1.1402286043e-17,1.22788543012e-17,1.16717674245e-17,9.9868526291e-18,8.87666623203e-18,6.20039449765e-18,4.20057204305e-18,2.32511681395e-18,1.0727673311e-18,2.46090083794e-19,2.79098881235e-20],"var":[0.00624186499044,0.358909845352,3.13549971581,16.2825469971,480.001464844,253.012130737,1026.50402832,4298.13964844,1894.20227051,3683.80004883,3759.2644043,1970.53161621,4945.62255859,2163.49926758,7591.25439453,15049.8408203,5567.18652344,5067.62597656,437.786346436,3231.78198242,645.779724121,165.561965942,108.769813538,173.137817383,105.079467773,39.4007148743,16.4711856842,3.45845270157,1.24083137512,0.631085634232,0.119931980968,0.0599611960351,0.0196957997978,0.00473811803386,0.00111455051228,0.000187924073543,1.84202090168e-05,1.11160375127e-06,2.01487733165e-08,5.74926384278e-10]},"erbbands_crest":{"dmean":2.51546859741,"dmean2":3.86591005325,"dvar":5.28600978851,"dvar2":12.566567421,"max":32.1946678162,"mean":12.3249454498,"median":11.4376707077,"min":2.68647265434,"var":24.2911014557},"erbbands_flatness_db":{"dmean":0.0132871288806,"dmean2":0.019225852564,"dvar":0.000134133719257,"dvar2":0.00028765690513,"max":0.532054126263,"mean":0.250167757273,"median":0.240443751216,"min":0.0253277420998,"var":0.00457281852141},"erbbands_kurtosis":{"dmean":1.21090757847,"dmean2":1.81636106968,"dvar":4.49137306213,"dvar2":9.12886428833,"max":105.330711365,"mean":1.75863981247,"median":0.545873165131,"min":-1.67495632172,"var":19.1731872559},"erbbands_skewness":{"dmean":0.334447830915,"dmean2":0.492586582899,"dvar":0.0922466516495,"dvar2":0.199071705341,"max":8.07826805115,"mean":0.790325582027,"median":0.723724484444,"min":-4.09285449982,"var":0.812765300274},"erbbands_spread":{"dmean":3.5719807148,"dmean2":5.43363857269,"dvar":12.5570936203,"dvar2":30.0993270874,"max":110.957641602,"mean":20.1301403046,"median":19.4106063843,"min":0.687181293964,"var":97.9799957275},"gfcc":{"cov":[[21324.3671875,-740.680114746,-2004.53857422,1334.38562012,-571.989501953,650.385559082,309.514770508,524.139526367,-335.915039062,26.8714771271,-323.831359863,194.533447266,85.8925247192],[-740.680114746,1971.15197754,928.519775391,-311.83795166,148.42074585,-306.85067749,13.8046483994,-301.383789062,-0.927932024002,-264.410736084,106.07698822,-72.903175354,276.296630859],[-2004.53857422,928.519775391,1874.35510254,164.595596313,230.620407104,-10.6922426224,73.1275253296,-46.8345108032,133.657974243,-37.7356185913,100.270751953,-8.93079566956,152.658279419],[1334.38562012,-311.83795166,164.595596313,628.061645508,169.504943848,226.852722168,92.920753479,164.296386719,41.4607925415,89.1016235352,-32.9865722656,40.9782829285,-35.9555282593],[-571.989501953,148.42074585,230.620407104,169.504943848,335.044006348,162.723373413,95.8128433228,64.0069198608,57.7946662903,34.3455619812,29.7018623352,18.3979454041,10.455994606],[650.385559082,-306.85067749,-10.6922426224,226.852722168,162.723373413,358.685760498,159.103530884,159.639465332,57.4845619202,98.8543014526,25.7932300568,59.4893798828,-40.8372268677],[309.514770508,13.8046483994,73.1275253296,92.920753479,95.8128433228,159.103530884,194.06993103,100.295387268,34.1579322815,41.2047119141,34.8836364746,31.5582714081,4.45335435867],[524.139526367,-301.383789062,-46.8345108032,164.296386719,64.0069198608,159.639465332,100.295387268,223.512695312,85.6225967407,85.4989395142,-14.2722330093,26.4914512634,-36.8372268677],[-335.915039062,-0.927932024002,133.657974243,41.4607925415,57.7946662903,57.4845619202,34.1579322815,85.6225967407,147.559402466,75.3651809692,32.9586601257,1.47214066982,-7.19709300995],[26.8714771271,-264.410736084,-37.7356185913,89.1016235352,34.3455619812,98.8543014526,41.2047119141,85.4989395142,75.3651809692,162.223770142,57.6572151184,33.7647819519,-45.7532463074],[-323.831359863,106.07698822,100.270751953,-32.9865722656,29.7018623352,25.7932300568,34.8836364746,-14.2722330093,32.9586601257,57.6572151184,140.432067871,62.1726913452,14.9825582504],[194.533447266,-72.903175354,-8.93079566956,40.9782829285,18.3979454041,59.4893798828,31.5582714081,26.4914512634,1.47214066982,33.7647819519,62.1726913452,105.538749695,26.7653560638],[85.8925247192,276.296630859,152.658279419,-35.9555282593,10.455994606,-40.8372268677,4.45335435867,-36.8372268677,-7.19709300995,-45.7532463074,14.9825582504,26.7653560638,121.873710632]],"icov":[[0.000124541722471,-0.00029871269362,0.000189024372958,-0.000371433736291,0.000576965103392,-0.000396864867071,0.000115625705803,-0.00034744568984,0.000389976048609,-0.000270893331617,0.000276918814052,-0.000149222250911,-0.000128584826598],[-0.00029871269362,0.00280605326407,-0.000790023826994,0.0010402079206,-0.00248129223473,0.00217244285159,-0.00178519659676,0.00226708222181,-0.00213755923323,0.00317571498454,-0.00284900213592,0.00246336404234,-0.00228801835328],[0.000189024372958,-0.000790023826994,0.00115487503354,-0.00101080420427,0.000758102105465,-0.000595145276748,0.000172960935743,-0.000332147959853,-0.000139195253723,-0.000286335882265,3.13620403176e-05,5.57113744435e-05,-0.000589956296608],[-0.000371433736291,0.0010402079206,-0.00101080420427,0.00383445736952,-0.00255790422671,0.000477268185932,-7.12084438419e-05,4.88051482535e-05,-0.000213362800423,-0.000232382895774,0.000763454590924,-0.000514125975315,0.000616868899669],[0.000576965103392,-0.00248129223473,0.000758102105465,-0.00255790422671,0.00791998300701,-0.00432893261313,0.000725795340259,-0.00172643479891,0.00133228325285,-0.00182029616553,0.00163684319705,-0.000902782485355,0.000228395598242],[-0.000396864867071,0.00217244285159,-0.000595145276748,0.000477268185932,-0.00432893261313,0.00915909744799,-0.00481309555471,0.000717387185432,-0.00191522913519,0.00109885132406,-0.00116452598013,-0.000976680428721,0.000731088628527],[0.000115625705803,-0.00178519659676,0.000172960935743,-7.12084438419e-05,0.000725795340259,-0.00481309555471,0.0113545656204,-0.00541096180677,0.003138091648,-0.00111002952326,-0.00163151649758,0.000450166582596,-0.000127113831695],[-0.00034744568984,0.00226708222181,-0.000332147959853,4.88051482535e-05,-0.00172643479891,0.000717387185432,-0.00541096180677,0.0138316871598,-0.00782374013215,0.000574037316255,0.0030607546214,-0.00168837269302,5.06198957737e-05],[0.000389976048609,-0.00213755923323,-0.000139195253723,-0.000213362800423,0.00133228325285,-0.00191522913519,0.003138091648,-0.00782374013215,0.0154769932851,-0.00684376433492,-0.000716897833627,0.00230316841044,-0.000625893997494],[-0.000270893331617,0.00317571498454,-0.000286335882265,-0.000232382895774,-0.00182029616553,0.00109885132406,-0.00111002952326,0.000574037316255,-0.00684376433492,0.0171864069998,-0.00890384241939,0.0023215841502,0.000652510148939],[0.000276918814052,-0.00284900213592,3.13620403176e-05,0.000763454590924,0.00163684319705,-0.00116452598013,-0.00163151649758,0.0030607546214,-0.000716897833627,-0.00890384241939,0.0195068642497,-0.0122827766463,0.00381823652424],[-0.000149222250911,0.00246336404234,5.57113744435e-05,-0.000514125975315,-0.000902782485355,-0.000976680428721,0.000450166582596,-0.00168837269302,0.00230316841044,0.0023215841502,-0.0122827766463,0.0213050786406,-0.00863887835294],[-0.000128584826598,-0.00228801835328,-0.000589956296608,0.000616868899669,0.000228395598242,0.000731088628527,-0.000127113831695,5.06198957737e-05,-0.000625893997494,0.000652510148939,0.00381823652424,-0.00863887835294,0.0162850674242]],"mean":[-144.193664551,149.878723145,-125.256568909,5.91514205933,-52.7749710083,-14.3398723602,-35.4976539612,-4.21998548508,-18.3419284821,-2.62900710106,-8.28080558777,-2.36249470711,-3.62438416481]},"hfc":{"dmean":1.73173940182,"dmean2":2.55612492561,"dvar":12.688668251,"dvar2":29.1132183075,"max":108.501899719,"mean":8.88449668884,"median":3.21170449257,"min":1.05815015218e-16,"var":147.383224487},"melbands":{"dmean":[0.000184995660675,0.000237658488913,0.000156835754751,0.000172021609615,0.000183809737791,0.000203916031751,0.000115383110824,0.000110707063868,8.17344989628e-05,5.32426820428e-05,5.05162388436e-05,3.969676618e-05,3.95877395931e-05,5.01227004861e-05,2.05083470064e-05,1.67535072251e-05,1.39235626193e-05,6.88254522174e-06,7.58645137466e-06,8.33276862977e-06,6.7506580308e-06,3.06043966702e-06,3.09026449941e-06,2.47605430559e-06,2.09139875551e-06,1.98886232283e-06,8.29403404623e-07,7.32830017114e-07,6.03407386279e-07,3.47202387729e-07,2.02441171382e-07,1.17521075538e-07,1.29562906181e-07,5.05177801813e-08,4.00236146447e-08,2.75348650547e-08,2.27359517879e-08,1.52800740949e-08,1.51914925084e-08,7.45537942493e-09],"dmean2":[0.00031370355282,0.000401118159061,0.00025293417275,0.00026342185447,0.000268512871116,0.000292790209642,0.000157097398187,0.000148621402332,0.000119729797007,7.35545836505e-05,7.48619349906e-05,5.90222407482e-05,5.4293894209e-05,7.02101970091e-05,3.16803343594e-05,2.70410600933e-05,2.26197935262e-05,1.1424585864e-05,1.25040269268e-05,1.36524276968e-05,1.14194917842e-05,5.0427588576e-06,5.23161315868e-06,4.25042753704e-06,3.5662915252e-06,3.37531673722e-06,1.38653922477e-06,1.22634105537e-06,1.02192143459e-06,5.95429298755e-07,3.46129581885e-07,1.99053701522e-07,2.1949070117e-07,8.51048937989e-08,6.69407711484e-08,4.57391493569e-08,3.77588946776e-08,2.56499870233e-08,2.50444571748e-08,1.24318892958e-08],"dvar":[1.29474031496e-07,3.6952502569e-07,1.70179333736e-07,1.21524976748e-07,1.2405971006e-07,2.33343712353e-07,6.64388011273e-08,7.1934010748e-08,5.49410614781e-08,2.52510385934e-08,3.13983292699e-08,1.11125499913e-08,2.30845333959e-08,6.14300930124e-08,9.6586498799e-09,6.41504627197e-09,4.68226213357e-09,5.23896426241e-10,7.71349095707e-10,1.53380075307e-09,5.79944092749e-10,8.41319444667e-11,1.30429902989e-10,8.13459091753e-11,6.74478736751e-11,4.85502436864e-11,5.119466049e-12,7.24690966958e-12,3.64712687134e-12,1.94741943925e-12,4.5398575307e-13,1.3580327455e-13,2.08463143123e-13,3.56873954216e-14,1.81542081308e-14,1.18328385149e-14,7.14319232155e-15,3.34832568742e-15,4.34464543877e-15,8.40812760806e-16],"dvar2":[3.82070425076e-07,1.04484274743e-06,4.6267888365e-07,3.22360847349e-07,2.84102270598e-07,5.96651489104e-07,1.37649706744e-07,1.2707673136e-07,1.26177312154e-07,4.49281358783e-08,7.46165369492e-08,2.44276314731e-08,3.40892469808e-08,1.06266917044e-07,2.45539055754e-08,1.7639530725e-08,1.20237650947e-08,1.41573908152e-09,2.06269090697e-09,4.01400512828e-09,1.59521562626e-09,2.33677327488e-10,3.73460262715e-10,2.30168689663e-10,1.91550025841e-10,1.32632141381e-10,1.41453394137e-11,2.01326906535e-11,1.03271870222e-11,5.56842245925e-12,1.3133094872e-12,3.9382375399e-13,5.94537602743e-13,1.05557042599e-13,4.98204755716e-14,3.06361415457e-14,1.93798631114e-14,9.07695329354e-15,1.21856819475e-14,2.31511045144e-15],"max":[0.00507154129446,0.0117622399703,0.0273918323219,0.0200310181826,0.0117264082655,0.0191299431026,0.00874201953411,0.00883445702493,0.00694864848629,0.00915772654116,0.00835371203721,0.00371141009964,0.0103371329606,0.0127425948158,0.00384352635592,0.00329763581976,0.0027222095523,0.00134994287509,0.00110980123281,0.00258110486902,0.00112704455387,0.000419327057898,0.000462290889118,0.000451044004876,0.000338408251991,0.000306265661493,6.05719869782e-05,8.89367511263e-05,5.87723188801e-05,5.87592294323e-05,2.51090405072e-05,1.11566114356e-05,2.27963482757e-05,9.0071471277e-06,3.90649029214e-06,6.6290099312e-06,4.62989737571e-06,2.58113095697e-06,2.97211931866e-06,1.38926156978e-06],"mean":[0.000419819582021,0.000428746279795,0.000499348563608,0.000609888113104,0.000572902674321,0.000629367423244,0.000347575405613,0.00028054122231,0.000179822120117,0.000125184596982,0.00010882497736,7.93597428128e-05,7.9619429016e-05,9.65232247836e-05,3.73976581614e-05,3.2250653021e-05,2.71607368632e-05,1.20499853438e-05,1.35266100187e-05,1.46273314385e-05,1.10399541882e-05,5.9033600337e-06,4.98426061313e-06,4.27565555583e-06,3.66197718904e-06,3.6234084746e-06,1.69169595665e-06,1.43636907524e-06,1.15154261948e-06,7.15298142495e-07,4.27539362136e-07,2.70210279041e-07,2.84306338472e-07,1.13441522842e-07,9.0757048099e-08,6.39070663055e-08,5.22210577003e-08,3.64462877656e-08,3.62797578646e-08,1.85102670969e-08],"median":[5.83455475862e-05,8.21759822429e-05,7.95347659732e-05,0.000180078626727,0.000186618868611,0.000145851823618,8.32411460578e-05,5.94486300542e-05,3.52514143742e-05,2.2646780053e-05,1.27069224618e-05,1.23361778606e-05,7.31654927222e-06,5.82950906391e-06,3.74578985429e-06,3.46048727806e-06,1.99467558559e-06,2.20229435399e-06,2.23070219363e-06,1.88183776118e-06,1.65910466876e-06,1.05106460069e-06,7.51269624288e-07,4.41786284e-07,3.55573263278e-07,3.13496201443e-07,1.90104302078e-07,1.35326459372e-07,7.57158815645e-08,3.61676164573e-08,2.38435173827e-08,1.61389479558e-08,1.11976516948e-08,7.51520268238e-09,4.58133353476e-09,3.47031847703e-09,2.23801710497e-09,1.62432622908e-09,1.35874678175e-09,8.41585301448e-10],"min":[8.38407680956e-25,1.5592772564e-24,2.22015928482e-24,2.63614358673e-24,1.40200669229e-24,1.34226960859e-24,2.47398948057e-24,6.11025328951e-25,1.53823902631e-24,4.30678690092e-24,3.03036597727e-24,2.59459152183e-24,2.77619479639e-24,4.21558826938e-24,3.33872598588e-24,3.96966600978e-24,3.42000469153e-24,4.22435566948e-24,4.66617930756e-24,3.54009456485e-24,4.43738361264e-24,4.61510529711e-24,5.6757717771e-24,4.69348572779e-24,4.46956124896e-24,3.15801649073e-24,4.87626282738e-24,4.62025616439e-24,4.78921399864e-24,4.92725992389e-24,3.98005136359e-24,4.91588809951e-24,6.3178662942e-24,5.59087180547e-24,6.5587007954e-24,6.99992016602e-24,6.33974022381e-24,5.57762288656e-24,6.20419143775e-24,6.62271922444e-24],"var":[4.51833670922e-07,6.8732293812e-07,2.03093622986e-06,1.3048721712e-06,9.73549049377e-07,1.84304269624e-06,4.54592594679e-07,3.70978767705e-07,1.97672761715e-07,1.24426932757e-07,1.23940367303e-07,3.59551215467e-08,1.01739956904e-07,2.21801059297e-07,2.67220627848e-08,1.94345499693e-08,1.62175126661e-08,1.08714970359e-09,2.26136886994e-09,4.52516024652e-09,1.11737230579e-09,2.62989185984e-10,2.46921511016e-10,1.60787771986e-10,1.39985592562e-10,1.01546382414e-10,1.40458322057e-11,1.89911853604e-11,8.93738728858e-12,5.23209817485e-12,1.29287216783e-12,4.37690384153e-13,6.3479045154e-13,1.08245979183e-13,5.27595680902e-14,2.83391575994e-14,1.83296777821e-14,9.06867015835e-15,1.36392938231e-14,2.28096210641e-15]},"melbands_crest":{"dmean":2.50453710556,"dmean2":3.89699912071,"dvar":5.47716522217,"dvar2":14.3794231415,"max":33.9338569641,"mean":14.8960886002,"median":13.7151994705,"min":1.59232103825,"var":34.3070907593},"melbands_flatness_db":{"dmean":0.016640169546,"dmean2":0.0246841907501,"dvar":0.000226689706324,"dvar2":0.000526980380528,"max":0.83831435442,"mean":0.306872278452,"median":0.279521197081,"min":0.00321484613232,"var":0.0142862619832},"melbands_kurtosis":{"dmean":3.16397714615,"dmean2":4.83488130569,"dvar":33.5014038086,"dvar2":77.5258560181,"max":423.372406006,"mean":7.99202346802,"median":5.1466999054,"min":-1.86382389069,"var":116.227020264},"melbands_skewness":{"dmean":0.44723200798,"dmean2":0.676754772663,"dvar":0.189995750785,"dvar2":0.459995299578,"max":17.5742931366,"mean":1.85399365425,"median":1.72226333618,"min":-2.42013192177,"var":1.31214308739},"melbands_spread":{"dmean":2.80371618271,"dmean2":4.30458593369,"dvar":13.5600318909,"dvar2":32.2472801208,"max":191.939071655,"mean":13.783454895,"median":11.000664711,"min":0.309108167887,"var":145.504348755},"mfcc":{"cov":[[15805.0722656,727.36932373,-1781.32470703,603.70111084,-730.663879395,222.710708618,387.14642334,532.815979004,338.073059082,245.33140564,-169.533599854,-95.2355422974,13.0587921143],[727.36932373,1937.06921387,418.500579834,11.9496984482,29.617395401,-53.4213676453,10.8999423981,-26.0389690399,-41.0370063782,-140.19178772,-252.660446167,-152.673599243,-69.9382553101],[-1781.32470703,418.500579834,1269.09289551,158.640655518,226.125015259,99.3234329224,10.4824180603,-9.45039176941,8.38703155518,-3.79165863991,1.52407109737,16.3643684387,-3.98733282089],[603.70111084,11.9496984482,158.640655518,450.426483154,178.907226562,104.065986633,82.6414871216,65.2761917114,80.6083297729,62.1662406921,12.5474720001,34.6583251953,48.2043952942],[-730.663879395,29.617395401,226.125015259,178.907226562,314.253570557,142.22807312,68.9216308594,63.4015197754,66.0282287598,48.9308547974,51.4364089966,46.350643158,39.5452690125],[222.710708618,-53.4213676453,99.3234329224,104.065986633,142.22807312,214.248962402,133.054901123,92.143661499,65.6365585327,58.288734436,60.5774421692,55.0890846252,43.498085022],[387.14642334,10.8999423981,10.4824180603,82.6414871216,68.9216308594,133.054901123,197.592926025,120.073356628,60.9043693542,40.7591056824,30.9926548004,41.5052604675,37.1427497864],[532.815979004,-26.0389690399,-9.45039176941,65.2761917114,63.4015197754,92.143661499,120.073356628,180.063995361,106.577362061,53.5733222961,36.4779205322,35.068813324,30.3302764893],[338.073059082,-41.0370063782,8.38703155518,80.6083297729,66.0282287598,65.6365585327,60.9043693542,106.577362061,153.638565063,94.0709381104,29.857427597,16.6930274963,18.0615367889],[245.33140564,-140.19178772,-3.79165863991,62.1662406921,48.9308547974,58.288734436,40.7591056824,53.5733222961,94.0709381104,144.459274292,86.4424438477,27.5703716278,12.7788286209],[-169.533599854,-252.660446167,1.52407109737,12.5474720001,51.4364089966,60.5774421692,30.9926548004,36.4779205322,29.857427597,86.4424438477,173.906234741,93.7765045166,26.3907241821],[-95.2355422974,-152.673599243,16.3643684387,34.6583251953,46.350643158,55.0890846252,41.5052604675,35.068813324,16.6930274963,27.5703716278,93.7765045166,152.469192505,83.1685562134],[13.0587921143,-69.9382553101,-3.98733282089,48.2043952942,39.5452690125,43.498085022,37.1427497864,30.3302764893,18.0615367889,12.7788286209,26.3907241821,83.1685562134,139.594177246]],"icov":[[0.000183871437912,-0.000164000870427,0.000261066044914,-0.000490985519718,0.000861318956595,-0.000634544412605,0.00032540113898,-0.000606389541645,0.000181994662853,-0.000383921578759,0.000190090562683,-6.42231752863e-05,9.04570551938e-05],[-0.000164000870427,0.000871181779075,-0.000468630576506,0.000516624073498,-0.00095126463566,0.000825662806164,-0.000673034694046,0.000506380747538,-0.00015442619042,0.000491123239044,0.000747272453737,0.000197611705516,5.7297944295e-05],[0.000261066044914,-0.000468630576506,0.00139018450864,-0.000856422062498,0.000650707050227,-0.00127222528681,0.000787197903264,-0.000638663128484,0.000301979889628,-0.000445799261797,0.00015230414283,-0.000320505729178,0.000381536636269],[-0.000490985519718,0.000516624073498,-0.000856422062498,0.00451625883579,-0.00380866904743,0.00184568529949,-0.00162739085499,0.00189961190335,-0.000932916766033,-6.54452232993e-05,0.000735472131055,-0.000217372740735,-0.000637982680928],[0.000861318956595,-0.00095126463566,0.000650707050227,-0.00380866904743,0.0100676286966,-0.00625821528956,0.00273905415088,-0.00291259889491,-0.000311736250296,-0.000811762001831,-0.00048461087863,-9.6879521152e-06,-9.25846779865e-06],[-0.000634544412605,0.000825662806164,-0.00127222528681,0.00184568529949,-0.00625821528956,0.0137741314247,-0.0073427259922,0.00224393955432,-0.00108701339923,0.000636527664028,-0.00169491581619,9.83296704362e-05,-0.000909463386051],[0.00032540113898,-0.000673034694046,0.000787197903264,-0.00162739085499,0.00273905415088,-0.0073427259922,0.0132990181446,-0.00783595815301,0.00309718679637,-0.00203308742493,0.00156061304733,-0.00115218025167,6.96915594744e-05],[-0.000606389541645,0.000506380747538,-0.000638663128484,0.00189961190335,-0.00291259889491,0.00224393955432,-0.00783595815301,0.0171633120626,-0.0106736971065,0.00541236717254,-0.00315703591332,0.000555270235054,-0.000730499858037],[0.000181994662853,-0.00015442619042,0.000301979889628,-0.000932916766033,-0.000311736250296,-0.00108701339923,0.00309718679637,-0.0106736971065,0.0200763233006,-0.0127111729234,0.00577688636258,-0.00150213297457,0.000527280964889],[-0.000383921578759,0.000491123239044,-0.000445799261797,-6.54452232993e-05,-0.000811762001831,0.000636527664028,-0.00203308742493,0.00541236717254,-0.0127111729234,0.0205998066813,-0.0107613299042,0.00461808219552,-0.00126960524358],[0.000190090562683,0.000747272453737,0.00015230414283,0.000735472131055,-0.00048461087863,-0.00169491581619,0.00156061304733,-0.00315703591332,0.00577688636258,-0.0107613299042,0.0169256441295,-0.00934118591249,0.00364630925469],[-6.42231752863e-05,0.000197611705516,-0.000320505729178,-0.000217372740735,-9.6879521152e-06,9.83296704362e-05,-0.00115218025167,0.000555270235054,-0.00150213297457,0.00461808219552,-0.00934118591249,0.0163111165166,-0.00785143766552],[9.04570551938e-05,5.7297944295e-05,0.000381536636269,-0.000637982680928,-9.25846779865e-06,-0.000909463386051,6.96915594744e-05,-0.000730499858037,0.000527280964889,-0.00126960524358,0.00364630925469,-0.00785143766552,0.011877710931]],"mean":[-779.597839355,172.560806274,-8.09547233582,18.7393951416,-2.82693862915,-8.53588199615,-9.99923706055,-7.87947368622,-6.55501556396,-4.20957040787,-5.47609949112,-1.92372238636,1.06463980675]},"pitch_salience":{"dmean":0.0546522252262,"dmean2":0.0853608474135,"dvar":0.00230798008852,"dvar2":0.00571855576709,"max":0.829962074757,"mean":0.516218245029,"median":0.52382183075,"min":0.0384256094694,"var":0.0132208298892},"silence_rate_20dB":{"dmean":0,"dmean2":0,"dvar":0,"dvar2":0,"max":1,"mean":1,"median":1,"min":1,"var":0},"silence_rate_30dB":{"dmean":0.00130293157417,"dmean2":0.00260600470938,"dvar":0.00130133761559,"dvar2":0.00335969380103,"max":1,"mean":0.997937142849,"median":1,"min":0,"var":0.00205839029513},"silence_rate_60dB":{"dmean":0.0274701416492,"dmean2":0.0549432635307,"dvar":0.0267151799053,"dvar2":0.0596229210496,"max":1,"mean":0.313012331724,"median":0,"min":0,"var":0.215038463473},"spectral_centroid":{"dmean":98.7412719727,"dmean2":150.997207642,"dvar":21486.3515625,"dvar2":44024.0898438,"max":11778.9628906,"mean":818.77935791,"median":668.12310791,"min":104.950698853,"var":469541.78125},"spectral_complexity":{"dmean":1.31682956219,"dmean2":2.21173787117,"dvar":1.96745443344,"dvar2":5.09525251389,"max":38,"mean":10.0535802841,"median":8,"min":0,"var":49.5066604614},"spectral_contrast_coeffs":{"dmean":[0.0401801094413,0.0361847430468,0.0333067663014,0.0271072499454,0.0187421217561,0.012816102244],"dmean2":[0.0675587207079,0.0574118643999,0.0527739226818,0.0445662811399,0.0307658016682,0.0212211515754],"dvar":[0.00106139539275,0.000846259703394,0.000719560775906,0.000476626009913,0.000228689576034,0.000121271586977],"dvar2":[0.00304780318402,0.00219442346133,0.00180471071508,0.00126917776652,0.000607884372585,0.000332963158144],"max":[-0.268748104572,-0.400014281273,-0.418447196484,-0.478647351265,-0.559635281563,-0.58727222681],"mean":[-0.618353962898,-0.673496484756,-0.701819181442,-0.736492931843,-0.762537121773,-0.773751914501],"median":[-0.624404013157,-0.674644231796,-0.703422367573,-0.738647639751,-0.760932207108,-0.7679053545],"min":[-0.971269667149,-0.97857260704,-0.972198069096,-0.970442712307,-0.968783259392,-0.963794410229],"var":[0.0149863222614,0.00535971205682,0.00501030823216,0.00479876808822,0.00400368450209,0.0028487527743]},"spectral_contrast_valleys":{"dmean":[0.364972352982,0.28063338995,0.246485352516,0.206021443009,0.155567169189,0.146855130792],"dmean2":[0.623193383217,0.463751703501,0.411540091038,0.339010566473,0.242933794856,0.227026998997],"dvar":[0.0948282778263,0.0603184737265,0.0466225370765,0.0345489419997,0.0263618789613,0.0338132269681],"dvar2":[0.261279225349,0.148183315992,0.110871568322,0.0769605711102,0.0460835285485,0.0748622864485],"max":[-5.45682525635,-4.73203468323,-5.64782714844,-6.30519866943,-6.60540723801,-9.07203769684],"mean":[-8.47606754303,-7.59429264069,-8.78123378754,-9.46731185913,-9.62534999847,-12.7044095993],"median":[-8.02901172638,-7.23746156693,-8.51741981506,-9.2958650589,-9.30448150635,-12.7805747986],"min":[-28.2177066803,-28.1022815704,-27.7994842529,-27.9347858429,-27.5525455475,-27.3974475861],"var":[3.5252892971,3.23240590096,3.42449259758,2.7100315094,2.97053813934,2.15518140793]},"spectral_decrease":{"dmean":7.50745687839e-10,"dmean2":1.13553710879e-09,"dvar":1.45409769688e-18,"dvar2":3.60918174565e-18,"max":1.22709332196e-16,"mean":-4.09964284742e-09,"median":-1.95467309005e-09,"min":-4.18567438487e-08,"var":2.50315507445e-17},"spectral_energy":{"dmean":0.00296501908451,"dmean2":0.00447603967041,"dvar":2.29237648455e-05,"dvar2":5.64901420148e-05,"max":0.16192612052,"mean":0.0162787996233,"median":0.00768280122429,"min":9.98073057491e-21,"var":0.000393811933463},"spectral_energyband_high":{"dmean":2.42412461375e-05,"dmean2":4.02862897317e-05,"dvar":4.67182426078e-09,"dvar2":1.2875626787e-08,"max":0.00243363645859,"mean":7.80155605753e-05,"median":5.73317083763e-06,"min":6.96698444698e-21,"var":2.67741686599e-08},"spectral_energyband_low":{"dmean":0.00106425548438,"dmean2":0.00179371458944,"dvar":5.18529168403e-06,"dvar2":1.49955967572e-05,"max":0.0390055216849,"mean":0.00251837680116,"median":0.000640814541839,"min":1.71486938089e-23,"var":1.44190371429e-05},"spectral_energyband_middle_high":{"dmean":0.000937271455768,"dmean2":0.00137462385464,"dvar":6.29908254268e-06,"dvar2":1.29420941448e-05,"max":0.0920124575496,"mean":0.00291177094914,"median":0.000652609509416,"min":1.19956435924e-21,"var":3.37835954269e-05},"spectral_energyband_middle_low":{"dmean":0.00220740609802,"dmean2":0.00324402051046,"dvar":1.43686511365e-05,"dvar2":3.54029034497e-05,"max":0.157045766711,"mean":0.0110579701141,"median":0.00436548097059,"min":1.92644339028e-22,"var":0.000243479531491},"spectral_entropy":{"dmean":0.116359010339,"dmean2":0.168173447251,"dvar":0.0107658775523,"dvar2":0.0227373410016,"max":9.8256816864,"mean":6.47601938248,"median":6.6071190834,"min":3.32030391693,"var":0.547445058823},"spectral_flux":{"dmean":0.00805457867682,"dmean2":0.0134546663612,"dvar":9.0797089797e-05,"dvar2":0.000250484823482,"max":0.194629311562,"mean":0.0380768291652,"median":0.0281819198281,"min":6.3877778067e-11,"var":0.000944428960793},"spectral_kurtosis":{"dmean":7.12004804611,"dmean2":12.3193187714,"dvar":112.196731567,"dvar2":320.849060059,"max":280.090362549,"mean":23.2848396301,"median":10.604300499,"min":-1.26631224155,"var":1110.74731445},"spectral_rms":{"dmean":0.000318730861181,"dmean2":0.000473725027405,"dvar":1.30033868118e-07,"dvar2":3.28232914626e-07,"max":0.0125688780099,"mean":0.00327645614743,"median":0.00273777567782,"min":3.12046439035e-12,"var":5.14673001817e-06},"spectral_rolloff":{"dmean":156.544311523,"dmean2":273.086151123,"dvar":114885.429688,"dvar2":290122.96875,"max":21231.7382812,"mean":926.917419434,"median":689.0625,"min":64.599609375,"var":1385866.875},"spectral_skewness":{"dmean":0.476832091808,"dmean2":0.821921765804,"dvar":0.283573061228,"dvar2":0.819508194923,"max":13.9161615372,"mean":3.06372404099,"median":2.29756474495,"min":-0.0896988511086,"var":4.44177007675},"spectral_spread":{"dmean":238951.3125,"dmean2":403025.1875,"dvar":131600580608,"dvar2":267666866176,"max":43084908,"mean":2578123,"median":2545609.5,"min":295525.78125,"var":4253068820480.0},"spectral_strongpeak":{"dmean":0.359697908163,"dmean2":0.583739638329,"dvar":0.552975058556,"dvar2":1.33057200909,"max":22.2410087585,"mean":0.944995880127,"median":0.492438942194,"min":3.9300049326e-10,"var":1.70541739464},"zerocrossingrate":{"dmean":0.00356612307951,"dmean2":0.00455178646371,"dvar":2.26712509175e-05,"dvar2":3.12077499984e-05,"max":0.71923828125,"mean":0.0348060950637,"median":0.0302734375,"min":0.00146484375,"var":0.00104487978388}},"metadata":{"audio_properties":{"analysis_sample_rate":44100,"bit_rate":246991,"codec":"mp3","downmix":"mix","equal_loudness":0,"length":427.702850342,"lossless":false,"md5_encoded":"a91ac0db2085771680bc11fa1cc059f6","replay_gain":-11.3371906281,"sample_rate":44100},"tags":{"acoustid_id":["00470023-a4ba-4327-ad79-ac96ea986d6e"],"album":["Journey"],"albumartist":["Austin Wintory"],"albumartistsort":["Wintory, Austin"],"artist":["Austin Wintory"],"artistsort":["Wintory, Austin"],"artistwebpage":["http://austinwintory.com/"],"date":["2012"],"discnumber":["1/1"],"file_name":"17 Apotheosis.mp3","media":["Digital Media"],"musicbrainz album release country":["XW"],"musicbrainz album status":["official"],"musicbrainz album type":["album/soundtrack"],"musicbrainz_albumartistid":["78f15956-c5e1-46d6-a46b-fa6f46681ec8"],"musicbrainz_albumid":["1f3abcda-15a7-4465-92c6-9926cdc4f247"],"musicbrainz_artistid":["78f15956-c5e1-46d6-a46b-fa6f46681ec8"],"musicbrainz_recordingid":["19e698e7-71df-48a9-930e-d4b1a2026c82"],"musicbrainz_releasegroupid":["d1850227-c7c7-42c8-b469-6e99023412de"],"originaldate":["2012"],"script":["Latn"],"title":["Apotheosis"],"tracknumber":["17/18"]},"version":{"essentia":"2.1-beta2","essentia_build_sha":"26c37b627ab5a2028d412893e0969599b764ad4d","essentia_git_sha":"v2.1_beta2","extractor":"music 1.0"}},"rhythm":{"beats_count":861,"beats_loudness":{"dmean":0.00585426576436,"dmean2":0.00969306007028,"dvar":6.38217461528e-05,"dvar2":0.000166352576343,"max":0.109583564103,"mean":0.016179362312,"median":0.00719935772941,"min":0,"var":0.000391208654037},"beats_loudness_band_ratio":{"dmean":[0.122254796326,0.139179453254,0.127270683646,0.0742446109653,0.0319764241576,0.0082061169669],"dmean2":[0.206161379814,0.231499195099,0.212608665228,0.123908244073,0.0545137673616,0.013419309631],"dvar":[0.0172438696027,0.017593311145