{"lowlevel":{"average_loudness":0.439035773277,"barkbands":{"dmean":[2.11829701584e-05,0.000912140123546,0.000420774129452,0.000365815853002,0.000809181248769,0.00128561025485,0.00135806878097,0.00101390806958,0.00156363961287,0.000459782604594,0.000131577733555,0.000327927264152,0.000201146787731,0.000147383791045,0.000149970903294,9.1065900051e-05,7.66502780607e-05,4.07328479923e-05,2.81678221654e-05,2.99827734125e-05,9.37421009439e-06,5.41128792975e-06,4.51119240097e-06,2.51583969657e-06,2.58698310063e-06,1.46244951793e-06,2.99172114637e-07],"dmean2":[3.1950421544e-05,0.00144552928396,0.000704387959559,0.000636598735582,0.00123895774595,0.00190376560204,0.00200571166351,0.00156767398585,0.00244367611594,0.000726620550267,0.000211627993849,0.000506987271365,0.000315488083288,0.000227059281315,0.000237231259234,0.000146144200698,0.000124273239635,6.6632987e-05,4.71300299978e-05,4.48890423286e-05,1.55583893502e-05,8.64407775225e-06,6.61596232021e-06,3.85568773709e-06,3.79462676392e-06,2.0396025775e-06,4.4736827931e-07],"dvar":[1.23086731918e-08,5.90342779105e-06,1.72125805875e-06,5.44618217191e-07,1.90165440017e-06,6.90755359756e-06,2.23485549213e-05,1.50163868966e-05,2.31115100178e-05,2.88846877083e-06,2.10514045307e-07,1.60468948707e-06,9.82615006251e-07,3.37876059575e-07,6.40598614154e-07,7.79921904837e-08,4.21427372999e-08,1.15352403185e-08,4.93267870993e-09,7.33116545248e-09,4.10119355143e-10,6.1946148211e-10,2.95559077212e-10,6.68233593459e-11,5.30353094774e-10,2.60600319102e-10,6.11345869761e-12],"dvar2":[2.482711281e-08,1.42513326864e-05,4.90139518661e-06,1.61131276855e-06,4.56380848846e-06,1.57831473189e-05,5.00604401168e-05,3.63876461051e-05,5.84835761401e-05,7.22217009752e-06,5.62382240332e-07,3.58574516213e-06,2.43286058321e-06,7.05815068613e-07,1.32834486521e-06,1.78946550022e-07,1.01870838876e-07,2.99942506388e-08,1.31014559202e-08,1.51088173084e-08,1.05385933313e-09,1.23715093725e-09,5.66269864333e-10,1.46478495999e-10,1.02473696195e-09,3.81840031816e-10,1.04065263351e-11],"max":[0.00972525216639,0.0514432936907,0.0520544722676,0.0208395048976,0.0408727303147,0.0651195645332,0.132720351219,0.102366521955,0.117389842868,0.0539772361517,0.0151522355154,0.075816206634,0.0458996593952,0.0301412343979,0.0433506630361,0.014669528231,0.00592776900157,0.00521171558648,0.00239185546525,0.00318063306622,0.000517079140991,0.00177286216058,0.000867494847625,0.000292291573714,0.00106748926919,0.00142745592166,0.000181991461432],"mean":[9.62471167441e-05,0.00227153161541,0.000650365022011,0.000632179842796,0.00231116521172,0.00322755216621,0.00281790574081,0.00180414272472,0.00305534247309,0.000863032473717,0.000227873184485,0.000658738601487,0.000415340269683,0.000255715916865,0.000300867628539,0.00017855175247,0.000162178344908,8.11370191514e-05,5.89867231611e-05,7.9874698713e-05,2.09793270187e-05,1.29901518449e-05,1.37751021612e-05,8.87147871254e-06,5.9808212427e-06,3.10342716148e-06,6.50364881949e-07],"median":[2.13529187931e-06,0.000349431997165,0.000197761168238,0.000244509719778,0.00106172426604,0.00110376882367,0.000246454088483,0.000175577035407,0.000235478102695,9.95584996417e-05,2.6197922125e-05,6.37021075818e-05,3.51174203388e-05,3.80003002647e-05,3.93290247303e-05,3.63029539585e-05,2.77905510302e-05,2.52663812716e-05,1.58434449986e-05,1.00860888779e-05,7.44402586861e-06,3.94807375415e-06,2.40200142798e-06,2.07226048587e-06,1.38585187415e-06,7.44357976146e-07,1.07604591904e-07],"min":[2.48082594639e-24,3.6230241986e-23,6.36999690494e-23,3.24343537506e-23,7.19567363306e-23,1.03912784782e-22,3.94685601782e-23,2.54514011938e-23,4.27438696359e-23,6.64140418384e-23,4.97667227773e-23,5.97005641668e-23,1.05863543137e-22,2.42273547573e-22,6.4073914362e-23,1.39747630749e-22,1.09331817439e-22,1.27017675037e-22,4.05212552976e-22,1.44445265886e-22,4.28534638726e-22,5.32599402295e-22,6.51953072756e-22,9.61749024361e-22,1.35269768475e-21,1.92043307798e-21,2.33489378183e-21],"var":[3.35861756184e-07,2.15321779251e-05,2.14978854274e-06,1.14524436867e-06,1.26267741507e-05,3.22155574395e-05,7.39000752219e-05,3.58003417205e-05,7.02455290593e-05,9.33979572437e-06,5.15171336701e-07,5.08428729518e-06,3.7263912418e-06,7.91240665876e-07,2.06586719287e-06,3.38066769245e-07,1.57536433676e-07,2.35176393915e-08,1.39254447973e-08,3.87019163384e-08,1.23320942347e-09,1.32338751069e-09,1.50336165738e-09,3.7892422533e-10,9.70407310064e-10,6.62299104448e-10,1.50259648474e-11]},"barkbands_crest":{"dmean":2.59691905975,"dmean2":4.18449211121,"dvar":5.1647105217,"dvar2":13.3129177094,"max":26.4558086395,"mean":13.1309165955,"median":12.3600940704,"min":3.64857959747,"var":23.9870433807},"barkbands_flatness_db":{"dmean":0.0200473405421,"dmean2":0.0309098176658,"dvar":0.000334569485858,"dvar2":0.000827536976431,"max":0.624733030796,"mean":0.230394229293,"median":0.208480268717,"min":0.0512305386364,"var":0.00745256990194},"barkbands_kurtosis":{"dmean":5.08055925369,"dmean2":8.03305053711,"dvar":141.49331665,"dvar2":351.350830078,"max":325.261535645,"mean":11.1917676926,"median":4.22034740448,"min":-1.94849872589,"var":476.25},"barkbands_skewness":{"dmean":0.537914872169,"dmean2":0.839822888374,"dvar":0.390676617622,"dvar2":0.965749561787,"max":15.4002656937,"mean":1.72237730026,"median":1.45567154884,"min":-7.3336186409,"var":2.35736656189},"barkbands_spread":{"dmean":2.09251713753,"dmean2":3.27468323708,"dvar":6.69752645493,"dvar2":15.2184906006,"max":130.668792725,"mean":9.3706817627,"median":7.86317920685,"min":0.23767721653,"var":75.1202697754},"dissonance":{"dmean":0.0336688049138,"dmean2":0.0564144849777,"dvar":0.00100365444086,"dvar2":0.00274824490771,"max":0.499907165766,"mean":0.403287440538,"median":0.414302110672,"min":0,"var":0.00353605183773},"dynamic_complexity":6.02383708954,"erbbands":{"dmean":[0.0239671431482,0.217583447695,0.4737893641,0.80567085743,1.70679426193,2.87765550613,6.19434309006,12.6324396133,16.4164333344,21.5918884277,24.6666202545,31.6607990265,25.6094856262,11.0722827911,8.4815454483,11.8466157913,8.66594600677,6.74637269974,8.13938903809,4.46160078049,5.3240776062,3.37194514275,2.2511408329,1.40683197975,1.44603931904,1.63981997967,0.550719022751,0.218415006995,0.186685219407,0.165249422193,0.104307636619,0.0624931380153,0.0399945378304,0.0287901833653,0.0181269682944,0.00761346472427,0.00259009096771,0.000594905519392,5.21185829712e-05,6.92953562975e-06],"dmean2":[0.0372364036739,0.346843242645,0.78871679306,1.39881837368,2.68047809601,4.46026659012,9.31745910645,18.6188583374,23.8348464966,32.855670929,38.4916877747,48.9961585999,40.1974983215,17.5218830109,13.4912281036,18.0556640625,13.3058919907,10.5369520187,12.6327772141,7.28055953979,8.58322143555,5.36016607285,3.71107268333,2.33341169357,2.35339283943,2.47576093674,0.900391340256,0.354080140591,0.29586187005,0.250633180141,0.15354219079,0.0939911827445,0.0612125918269,0.0434441827238,0.0259692631662,0.0106413355097,0.00370506267063,0.000871047144756,7.78386383899e-05,1.05569533844e-05],"dvar":[0.00591904530302,0.316804170609,1.73809921741,3.75522518158,8.35652923584,28.806968689,163.751037598,850.178649902,2867.46508789,7518.72167969,8512.71777344,11265.3398438,8395.75390625,1074.375,721.828430176,1809.04760742,1990.68078613,513.083618164,2142.51611328,157.896148682,268.024902344,84.3472290039,34.0942268372,10.6763372421,13.9272489548,22.924489975,1.43614566326,0.53553545475,1.29895138741,0.373341053724,0.20339345932,0.0382744409144,0.0187135953456,0.0354676321149,0.0445550233126,0.00823657307774,0.000860089960042,2.81356769847e-05,2.01029507707e-07,1.84390683278e-10],"dvar2":[0.0151003543288,0.770128190517,4.85243177414,10.9158859253,20.2418575287,70.4857025146,402.946807861,1946.14440918,6107.81787109,17996.1015625,20977.6328125,27402.4648438,21115.8710938,2669.80029297,1845.74450684,3636.46264648,4780.71289062,1210.08520508,4503.36474609,379.104553223,625.786132812,195.96661377,92.0406188965,28.0710849762,34.2386245728,48.8204612732,3.62538361549,1.28068780899,2.49063253403,0.774648487568,0.415900051594,0.080845810473,0.0402369983494,0.0759317353368,0.0805081352592,0.0145975071937,0.00143714004662,4.11228211306e-05,3.51809404719e-07,3.75088765603e-10],"max":[2.40900087357,11.3246154785,41.5809288025,58.0583572388,87.2308425903,172.061721802,380.940460205,767.452514648,1979.54907227,2309.86547852,2660.78173828,3210.08935547,2330.00854492,939.883056641,1435.54602051,1930.73168945,2179.69311523,753.919677734,2721.15551758,557.546386719,901.513183594,384.396881104,292.401550293,73.7810440063,168.019042969,202.69871521,40.9553070068,30.4069194794,97.5324401855,32.0732498169,22.5960559845,8.07566642761,6.47525787354,9.82078456879,12.123506546,6.30006122589,2.94019389153,0.49153766036,0.0315916165709,0.000784460105933],"mean":[0.0628833249211,0.512061536312,0.849955320358,1.41671192646,4.10048866272,7.50893115997,15.3040952682,31.3455429077,38.9674835205,41.3362007141,44.7119560242,61.7272949219,52.7023506165,21.450088501,17.2991046906,23.9834938049,18.558380127,13.8404684067,18.5562438965,9.31653785706,11.6097984314,8.46366786957,5.05521726608,3.30000972748,3.46592187881,4.40040016174,1.40787875652,0.540107429028,0.452370643616,0.464728444815,0.338839322329,0.213148087263,0.138925224543,0.0769113749266,0.0353478230536,0.014786276035,0.00548488134518,0.00131793681066,0.000124342681374,2.56640287262e-05],"median":[0.00622677244246,0.0832340568304,0.265769183636,0.662708759308,1.85026907921,3.16438317299,5.60859012604,8.50141716003,6.82389831543,4.99617862701,5.98727989197,6.69600963593,5.47097015381,4.81906509399,3.93896579742,3.49705266953,2.2752161026,2.23933053017,2.3447124958,2.01800680161,2.5411427021,1.6012301445,1.65189301968,1.19033765793,0.953516662121,0.618448615074,0.437833964825,0.178493708372,0.141435846686,0.101211100817,0.0665961056948,0.046382330358,0.0327700823545,0.0188332013786,0.00714995525777,0.00301444786601,0.00134209985845,0.000264321250143,2.98355207633e-05,1.73057160282e-05],"min":[1.09080343728e-21,8.8066341293e-21,6.72045473608e-20,8.28932490618e-20,1.82206627819e-19,2.70144987146e-19,3.02103549551e-19,1.17954900695e-18,6.64037744893e-19,4.69025314292e-19,6.81194453074e-19,1.24374907923e-18,1.92845724045e-18,1.73798980542e-18,2.17047808677e-18,3.07834520499e-18,4.62269389017e-18,1.07806755291e-17,7.12006217449e-18,4.8643431256e-18,7.15448695004e-18,5.97104998742e-18,6.13451452494e-18,1.85446068206e-17,1.45506860012e-17,6.93152331106e-18,1.9668048787e-17,1.32061378299e-17,2.14693354868e-17,2.19328163646e-17,1.59234567479e-17,2.25441309614e-17,1.52752763655e-17,1.34731691025e-17,9.3276831523e-18,7.33837499048e-18,3.80412919088e-18,1.18212102166e-18,3.52246411104e-19,3.16250438289e-20],"var":[0.0256306380033,1.08493685722,2.76766753197,5.61639451981,46.371055603,160.586532593,668.1953125,3799.74975586,11406.0332031,20012.4335938,19538.6523438,32488.9199219,28631.0058594,3186.92529297,2150.82202148,5675.13720703,7455.97900391,1465.83935547,9342.87792969,635.48449707,1331.0736084,461.43560791,78.0368118286,32.5312728882,49.6533050537,123.8125,5.7383980751,1.12718844414,2.38078975677,1.7186204195,0.83594340086,0.217757076025,0.111747123301,0.066465459764,0.0831865370274,0.0176177062094,0.00196781614795,7.70034457673e-05,4.82515474687e-07,8.5851314946e-10]},"erbbands_crest":{"dmean":3.01747655869,"dmean2":4.79465055466,"dvar":8.0746307373,"dvar2":20.4394626617,"max":33.1997947693,"mean":14.8269920349,"median":13.543636322,"min":2.89183330536,"var":39.1995010376},"erbbands_flatness_db":{"dmean":0.0180416852236,"dmean2":0.0271265916526,"dvar":0.000297538965242,"dvar2":0.000696655595675,"max":0.474580079317,"mean":0.232502743602,"median":0.225810617208,"min":0.0425591133535,"var":0.00340048805811},"erbbands_kurtosis":{"dmean":3.26138067245,"dmean2":5.04826307297,"dvar":48.957447052,"dvar2":115.557731628,"max":229.658752441,"mean":6.69655942917,"median":1.93994760513,"min":-1.81082439423,"var":238.25843811},"erbbands_skewness":{"dmean":0.479723870754,"dmean2":0.737775087357,"dvar":0.234607473016,"dvar2":0.556659460068,"max":9.54971599579,"mean":1.37535119057,"median":1.04991889,"min":-4.50552558899,"var":2.35657048225},"erbbands_spread":{"dmean":4.30129528046,"dmean2":6.65344715118,"dvar":23.652973175,"dvar2":51.8100814819,"max":169.836303711,"mean":20.098197937,"median":16.9626274109,"min":0.533294379711,"var":228.89666748},"gfcc":{"cov":[[21473.1835938,-1206.73474121,-4421.55224609,-763.363647461,-1255.9810791,-363.317077637,-228.643966675,643.01159668,161.56628418,640.735839844,192.291564941,40.0693244934,-158.014358521],[-1206.73474121,1202.97595215,418.629364014,22.0746364594,178.18862915,-49.3672714233,72.8768844604,-157.220794678,31.254327774,-107.449745178,45.0899124146,-52.1570854187,61.0922584534],[-4421.55224609,418.629364014,1886.91955566,365.988342285,366.874542236,244.799255371,19.5584354401,-47.1371269226,-3.17544460297,-72.8150939941,21.5328617096,144.200653076,86.3680038452],[-763.363647461,22.0746364594,365.988342285,602.856445312,268.129364014,60.3642845154,30.3454322815,-10.0200624466,101.33303833,-17.1038513184,-45.6513938904,18.1420307159,61.0466842651],[-1255.9810791,178.18862915,366.874542236,268.129364014,319.716217041,111.278610229,57.2092590332,-31.7998085022,37.3308258057,-33.1893959045,-20.7143859863,-4.43857002258,27.558134079],[-363.317077637,-49.3672714233,244.799255371,60.3642845154,111.278610229,328.096313477,145.497634888,48.2774887085,-33.7066268921,5.18259906769,29.6520671844,10.1461753845,2.30886793137],[-228.643966675,72.8768844604,19.5584354401,30.3454322815,57.2092590332,145.497634888,278.889221191,70.1193466187,5.88967418671,9.2695274353,-1.76789331436,-35.2163696289,3.32086086273],[643.01159668,-157.220794678,-47.1371269226,-10.0200624466,-31.7998085022,48.2774887085,70.1193466187,199.805160522,61.2830352783,71.7453765869,12.7776594162,28.0973796844,-2.22931146622],[161.56628418,31.254327774,-3.17544460297,101.33303833,37.3308258057,-33.7066268921,5.88967418671,61.2830352783,204.389358521,71.5698318481,10.4735784531,7.95270681381,17.7136306763],[640.735839844,-107.449745178,-72.8150939941,-17.1038513184,-33.1893959045,5.18259906769,9.2695274353,71.7453765869,71.5698318481,173.10798645,72.5840148926,30.244020462,-14.7256221771],[192.291564941,45.0899124146,21.5328617096,-45.6513938904,-20.7143859863,29.6520671844,-1.76789331436,12.7776594162,10.4735784531,72.5840148926,150.5521698,61.3566741943,6.32334804535],[40.0693244934,-52.1570854187,144.200653076,18.1420307159,-4.43857002258,10.1461753845,-35.2163696289,28.0973796844,7.95270681381,30.244020462,61.3566741943,150.498733521,49.3504981995],[-158.014358521,61.0922584534,86.3680038452,61.0466842651,27.558134079,2.30886793137,3.32086086273,-2.22931146622,17.7136306763,-14.7256221771,6.32334804535,49.3504981995,101.044265747]],"icov":[[0.000154076740728,-0.000190984661458,0.000402272766223,-0.00023206154583,0.000401567027438,-0.000327023881255,0.000335286254995,-0.000412586639868,0.000142264791066,-0.000377387128538,0.000187027879292,-0.000313406082569,9.2032176326e-05],[-0.000190984661458,0.00176878261846,-0.000874760502484,0.000887123285793,-0.00133007892873,0.00135820393916,-0.00128348730505,0.00139674823731,-0.000876024132594,0.0014368648408,-0.00166351534426,0.00146718253382,-0.00100112671498],[0.000402272766223,-0.000874760502484,0.00195913459174,-0.000876888399944,0.000566662696656,-0.00151888211258,0.00126768148039,-0.0011686948128,0.000562980305403,-0.000949379464146,0.000862102722749,-0.00188806408551,0.000457017653389],[-0.00023206154583,0.000887123285793,-0.000876888399944,0.00362711539492,-0.00313757429831,0.000925884116441,-0.000763429678045,0.00106048083398,-0.00149540568236,0.000719668576494,0.000122492754599,0.000577879371122,-0.00138090888504],[0.000401567027438,-0.00133007892873,0.000566662696656,-0.00313757429831,0.00817311182618,-0.00278668268584,0.000765563803725,-0.000232139660511,-0.000239845467149,-0.000920223188587,0.00124845141545,-0.000653884897474,0.000796870794147],[-0.000327023881255,0.00135820393916,-0.00151888211258,0.000925884116441,-0.00278668268584,0.00652105826885,-0.00341126555577,0.000239707514993,0.000835273123812,0.00126800721046,-0.00241697067395,0.00132970046252,-0.000325093918946],[0.000335286254995,-0.00128348730505,0.00126768148039,-0.000763429678045,0.000765563803725,-0.00341126555577,0.00675809383392,-0.00322338333353,0.000805694551673,-0.00125852669589,0.000928675523028,0.00077754544327,-0.000508589087985],[-0.000412586639868,0.00139674823731,-0.0011686948128,0.00106048083398,-0.000232139660511,0.000239707514993,-0.00322338333353,0.00946188718081,-0.00284904218279,-0.000694527872838,0.000584585417528,-0.000923789106309,5.39180509804e-05],[0.000142264791066,-0.000876024132594,0.000562980305403,-0.00149540568236,-0.000239845467149,0.000835273123812,0.000805694551673,-0.00284904218279,0.00799726787955,-0.00366441579536,0.000730757659767,0.000299034029013,-0.000996408518404],[-0.000377387128538,0.0014368648408,-0.000949379464146,0.000719668576494,-0.000920223188587,0.00126800721046,-0.00125852669589,-0.000694527872838,-0.00366441579536,0.0117870718241,-0.00575446663424,0.000829147582408,0.00148115761112],[0.000187027879292,-0.00166351534426,0.000862102722749,0.000122492754599,0.00124845141545,-0.00241697067395,0.000928675523028,0.000584585417528,0.000730757659767,-0.00575446663424,0.0123105105013,-0.00541896466166,0.00109399890061],[-0.000313406082569,0.00146718253382,-0.00188806408551,0.000577879371122,-0.000653884897474,0.00132970046252,0.00077754544327,-0.000923789106309,0.000299034029013,0.000829147582408,-0.00541896466166,0.0132381226867,-0.00606849323958],[9.2032176326e-05,-0.00100112671498,0.000457017653389,-0.00138090888504,0.000796870794147,-0.000325093918946,-0.000508589087985,5.39180509804e-05,-0.000996408518404,0.00148115761112,0.00109399890061,-0.00606849323958,0.0141834625974]],"mean":[-111.089538574,132.831222534,-103.969482422,11.4444179535,-54.8372306824,-3.62193536758,-35.9685134888,3.12694573402,-20.8677463531,-4.18318319321,-10.5487680435,-1.74704086781,-5.81988096237]},"hfc":{"dmean":3.08608818054,"dmean2":4.66087055206,"dvar":27.4053134918,"dvar2":65.1947250366,"max":102.759170532,"mean":11.6924190521,"median":6.88470649719,"min":1.17391447595e-16,"var":176.120697021},"melbands":{"dmean":[0.000235204963246,0.000251686549746,0.000157392641995,0.000154575740453,0.000195884131244,0.000268516188953,0.000264595029876,0.000227893586271,0.000204243609915,0.000209638208617,0.000127548599266,4.69291771878e-05,2.53791840805e-05,4.08813721151e-05,2.35594598053e-05,1.62861724675e-05,1.2180919839e-05,1.41333675856e-05,7.42928887121e-06,4.71348539577e-06,7.46137948227e-06,3.59569412467e-06,3.61620709555e-06,2.26955990001e-06,1.12309271572e-06,1.20804031667e-06,1.16565456665e-06,1.10167968614e-06,4.49144749837e-07,1.70193175109e-07,1.4925787184e-07,1.20411641547e-07,1.0229055647e-07,1.10364588579e-07,6.78306548707e-08,5.83359032191e-08,3.6452796337e-08,3.23900941623e-08,2.73175349008e-08,2.65186450576e-08],"dmean2":[0.000366272870451,0.000411322514992,0.000267213967163,0.000238274442381,0.000294517114526,0.00039623802877,0.000384857557947,0.000348818372004,0.000319684710121,0.000324676570017,0.000200431386475,7.42289048503e-05,4.01625547966e-05,6.41589431325e-05,3.61718120985e-05,2.50432804023e-05,1.90778828255e-05,2.17640335904e-05,1.16828978207e-05,7.58158876124e-06,1.19256383186e-05,5.62956347494e-06,6.00466682954e-06,3.70431098418e-06,1.87132718565e-06,2.03082026928e-06,1.74720310042e-06,1.66516520039e-06,7.34303625904e-07,2.82702870891e-07,2.42908896553e-07,1.91378106251e-07,1.64756073673e-07,1.66791920719e-07,1.02050492501e-07,8.86811619694e-08,5.61770825414e-08,5.03655073203e-08,4.26300807987e-08,4.02520541343e-08],"dvar":[4.52117433269e-07,4.0128216483e-07,1.04546401758e-07,6.73339215496e-08,1.55701414428e-07,3.63299903938e-07,7.03277123648e-07,7.10776475898e-07,5.35714775651e-07,4.32237527548e-07,2.09156638675e-07,2.1698859598e-08,5.97398619462e-09,2.92974853267e-08,1.35114817112e-08,3.89129439782e-09,1.88024706915e-09,6.03453909065e-09,8.00505051135e-10,1.83772455586e-10,5.66782731859e-10,1.19630680362e-10,1.11723068297e-10,2.92728549733e-11,8.0608783537e-12,9.02562486554e-12,1.3575487956e-11,1.03314431663e-11,1.14611900699e-12,1.87274796907e-13,3.32662391557e-13,5.68381930063e-13,1.4956856283e-13,1.92039133619e-13,9.90092000898e-14,3.91097304011e-14,1.24570958678e-14,1.14454590079e-14,9.8120245788e-15,4.35862554816e-14],"dvar2":[1.0812640312e-06,1.07973994545e-06,3.00390780694e-07,1.57924844757e-07,3.8177853412e-07,8.28064514735e-07,1.47701098285e-06,1.68695851244e-06,1.3231461935e-06,1.0609844594e-06,5.27310533016e-07,5.35442090666e-08,1.58137805073e-08,6.52595133488e-08,3.19889252864e-08,8.52055137557e-09,4.36849756369e-09,1.25792780636e-08,1.56645607596e-09,3.87292808934e-10,1.31814226201e-09,2.60074961567e-10,3.10063308362e-10,7.68565835974e-11,2.13501091806e-11,2.42502701947e-11,2.620114542e-11,2.20808094031e-11,2.84677208022e-12,5.04923902168e-13,8.28782734715e-13,1.1221593316e-12,3.43701060451e-13,4.04185094682e-13,2.14115414309e-13,8.41000378604e-14,2.74025305891e-14,2.52157574877e-14,2.19516042171e-14,9.56389373079e-14],"max":[0.0170464646071,0.0158058814704,0.00884452369064,0.00993875041604,0.0120409885421,0.0153473233804,0.030696157366,0.0208045374602,0.0196505468339,0.0173723530024,0.0114077609032,0.00424492312595,0.00246371654794,0.0109877530485,0.00486682308838,0.00260004471056,0.00161107839085,0.00422563450411,0.0015449601924,0.000659873709083,0.00143727636896,0.000394795933971,0.000387204549043,0.000111473011202,6.55600524624e-05,9.46546861087e-05,0.000141256736242,0.000124172700453,3.97706971853e-05,1.12278376037e-05,2.54983806371e-05,5.90088275203e-05,2.52712707152e-05,2.26256815949e-05,1.65423116414e-05,6.86533439875e-06,4.43929320681e-06,4.54226437796e-06,4.61702074972e-06,1.19076148621e-05],"mean":[0.000615471974015,0.00054062664276,0.00032311832183,0.000406356324675,0.000501264003105,0.00066845130641,0.000615841476247,0.000428685074439,0.000369058543583,0.000412187393522,0.000259957567323,8.59430219862e-05,4.72819592687e-05,8.2318278146e-05,4.73967229482e-05,3.36831108143e-05,2.33142709476e-05,3.11622316076e-05,1.51759604705e-05,9.03081672732e-06,1.51307922351e-05,8.295479347e-06,6.90530714564e-06,4.31645685239e-06,2.34176854974e-06,2.46810327553e-06,2.80644826489e-06,2.80422295873e-06,9.83121481113e-07,3.49883151785e-07,3.08295369678e-07,2.60980954181e-07,2.32158782865e-07,2.83545830371e-07,1.93772734747e-07,1.71882490463e-07,1.11426764704e-07,1.02610044905e-07,8.11048295191e-08,5.88404454049e-08],"median":[7.9524499597e-05,0.00014096981613,0.00015479317517,0.000190064383787,0.000194957101485,0.000186795325135,0.000103654703707,4.72814717796e-05,3.72650574718e-05,3.30739603669e-05,2.14178089664e-05,1.3914945157e-05,8.52190987644e-06,7.89328896644e-06,4.39711766376e-06,4.23474102718e-06,3.14663247991e-06,2.77714821095e-06,2.61083278019e-06,1.99978330784e-06,2.74445756077e-06,1.27499333757e-06,8.39856966195e-07,1.22883079712e-06,6.47445403956e-07,6.09671985785e-07,4.33775937836e-07,2.89493328864e-07,2.1356970592e-07,1.05424376784e-07,6.66816930561e-08,6.85242440568e-08,5.9265808261e-08,3.63127412584e-08,3.44274688757e-08,3.26706235398e-08,2.13580921837e-08,2.03629344497e-08,1.90915940834e-08,1.28818502532e-08],"min":[8.98719883693e-24,2.65923054775e-23,1.84062706205e-23,1.62996491275e-23,1.18139383181e-23,2.39966107337e-23,9.89691086624e-24,4.73886061263e-24,6.07578775935e-24,7.56809171098e-24,9.33993562411e-24,6.55722128677e-24,6.8282608776e-24,6.90365389203e-24,1.05669440756e-23,7.78967327292e-24,2.4062119321e-23,1.36164917974e-23,5.13503720886e-24,8.5661435399e-24,7.81801625638e-24,6.06720534713e-24,5.26926820277e-24,6.63176509244e-24,1.62181377079e-23,1.55973830616e-23,4.60428054777e-24,4.04760428392e-24,1.29291983115e-23,9.27990883125e-24,6.69124757127e-24,1.17694481408e-23,1.18702850748e-23,1.22235598652e-23,7.20406316879e-24,1.26210518869e-23,1.40610922259e-23,1.02961888691e-23,1.22746638523e-23,1.0662453832e-23],"var":[1.82038138519e-06,9.39413155265e-07,2.59362678889e-07,4.62537286694e-07,6.95964274655e-07,1.64384323398e-06,2.77405524685e-06,1.8982726715e-06,1.26871509565e-06,1.31816511839e-06,7.18404351119e-07,6.42100204118e-08,1.52902508432e-08,8.75017249768e-08,4.7099366185e-08,1.40401006377e-08,4.89359619493e-09,2.77134226678e-08,2.65482702488e-09,6.92700452554e-10,2.75043121611e-09,5.60216040224e-10,2.68575967022e-10,6.58588808489e-11,2.14589405273e-11,2.37048054796e-11,5.65437315025e-11,5.49236489622e-11,3.90287325028e-12,4.81015617962e-13,5.4742478996e-13,1.03134775026e-12,3.10170590384e-13,8.9684721238e-13,3.13162039703e-13,1.82352722332e-13,6.26073289891e-14,7.48727116548e-14,3.64568570916e-14,6.6090504651e-14]},"melbands_crest":{"dmean":2.96292448044,"dmean2":4.81872797012,"dvar":7.03118944168,"dvar2":18.2997627258,"max":34.3336334229,"mean":15.7483406067,"median":14.7161455154,"min":2.46294641495,"var":34.7675628662},"melbands_flatness_db":{"dmean":0.0210971422493,"dmean2":0.0325158089399,"dvar":0.000378717697458,"dvar2":0.00092211633455,"max":0.795744538307,"mean":0.309042096138,"median":0.283727347851,"min":0.007872056216,"var":0.0115222074091},"melbands_kurtosis":{"dmean":5.64086103439,"dmean2":8.90252113342,"dvar":153.260879517,"dvar2":367.422027588,"max":748.085998535,"mean":13.5375490189,"median":6.45393800735,"min":-1.86394655704,"var":615.212219238},"melbands_skewness":{"dmean":0.559352636337,"dmean2":0.869520246983,"dvar":0.335865318775,"dvar2":0.817772269249,"max":19.3089008331,"mean":1.90447568893,"median":1.68102383614,"min":-2.26590847969,"var":2.45051956177},"melbands_spread":{"dmean":2.63718438148,"dmean2":4.13658905029,"dvar":12.5529584885,"dvar2":29.6427879333,"max":203.057373047,"mean":11.7828588486,"median":9.95721149445,"min":0.277044177055,"var":115.313743591},"mfcc":{"cov":[[15719.4589844,-144.711776733,-2857.01123047,-599.90423584,-1132.30236816,-808.928771973,-521.913452148,-166.455337524,-115.873046875,580.394226074,177.739868164,208.156707764,152.767944336],[-144.711776733,1171.96032715,169.314483643,-55.0037651062,-39.2630081177,-73.4979019165,-5.2048406601,-53.7608604431,-57.7805252075,-78.7728729248,-23.8448696136,-6.63721656799,2.90233898163],[-2857.01123047,169.314483643,1139.50048828,246.093460083,350.191986084,269.591888428,172.381851196,121.974205017,52.5000457764,-103.409286499,-28.9026432037,-29.944726944,-4.97300386429],[-599.90423584,-55.0037651062,246.093460083,442.45425415,218.096801758,127.620948792,-12.7266778946,55.783454895,91.5080108643,1.28860867023,-32.2478141785,16.4071941376,29.4180240631],[-1132.30236816,-39.2630081177,350.191986084,218.096801758,372.022827148,169.086013794,33.9172401428,54.2856636047,34.6067695618,-22.4059276581,-34.4984893799,9.06220245361,0.362760901451],[-808.928771973,-73.4979019165,269.591888428,127.620948792,169.086013794,275.520233154,140.895370483,76.9848022461,53.7726020813,11.3663339615,15.0730657578,0.23716263473,-17.3693561554],[-521.913452148,-5.2048406601,172.381851196,-12.7266778946,33.9172401428,140.895370483,292.306793213,91.1335067749,20.5744075775,-2.06308555603,48.4485626221,-24.8331317902,-21.9441070557],[-166.455337524,-53.7608604431,121.974205017,55.783454895,54.2856636047,76.9848022461,91.1335067749,157.138839722,75.1517562866,16.3024024963,-0.160702943802,-5.96979475021,-6.62619543076],[-115.873046875,-57.7805252075,52.5000457764,91.5080108643,34.6067695618,53.7726020813,20.5744075775,75.1517562866,167.364868164,64.2768096924,23.188539505,-0.391339361668,-2.06352972984],[580.394226074,-78.7728729248,-103.409286499,1.28860867023,-22.4059276581,11.3663339615,-2.06308555603,16.3024024963,64.2768096924,169.740432739,74.0016555786,14.0537109375,-7.53556489944],[177.739868164,-23.8448696136,-28.9026432037,-32.2478141785,-34.4984893799,15.0730657578,48.4485626221,-0.160702943802,23.188539505,74.0016555786,161.346176147,56.3832359314,-1.3753234148],[208.156707764,-6.63721656799,-29.944726944,16.4071941376,9.06220245361,0.23716263473,-24.8331317902,-5.96979475021,-0.391339361668,14.0537109375,56.3832359314,145.75012207,83.2526092529],[152.767944336,2.90233898163,-4.97300386429,29.4180240631,0.362760901451,-17.3693561554,-21.9441070557,-6.62619543076,-2.06352972984,-7.53556489944,-1.3753234148,83.2526092529,162.781799316]],"icov":[[0.000147108235979,-4.46566264145e-05,0.00028921419289,-7.01239914633e-05,0.000180340692168,5.53735044377e-05,8.1895654148e-05,-0.000275295780739,0.000241761270445,-0.000415240676375,6.52936505503e-05,-9.32800758164e-05,-7.83126743045e-05],[-4.46566264145e-05,0.000970980385318,-0.000380418612622,6.89741427777e-05,0.000102526821138,0.000373484363081,-0.000171869818587,0.000433523324318,-6.13561278442e-05,0.000317220779834,8.52862212923e-05,-0.000124752230477,0.000113042267913],[0.00028921419289,-0.000380418612622,0.00220912368968,-0.000330956885591,-0.000683448684867,-0.000602424901444,-5.47291929252e-05,-0.00104468385689,0.000332195690135,0.000242017253186,-0.000450469902717,0.00048046244774,-0.000484118034365],[-7.01239914633e-05,6.89741427777e-05,-0.000330956885591,0.00384428468533,-0.00165719666984,-0.000800723733846,0.000803000526503,0.000126219674712,-0.0017734428402,0.000362969964044,0.00034715255606,3.39482940035e-05,-0.000628738664091],[0.000180340692168,0.000102526821138,-0.000683448684867,-0.00165719666984,0.00576889468357,-0.00199610833079,0.000799253175501,-0.000564567337278,0.00103266583756,-0.000790811493061,0.00114996521734,-0.00111310614739,0.000521933136042],[5.53735044377e-05,0.000373484363081,-0.000602424901444,-0.000800723733846,-0.00199610833079,0.00794071517885,-0.00326979765669,3.73169059458e-05,-0.000613742391579,-0.00108218402602,0.000580531836022,-0.00127988273744,0.00108176050708],[8.1895654148e-05,-0.000171869818587,-5.47291929252e-05,0.000803000526503,0.000799253175501,-0.00326979765669,0.00670873234048,-0.00341073423624,0.00121560669504,0.000912095594686,-0.00292136380449,0.00232838909142,-0.000963590689935],[-0.000275295780739,0.000433523324318,-0.00104468385689,0.000126219674712,-0.000564567337278,3.73169059458e-05,-0.00341073423624,0.0113814752549,-0.00477668037638,0.000331526884111,0.00207469332963,-0.00119275227189,0.000786990043707],[0.000241761270445,-6.13561278442e-05,0.000332195690135,-0.0017734428402,0.00103266583756,-0.000613742391579,0.00121560669504,-0.00477668037638,0.0104954689741,-0.0037236858625,-0.000745837052818,0.000799852015916,-0.000448211882031],[-0.000415240676375,0.000317220779834,0.000242017253186,0.000362969964044,-0.000790811493061,-0.00108218402602,0.000912095594686,0.000331526884111,-0.0037236858625,0.0108973039314,-0.00476907240227,0.0016714107478,-8.92760726856e-05],[6.52936505503e-05,8.52862212923e-05,-0.000450469902717,0.00034715255606,0.00114996521734,0.000580531836022,-0.00292136380449,0.00207469332963,-0.000745837052818,-0.00476907240227,0.0117323845625,-0.00634268578142,0.00272349920124],[-9.32800758164e-05,-0.000124752230477,0.00048046244774,3.39482940035e-05,-0.00111310614739,-0.00127988273744,0.00232838909142,-0.00119275227189,0.000799852015916,0.0016714107478,-0.00634268578142,0.0136279668659,-0.00670636724681],[-7.83126743045e-05,0.000113042267913,-0.000484118034365,-0.000628738664091,0.000521933136042,0.00108176050708,-0.000963590689935,0.000786990043707,-0.000448211882031,-8.92760726856e-05,0.00272349920124,-0.00670636724681,0.0097729889676]],"mean":[-755.735717773,162.704147339,7.60942077637,19.0867881775,2.3140642643,-6.6045460701,-3.81711912155,-1.12048780918,-5.19576215744,-0.186188951135,-5.70911407471,-2.71937704086,-0.526264727116]},"pitch_salience":{"dmean":0.062692925334,"dmean2":0.102259539068,"dvar":0.0029225978069,"dvar2":0.00767605379224,"max":0.960760235786,"mean":0.473155468702,"median":0.475846230984,"min":0.0838327854872,"var":0.0135262627155},"silence_rate_20dB":{"dmean":0,"dmean2":0,"dvar":0,"dvar2":0,"max":1,"mean":1,"median":1,"min":1,"var":0},"silence_rate_30dB":{"dmean":0.00264703459106,"dmean2":0.00529450690374,"dvar":0.0026403167285,"dvar2":0.00675586145371,"max":1,"mean":0.997932195663,"median":1,"min":0,"var":0.00206332490779},"silence_rate_60dB":{"dmean":0.0287865009159,"dmean2":0.0575777627528,"dvar":0.0279541276395,"dvar2":0.0659983754158,"max":1,"mean":0.205789908767,"median":0,"min":0,"var":0.163446307182},"spectral_centroid":{"dmean":92.7621994019,"dmean2":144.051925659,"dvar":17733.5273438,"dvar2":33082.2460938,"max":11452.7294922,"mean":721.916931152,"median":672.235595703,"min":96.1802215576,"var":177218.828125},"spectral_complexity":{"dmean":1.40425181389,"dmean2":2.39973521233,"dvar":1.94534599781,"dvar2":5.16527318954,"max":30,"mean":10.1750202179,"median":10,"min":0,"var":37.776184082},"spectral_contrast_coeffs":{"dmean":[0.0416249148548,0.0419306643307,0.0347396098077,0.0263187848032,0.0193342845887,0.0121697708964],"dmean2":[0.0695597082376,0.0663923844695,0.0558181107044,0.0428930334747,0.0310866553336,0.0197022780776],"dvar":[0.00114697578829,0.00118689564988,0.000808223092463,0.000464280979941,0.000246907293331,0.000107894658868],"dvar2":[0.00322946114466,0.00302826566622,0.0021362924017,0.00120003358461,0.000630056369118,0.000268989853794],"max":[-0.218998432159,-0.316878914833,-0.360204130411,-0.453898876905,-0.536378920078,-0.650191783905],"mean":[-0.630552053452,-0.647746682167,-0.689427137375,-0.728978157043,-0.747808098793,-0.790592372417],"median":[-0.640751838684,-0.646680951118,-0.699724197388,-0.72863805294,-0.743570446968,-0.786404252052],"min":[-0.98564106226,-0.960421800613,-0.960591375828,-0.9613468647,-0.956867516041,-0.959075808525],"var":[0.00949571374804,0.0105014499277,0.00954320002347,0.00636936118826,0.00478460686281,0.00184712407645]},"spectral_contrast_valleys":{"dmean":[0.34213757515,0.278093785048,0.247919246554,0.20874632895,0.161948114634,0.148744747043],"dmean2":[0.571543693542,0.457546472549,0.414139091969,0.342633515596,0.254464000463,0.221841603518],"dvar":[0.0901794433594,0.0610084421933,0.0514250397682,0.0395300500095,0.0364124141634,0.0422608032823],"dvar2":[0.223986908793,0.146867766976,0.120677933097,0.085130572319,0.0646282806993,0.0690911635756],"max":[-5.3658952713,-5.06148338318,-5.77234745026,-6.64553785324,-6.76745080948,-8.54445552826],"mean":[-8.00864505768,-7.61711788177,-8.64375782013,-9.53472995758,-9.52731132507,-11.9970340729],"median":[-7.85469722748,-7.26771736145,-8.28579711914,-9.19366455078,-9.1130437851,-11.6856908798],"min":[-27.7022380829,-27.2245445251,-27.1330947876,-27.1989917755,-27.2953205109,-27.3175430298],"var":[1.6429400444,2.21003651619,2.3828368187,2.18228960037,2.25425219536,1.77930676937]},"spectral_decrease":{"dmean":1.40768863233e-09,"dmean2":2.16175011225e-09,"dvar":4.43186290926e-18,"dvar2":1.06826885409e-17,"max":1.35004902163e-16,"mean":-5.0750870173e-09,"median":-3.44967210353e-09,"min":-3.99427868558e-08,"var":2.57144925649e-17},"spectral_energy":{"dmean":0.00556867336854,"dmean2":0.00854788068682,"dvar":6.98799631209e-05,"dvar2":0.000168391794432,"max":0.157094880939,"mean":0.0202150829136,"median":0.0137333851308,"min":1.07274565638e-20,"var":0.000408179912483},"spectral_energyband_high":{"dmean":2.89873605652e-05,"dmean2":4.31158332503e-05,"dvar":8.62166338322e-09,"dvar2":1.6574167816e-08,"max":0.00402220105752,"mean":0.00010094846948,"median":3.18314050674e-05,"min":7.99279261192e-21,"var":3.90173688913e-08},"spectral_energyband_low":{"dmean":0.00124816084281,"dmean2":0.00199516909197,"dvar":9.06103741727e-06,"dvar2":2.34302169702e-05,"max":0.0694499388337,"mean":0.00325887999497,"median":0.000881649262737,"min":1.12642672969e-22,"var":3.248360008e-05},"spectral_energyband_middle_high":{"dmean":0.000928756140638,"dmean2":0.00142412353307,"dvar":4.64423010271e-06,"dvar2":1.07954638224e-05,"max":0.0771128162742,"mean":0.00300481263548,"median":0.00125800329261,"min":1.40320033271e-21,"var":2.58798827417e-05},"spectral_energyband_middle_low":{"dmean":0.00479407468811,"dmean2":0.0073586110957,"dvar":6.30596114206e-05,"dvar2":0.000152022272232,"max":0.14832739532,"mean":0.0141935348511,"median":0.00841991603374,"min":3.53324311856e-22,"var":0.000276753475191},"spectral_entropy":{"dmean":0.160428032279,"dmean2":0.242614343762,"dvar":0.0246282629669,"dvar2":0.0577744245529,"max":9.80484199524,"mean":6.43470907211,"median":6.59276771545,"min":3.83037900925,"var":0.492165416479},"spectral_flux":{"dmean":0.0141550265253,"dmean2":0.0239274483174,"dvar":0.000299165112665,"dvar2":0.000842738663778,"max":0.247985228896,"mean":0.0499439015985,"median":0.0442511811852,"min":1.03573434551e-10,"var":0.00117426097859},"spectral_kurtosis":{"dmean":4.35201454163,"dmean2":7.406042099,"dvar":33.5549354553,"dvar2":88.0894470215,"max":138.967514038,"mean":14.5925788879,"median":10.0800104141,"min":-1.22255599499,"var":171.814819336},"spectral_rms":{"dmean":0.000540347362403,"dmean2":0.000826229632366,"dvar":3.66660913187e-07,"dvar2":8.93925914625e-07,"max":0.0123799555004,"mean":0.00384640274569,"median":0.00366038596258,"min":3.23509058084e-12,"var":4.92721119372e-06},"spectral_rolloff":{"dmean":131.05909729,"dmean2":229.794509888,"dvar":113224.390625,"dvar2":251691.15625,"max":21274.8046875,"mean":824.865905762,"median":602.9296875,"min":64.599609375,"var":1818660.625},"spectral_skewness":{"dmean":0.354908198118,"dmean2":0.593703985214,"dvar":0.146538466215,"dvar2":0.375778883696,"max":9.80221176147,"mean":2.7858812809,"median":2.42674684525,"min":-0.0707277953625,"var":1.48591709137},"spectral_spread":{"dmean":305681.25,"dmean2":491647.78125,"dvar":188479930368,"dvar2":318310612992,"max":41589788,"mean":3172126.25,"median":3071410.5,"min":722896.5625,"var":1964686835710.0},"spectral_strongpeak":{"dmean":0.541822314262,"dmean2":0.876929879189,"dvar":0.682092368603,"dvar2":1.65056204796,"max":13.536277771,"mean":1.40652740002,"median":0.780556738377,"min":5.67378144467e-09,"var":2.63804388046},"zerocrossingrate":{"dmean":0.00363514875062,"dmean2":0.00462598819286,"dvar":2.72513316304e-05,"dvar2":3.12786614813e-05,"max":0.7490234375,"mean":0.0337685458362,"median":0.0302734375,"min":0.00244140625,"var":0.00150350830518}},"metadata":{"audio_properties":{"analysis_sample_rate":44100,"bit_rate":253569,"codec":"mp3","downmix":"mix","equal_loudness":0,"length":280.685699463,"lossless":false,"md5_encoded":"beacecbb637542930d73db965045438b","replay_gain":-11.6331386566,"sample_rate":44100},"tags":{"acoustid_id":["4802402c-76a8-4180-b4a5-7dfdb8b48a7f"],"album":["Journey"],"albumartist":["Austin Wintory"],"albumartistsort":["Wintory, Austin"],"artist":["Austin Wintory"],"artistsort":["Wintory, Austin"],"artistwebpage":["http://austinwintory.com/"],"date":["2012"],"discnumber":["1/1"],"file_name":"18 I Was Born for This.mp3","media":["Digital Media"],"musicbrainz album release country":["XW"],"musicbrainz album status":["official"],"musicbrainz album type":["album/soundtrack"],"musicbrainz_albumartistid":["78f15956-c5e1-46d6-a46b-fa6f46681ec8"],"musicbrainz_albumid":["1f3abcda-15a7-4465-92c6-9926cdc4f247"],"musicbrainz_artistid":["78f15956-c5e1-46d6-a46b-fa6f46681ec8"],"musicbrainz_recordingid":["8c12af5a-f9a2-42fa-9dbe-032d7a1f4d5b"],"musicbrainz_releasegroupid":["d1850227-c7c7-42c8-b469-6e99023412de"],"originaldate":["2012"],"script":["Latn"],"title":["I Was Born for This"],"tracknumber":["18/18"]},"version":{"essentia":"2.1-beta2","essentia_build_sha":"26c37b627ab5a2028d412893e0969599b764ad4d","essentia_git_sha":"v2.1_beta2","extractor":"music 1.0"}},"rhythm":{"beats_count":516,"beats_loudness":{"dmean":0.0119496369734,"dmean2":0.0202687885612,"dvar":0.000208730547456,"dvar2":0.000556316925213,"max":0.133002966642,"mean":0.0234990157187,"median":0.01867460832,"min":2.66398147986e-09,"var":0.000479275477119},"beats_loudness_band_ratio":{"dmean":[0.171376496553,0.182240903378,0.151060074568,0.0752864778042,0.0283263307065,0.00925637129694],"dmean2":[0.295357704163,0.305014520884,0.259474694729,0.125527083874,0.0492973923683,0.0161387380213],"dvar":[0.0283546075225,0.02612223662