{"lowlevel":{"average_loudness":0.394971817732,"barkbands":{"dmean":[0.000173956665094,0.00194946012925,0.00137912691571,0.000302477041259,0.00201330659911,0.00108089356218,0.000285340647679,0.000238355787587,0.00025387381902,0.000147994505824,9.91822744254e-05,0.000139519936056,2.35129355133e-05,9.32547754928e-06,2.71772432825e-06,1.9999399683e-06,8.08349454928e-07,9.61887621997e-07,8.71688541793e-07,1.52895481165e-07,1.10287246002e-07,4.70047432088e-08,9.75026068772e-08,4.14813428051e-08,2.34688233292e-08,2.71106284089e-08,3.47342705709e-08],"dmean2":[0.000309860595735,0.00337476911955,0.00204517669044,0.000491306884214,0.00284202885814,0.00112729182001,0.000328738300595,0.000290048192255,0.000322281121043,0.000194477746845,0.000145826707012,0.000203218092793,4.09327622037e-05,1.50201176439e-05,4.37934613728e-06,3.24049392475e-06,1.2050817304e-06,1.58785917392e-06,1.4269754729e-06,2.5184172614e-07,1.8586709416e-07,7.55687423748e-08,1.39346639116e-07,6.5454528908e-08,3.71483821482e-08,3.41385302249e-08,4.90472125136e-08],"dvar":[1.02686854575e-07,1.32018321892e-05,6.28473480901e-06,2.85079295281e-07,1.17701174531e-05,5.00408714288e-06,3.25521511968e-07,3.60065371297e-07,3.78244862986e-07,1.35419327307e-06,4.34665395233e-07,4.45413746775e-07,8.24274071221e-09,7.92404697414e-10,6.98804555888e-11,2.80501125799e-11,1.5401757994e-11,2.7071003425e-11,2.51166656917e-11,2.1852977056e-13,8.89638772264e-14,1.39039145391e-14,1.08955413322e-13,9.20989596165e-15,2.83447336173e-15,5.08449907204e-15,1.02918162274e-14],"dvar2":[3.25841085669e-07,3.89953238482e-05,1.33042030939e-05,7.09167466084e-07,2.39658111241e-05,5.30796705789e-06,4.1022551045e-07,5.34476271241e-07,6.71154282372e-07,2.25591293201e-06,9.52323716774e-07,8.96319818366e-07,2.95602653466e-08,2.15807327564e-09,1.87560439402e-10,7.19948545225e-11,3.04831784814e-11,7.52453793718e-11,5.91136237182e-11,5.98711672687e-13,2.64742844617e-13,3.65657008253e-14,1.73066598487e-13,2.41523431978e-14,7.41738535691e-15,8.38167646318e-15,2.25857049399e-14],"max":[0.00293707754463,0.0723299980164,0.0381152704358,0.00909262150526,0.0944195091724,0.0730061009526,0.0159999504685,0.0346646271646,0.0199066195637,0.0703911185265,0.0251438003033,0.0232651941478,0.00239648716524,0.000959018128924,0.000258092477452,0.00012424113811,0.000213306469959,0.000201446877327,0.000190583203221,1.44485302371e-05,8.71540578373e-06,3.31218075189e-06,1.10975306598e-05,3.02220541926e-06,1.84509667633e-06,4.41568226961e-06,5.4428214753e-06],"mean":[0.000217388340388,0.00401066057384,0.00272454391234,0.000574462115765,0.00724278809503,0.00375075917691,0.000788158795331,0.000947868567891,0.000714249035809,0.000317196012475,0.000156480105943,0.00023904882255,4.14146634284e-05,2.11090373341e-05,5.74097020944e-06,4.19758316639e-06,2.29986744671e-06,2.00703971132e-06,1.58374575676e-06,4.62807150825e-07,4.15856021618e-07,1.40797808967e-07,3.19888272315e-07,1.99701517545e-07,1.10866814396e-07,1.72144765997e-07,2.05445232382e-07],"median":[4.45746845799e-05,0.000932822469622,0.000865697511472,0.000194281776203,0.00230634817854,0.00102669605985,0.000198707857635,0.000169251987245,0.000102255828097,4.10420070693e-05,5.95418396188e-06,2.31657522818e-05,7.45934812585e-06,3.64811671716e-06,1.52928691932e-06,8.77099864738e-07,2.77707158602e-07,2.08458033057e-07,1.29801279058e-07,8.74321557376e-08,5.93498299395e-08,3.39873622579e-08,4.41704308685e-08,2.45903208906e-08,1.38502187497e-08,8.88504914087e-09,2.26267626857e-09],"min":[7.18135777979e-25,2.87422141349e-24,1.05312211011e-24,6.36190435562e-25,8.52065782011e-24,1.19677598837e-23,6.67403778176e-24,1.18450588808e-23,1.97481482638e-23,1.32723417612e-23,7.9260578571e-24,2.86270459648e-23,3.57171479206e-23,3.72823236872e-23,5.0005501507e-23,6.20868052962e-23,6.51168200332e-23,7.47358554344e-23,1.32437427135e-22,1.68756103584e-22,2.68526586063e-22,3.77298867617e-22,4.70645068833e-22,5.47504960653e-22,8.60225326919e-22,1.35457287654e-21,2.07773572901e-21],"var":[1.44647842149e-07,4.48461323685e-05,1.92094412341e-05,8.33086630792e-07,0.000157343267347,4.77437642985e-05,2.1886378363e-06,6.51224399917e-06,2.61460922957e-06,4.17240880779e-06,8.24191431548e-07,1.0693505601e-06,1.40355691514e-08,4.07433775607e-09,1.99236210863e-10,8.23808035677e-11,6.89276136168e-11,7.34031932459e-11,5.81209316786e-11,1.10087123879e-12,7.33578616689e-13,7.30811624324e-14,7.79954876726e-13,1.25766218728e-13,3.59002243081e-14,1.38957557483e-13,2.64717121921e-13]},"barkbands_crest":{"dmean":2.06808495522,"dmean2":3.18576097488,"dvar":3.1326084137,"dvar2":8.09580516815,"max":26.4773044586,"mean":13.2197799683,"median":12.5280561447,"min":4.52992630005,"var":18.2658405304},"barkbands_flatness_db":{"dmean":0.016575820744,"dmean2":0.0243830755353,"dvar":0.000210236641578,"dvar2":0.000523309165146,"max":0.55766749382,"mean":0.34321564436,"median":0.348604381084,"min":0.0427888222039,"var":0.0072519169189},"barkbands_kurtosis":{"dmean":3.07508206367,"dmean2":4.49666881561,"dvar":33.5858039856,"dvar2":69.4436416626,"max":207.93208313,"mean":7.56565666199,"median":3.8792347908,"min":-1.7173101902,"var":165.851913452},"barkbands_skewness":{"dmean":0.44282579422,"dmean2":0.658850193024,"dvar":0.189218461514,"dvar2":0.443290889263,"max":10.1594457626,"mean":1.37371373177,"median":1.15927171707,"min":-6.28015422821,"var":1.83368778229},"barkbands_spread":{"dmean":0.859614610672,"dmean2":1.28727912903,"dvar":2.50473618507,"dvar2":4.72532749176,"max":106.84752655,"mean":4.53486156464,"median":3.37448644638,"min":0.243179142475,"var":27.9984550476},"dissonance":{"dmean":0.0402808226645,"dmean2":0.0670649856329,"dvar":0.00139229907654,"dvar2":0.00380287971348,"max":0.499980896711,"mean":0.352303087711,"median":0.357955336571,"min":0.118388094008,"var":0.00585785787553},"dynamic_complexity":6.1598572731,"erbbands":{"dmean":[0.0508737415075,0.487652361393,1.55573523045,0.936154127121,1.36127495766,9.29992771149,9.42542648315,10.5038585663,4.07166957855,6.59295988083,4.52157449722,4.72961139679,6.23494148254,3.65981221199,4.89000940323,3.37927699089,1.19208312035,0.492903023958,0.208640396595,0.133454144001,0.123469367623,0.033735845238,0.0413891263306,0.048826623708,0.0212912652642,0.00698845926672,0.00637941248715,0.00345916161314,0.0014266417129,0.00274558016099,0.00182794127613,0.000804874929599,0.000900801445823,0.0002921037958,0.000156571826665,0.000131247536046,5.07443655806e-05,1.61220796144e-05,1.0860344446e-05,5.11175267093e-06],"dmean2":[0.091108314693,0.830598890781,2.33293032646,1.49478781223,1.89222276211,13.2151079178,12.5456962585,10.2496671677,4.33100748062,7.62997817993,5.24436759949,5.90625715256,8.09470653534,4.96010017395,6.98040342331,4.97745418549,2.07241201401,0.812422692776,0.329199910164,0.220992445946,0.1977635324,0.0513298138976,0.0679363682866,0.0792703926563,0.0358450189233,0.0113947344944,0.01066918578,0.00558624602854,0.00233117677271,0.00399246765301,0.002644962864,0.00120944750961,0.00146688264795,0.000482323637698,0.000243864793447,0.00017686180945,6.6892716859e-05,2.28483913816e-05,1.55388133862e-05,7.47693320591e-06],"dvar":[0.00757252797484,0.879494488239,8.09386348724,2.34001374245,5.82018566132,267.624633789,414.492126465,555.263793945,62.4053115845,208.800476074,143.925979614,167.09854126,658.183776855,385.744812012,677.075317383,251.940322876,23.1543617249,2.35189890862,0.411419332027,0.268799811602,0.115953221917,0.0152349276468,0.0416326969862,0.0701738744974,0.0120802847669,0.000577715341933,0.000385937135434,6.88223299221e-05,1.10505880002e-05,9.00566374185e-05,3.18685124512e-05,2.73776822723e-06,5.0367411859e-06,4.76303938513e-07,1.07816674699e-07,1.12766635141e-07,1.98742906576e-08,1.71591940656e-09,8.11059219785e-10,4.6585436897e-11],"dvar2":[0.0235579255968,2.55725383759,17.634475708,5.75572156906,11.4667758942,516.191589355,924.612121582,493.573913574,66.0748825073,280.953216553,193.730819702,286.517913818,1058.54553223,713.025939941,1406.27563477,518.056274414,83.6277770996,6.51693058014,1.10428738594,0.737379431725,0.28439733386,0.0317374616861,0.116217933595,0.175233051181,0.029825931415,0.00158993003424,0.00115997064859,0.000187985802768,2.99394814647e-05,0.000145666577737,5.59112922929e-05,6.20871105639e-06,1.37324186653e-05,1.27619375689e-06,2.51238276405e-07,2.03485683414e-07,3.37738121914e-08,3.26464966172e-09,1.79885328855e-09,1.08114871222e-10],"max":[0.944057941437,19.3312664032,50.8331756592,25.9105319977,54.0240325928,547.194213867,663.372436523,857.698486328,274.106170654,446.219787598,658.719238281,595.905822754,1441.84936523,1087.66699219,936.70324707,531.278991699,134.116104126,46.777053833,29.7405986786,17.2904281616,7.30901098251,6.13345241547,8.19382667542,9.37200260162,4.18751430511,1.00508701801,0.666431307793,0.227691188455,0.10464784503,0.343508183956,0.207895919681,0.0412212871015,0.0688276216388,0.0224552173167,0.0094517339021,0.0176104251295,0.00870514474809,0.0021534638945,0.00154493493028,0.000149090468767],"mean":[0.0659129172564,1.04357993603,3.43249773979,2.31635737419,4.28622150421,29.9636211395,36.4637641907,36.6141281128,14.6286478043,21.5432510376,18.3002948761,15.0822763443,14.6654100418,7.77292156219,9.4049282074,6.49610042572,2.36684441566,1.1705288887,0.508365750313,0.281149446964,0.258804649115,0.106185555458,0.102740459144,0.109009936452,0.0458621196449,0.0219138022512,0.0219499152154,0.0137394787744,0.00521655613557,0.00821880809963,0.00682860752568,0.00366849033162,0.00385933998041,0.00140742154326,0.000764827185776,0.000770565005951,0.000321236409945,9.43242484936e-05,6.41517981421e-05,2.50652137765e-05],"median":[0.0214707627892,0.195545703173,0.855216503143,1.03037238121,2.09001135826,8.19944000244,9.2296667099,8.41744804382,4.56339454651,5.00834989548,3.48445606232,2.23408174515,2.76168370247,1.49142360687,0.995697617531,0.84948348999,0.487007319927,0.234881669283,0.138243854046,0.0600931681693,0.0452647730708,0.0189770571887,0.0114816688001,0.00936673209071,0.00555669236928,0.004238022957,0.00283039500937,0.00186734111048,0.00127501203679,0.000906079600099,0.00128470466007,0.000757095287554,0.000371556379832,0.00018081071903,0.000107241619844,5.42339294043e-05,2.41590296355e-05,5.16723230248e-06,1.25975193441e-05,1.73614644154e-05],"min":[8.89581908293e-23,1.06354262583e-21,2.41194234393e-21,5.40123373331e-21,8.38881017694e-21,2.23730399866e-20,3.58006547923e-20,4.93918817226e-20,1.04805780476e-19,1.60041586598e-19,2.88802898892e-19,3.43295644792e-19,8.02187402044e-19,6.96903646883e-19,6.34405964002e-19,1.53164939482e-18,1.2836681952e-18,2.27593906537e-18,3.21079439865e-18,2.82261239245e-18,3.87451481638e-18,4.13971429744e-18,4.97147873135e-18,6.31031108462e-18,7.56029514111e-18,9.38063181049e-18,8.61164252685e-18,1.02093840662e-17,1.24654728648e-17,1.19458363497e-17,1.32621181051e-17,1.10451218622e-17,1.03990243206e-17,8.25306138567e-18,6.76856955757e-18,4.21264391691e-18,2.42780942584e-18,1.10134362952e-18,2.7568838972e-19,2.91233750068e-20],"var":[0.0104802520946,3.31726455688,31.6476612091,10.6416692734,35.9407920837,3251.30615234,6141.08105469,5872.18408203,726.323181152,1820.08837891,2328.40527344,1593.31018066,2418.61572266,1043.24060059,1676.4050293,702.172668457,44.7152366638,11.3961458206,1.98346197605,0.596674740314,0.323203355074,0.0877178013325,0.155204951763,0.216595336795,0.0319558605552,0.00276500848122,0.00247555063106,0.00076183717465,8.78942082636e-05,0.000557767867576,0.000279344792943,3.7517707824e-05,5.09178862558e-05,6.28932821201e-06,1.61189598202e-06,2.57043029706e-06,5.15011095104e-07,4.19445136401e-08,2.03196481863e-08,6.29923890827e-10]},"erbbands_crest":{"dmean":2.26441287994,"dmean2":3.17816329002,"dvar":4.55164909363,"dvar2":11.00623703,"max":33.6420898438,"mean":15.4064731598,"median":14.6660575867,"min":2.79315137863,"var":33.3528060913},"erbbands_flatness_db":{"dmean":0.0139178968966,"dmean2":0.0189322531223,"dvar":0.000154149354785,"dvar2":0.000346999091562,"max":0.502106547356,"mean":0.32036703825,"median":0.334850609303,"min":0.0718618929386,"var":0.00584848178551},"erbbands_kurtosis":{"dmean":2.41428232193,"dmean2":3.4171397686,"dvar":41.7840843201,"dvar2":77.8586578369,"max":322.624603271,"mean":5.36559009552,"median":2.25247907639,"min":-1.78952491283,"var":174.036270142},"erbbands_skewness":{"dmean":0.381910353899,"dmean2":0.535216271877,"dvar":0.153605565429,"dvar2":0.336659044027,"max":11.517832756,"mean":1.07597506046,"median":0.973697543144,"min":-4.00097990036,"var":1.62597966194},"erbbands_spread":{"dmean":1.82129061222,"dmean2":2.57185053825,"dvar":4.96201610565,"dvar2":9.17659473419,"max":119.807258606,"mean":10.5413331985,"median":8.8553943634,"min":0.528437376022,"var":67.7707519531},"gfcc":{"cov":[[19829.0996094,3977.51318359,-436.755737305,-156.551010132,-391.555511475,-254.2315979,-2.62643122673,-140.105712891,-170.048522949,-326.679199219,-242.221633911,-337.073913574,-162.092849731],[3977.51318359,2651.15063477,207.478897095,-308.23135376,447.628234863,41.0514678955,374.319763184,-213.459533691,-85.8375701904,-213.162948608,247.061141968,-50.9005432129,171.944335938],[-436.755737305,207.478897095,1351.6583252,417.852172852,343.402557373,294.506622314,223.288421631,44.1493225098,107.475456238,170.211624146,21.0582427979,53.6571388245,79.457862854],[-156.551010132,-308.23135376,417.852172852,752.317443848,186.318969727,259.823822021,105.226707458,87.1913909912,121.70464325,57.8205032349,-142.257492065,-19.9877529144,5.70546388626],[-391.555511475,447.628234863,343.402557373,186.318969727,450.88684082,232.777755737,279.906341553,-27.5712871552,0.860142886639,-22.4403839111,63.199005127,16.5684833527,81.7986068726],[-254.2315979,41.0514678955,294.506622314,259.823822021,232.777755737,385.76953125,244.282653809,57.3999938965,13.674372673,42.2248344421,-24.1377162933,29.6880893707,37.410949707],[-2.62643122673,374.319763184,223.288421631,105.226707458,279.906341553,244.282653809,362.729492188,63.1720275879,23.1786708832,-1.40027248859,43.2955856323,6.96216201782,54.9988708496],[-140.105712891,-213.459533691,44.1493225098,87.1913909912,-27.5712871552,57.3999938965,63.1720275879,178.328140259,110.162284851,57.3773345947,-45.4922828674,-3.59118628502,-28.0953350067],[-170.048522949,-85.8375701904,107.475456238,121.70464325,0.860142886639,13.674372673,23.1786708832,110.162284851,165.486602783,77.4349060059,-10.7062005997,-2.20104217529,-6.00076055527],[-326.679199219,-213.162948608,170.211624146,57.8205032349,-22.4403839111,42.2248344421,-1.40027248859,57.3773345947,77.4349060059,146.456497192,33.0707130432,32.32289505,-12.6680383682],[-242.221633911,247.061141968,21.0582427979,-142.257492065,63.199005127,-24.1377162933,43.2955856323,-45.4922828674,-10.7062005997,33.0707130432,150.276351929,56.6128692627,33.3105735779],[-337.073913574,-50.9005432129,53.6571388245,-19.9877529144,16.5684833527,29.6880893707,6.96216201782,-3.59118628502,-2.20104217529,32.32289505,56.6128692627,86.8216400146,60.6419029236],[-162.092849731,171.944335938,79.457862854,5.70546388626,81.7986068726,37.410949707,54.9988708496,-28.0953350067,-6.00076055527,-12.6680383682,33.3105735779,60.6419029236,149.000579834]],"icov":[[0.000175354900421,-0.000589765491895,0.000139679803397,-0.000218133078306,0.000325618224451,0.000283576344373,-0.000109215026896,-0.000107371291961,0.000502310111187,-0.000851060845889,0.00138006545603,-0.000945243693423,0.000599367951509],[-0.000589765491895,0.00297042331658,-0.000795405416284,0.00102880992927,-0.000901163381059,-0.00136982952245,-5.80327105126e-05,0.00100436713547,-0.00257890950888,0.00479364581406,-0.006980904378,0.00573835289106,-0.00310628721491],[0.000139679803397,-0.000795405416284,0.00152906996664,-0.000553556717932,-0.000711644883268,0.000492405437399,-0.000202106195502,0.000201776492759,0.000669130356982,-0.00320550450124,0.00264206086285,-0.00194282794837,0.000609790033195],[-0.000218133078306,0.00102880992927,-0.000553556717932,0.0035042327363,-0.00168949028011,-0.00159618258476,0.000435391557403,0.00163990096189,-0.00332600413822,0.00106933061033,0.00157539860811,0.000591956079006,-0.000422894401709],[0.000325618224451,-0.000901163381059,-0.000711644883268,-0.00168949028011,0.00808861386031,-0.00147459656,-0.00338389724493,0.0019847904332,-0.000409640546422,0.00226703984663,-0.00240375706926,0.00103454850614,-0.000316022953484],[0.000283576344373,-0.00136982952245,0.000492405437399,-0.00159618258476,-0.00147459656,0.00914562307298,-0.00509063666686,7.08931838744e-05,0.00377529626712,-0.00609381636605,0.00876984093338,-0.00838284380734,0.003178560175],[-0.000109215026896,-5.80327105126e-05,-0.000202106195502,0.000435391557403,-0.00338389724493,-0.00509063666686,0.0111035732552,-0.00692432327196,0.0015859475825,0.00240448722616,-0.00652774469927,0.00660655368119,-0.00319022452459],[-0.000107371291961,0.00100436713547,0.000201776492759,0.00163990096189,0.0019847904332,7.08931838744e-05,-0.00692432327196,0.0179387964308,-0.0111625753343,-0.000512241269462,0.00704304873943,-0.0059878397733,0.00375411752611],[0.000502310111187,-0.00257890950888,0.000669130356982,-0.00332600413822,-0.000409640546422,0.00377529626712,0.0015859475825,-0.0111625753343,0.0186610557139,-0.00944329518825,0.00208607548848,0.00074243475683,-0.000940070371144],[-0.000851060845889,0.00479364581406,-0.00320550450124,0.00106933061033,0.00226703984663,-0.00609381636605,0.00240448722616,-0.000512241269462,-0.00944329518825,0.0248222723603,-0.0191486421973,0.00811859592795,-0.00278108217753],[0.00138006545603,-0.006980904378,0.00264206086285,0.00157539860811,-0.00240375706926,0.00876984093338,-0.00652774469927,0.00704304873943,0.00208607548848,-0.0191486421973,0.0407405793667,-0.0297836791724,0.0124128730968],[-0.000945243693423,0.00573835289106,-0.00194282794837,0.000591956079006,0.00103454850614,-0.00838284380734,0.00660655368119,-0.0059878397733,0.00074243475683,0.00811859592795,-0.0297836791724,0.0443718917668,-0.019348109141],[0.000599367951509,-0.00310628721491,0.000609790033195,-0.000422894401709,-0.000316022953484,0.003178560175,-0.00319022452459,0.00375411752611,-0.000940070371144,-0.00278108217753,0.0124128730968,-0.019348109141,0.0167250726372]],"mean":[-216.877670288,192.578659058,-64.4757995605,-23.9532260895,-49.5654792786,-7.72752904892,-29.5704593658,-10.9603757858,-16.9781570435,-6.64673805237,-3.93148422241,-3.73371601105,-1.04420638084]},"hfc":{"dmean":1.16396152973,"dmean2":1.52662146091,"dvar":3.66470909119,"dvar2":6.64851427078,"max":63.1024017334,"mean":6.1166472435,"median":3.99300003052,"min":1.10884097126e-16,"var":49.8030357361},"melbands":{"dmean":[0.000489026133437,0.000686634448357,0.000160475712619,0.000321883941069,0.000399059586925,0.000218651766772,6.57506461721e-05,6.91952445777e-05,3.1764513551e-05,3.32171803166e-05,3.30697403115e-05,1.69129707501e-05,1.69568993442e-05,1.92804909602e-05,2.28578551287e-06,2.03600416171e-06,8.45306544761e-07,4.23374899583e-07,1.78547097107e-07,1.43728072999e-07,1.53808812797e-07,3.72669646254e-08,3.3149998302e-08,6.36012416066e-08,4.1142577345e-08,3.37214522972e-08,4.3842685038e-09,5.62906965484e-09,5.2428017483e-09,3.28487459456e-09,2.03977479352e-09,1.18239718017e-09,4.38158120897e-10,2.59508992073e-09,1.50881829253e-09,6.84386214367e-10,5.00396557523e-10,8.50045256406e-10,5.65820557075e-10,1.91820920259e-10],"dmean2":[0.000856631319039,0.00107359187678,0.000246235082159,0.000465541263111,0.000542554596905,0.000215316118556,7.0122339821e-05,8.11347999843e-05,3.71703608835e-05,4.18332238041e-05,4.30402542406e-05,2.28084518312e-05,2.47011721513e-05,2.82019373117e-05,3.71076930605e-06,3.56908549293e-06,1.38385576065e-06,6.67725601033e-07,2.84288603325e-07,2.39391511059e-07,2.4580268132e-07,5.51039391894e-08,5.30434292045e-08,1.04611501683e-07,6.56910614794e-08,5.62564324014e-08,7.32459293218e-09,9.24585297213e-09,8.73721806016e-09,5.49227685553e-09,3.29134386412e-09,1.93966886997e-09,7.39968697427e-10,3.75139208586e-09,2.20731566358e-09,1.03231789783e-09,7.66671615082e-10,1.38089750745e-09,9.71205338374e-10,3.15299591991e-10],"dvar":[7.55957444198e-07,1.56406929364e-06,6.88394834469e-08,3.26077213231e-07,5.73086936129e-07,2.36864266867e-07,1.48502463659e-08,2.13801403248e-08,6.76224898299e-09,6.90866563957e-09,2.16881641535e-08,1.11099982547e-08,1.08024567069e-08,9.00326124764e-09,5.53370231582e-11,5.30679215849e-11,7.02091640034e-12,1.9460570308e-12,3.30871181148e-13,2.16892015415e-13,1.90659012016e-13,2.71522933396e-14,1.93577115058e-14,1.44143960548e-13,4.84428171405e-14,3.82237508789e-14,2.48749965565e-16,3.54617596088e-16,2.4326918594e-16,8.32130395164e-17,2.46329919643e-17,8.19558556799e-18,9.01392361979e-19,8.78295874546e-17,2.59900859839e-17,1.90926065318e-18,1.0972615966e-18,4.13409484595e-18,2.26063560366e-18,1.80209322682e-19],"dvar2":[2.28073008657e-06,3.7964709918e-06,1.58685949714e-07,6.80283051224e-07,1.22415860915e-06,2.13843847519e-07,1.57354431707e-08,3.02158227328e-08,9.64566293504e-09,1.18312240005e-08,3.52096094502e-08,1.99204368556e-08,2.31489032387e-08,1.8156534054e-08,1.87070262059e-10,1.87356921644e-10,1.90054551957e-11,5.14733481533e-12,8.73770131769e-13,6.03890798045e-13,4.57692260827e-13,5.42066595061e-14,4.95533078275e-14,3.97805323838e-13,1.16858305259e-13,9.12589977003e-14,7.31560968962e-16,9.72778905802e-16,7.18926360823e-16,2.36227721641e-16,6.42816943266e-17,2.21753870792e-17,2.54698547259e-18,1.40591124155e-16,4.64610806459e-17,4.18638217324e-18,2.76495728337e-18,1.13244061611e-17,6.43478894551e-18,4.75713638231e-19],"max":[0.0146380383521,0.0245148465037,0.00432111648843,0.0185290295631,0.0241304691881,0.0173040553927,0.00408293586224,0.00519734155387,0.0043012178503,0.00327441445552,0.00842907931656,0.00613002898172,0.004012781661,0.00323851872236,0.000208670055144,0.000183114010724,8.20980640128e-05,6.57887212583e-05,1.77712645382e-05,1.39881494761e-05,1.24891575979e-05,9.66972402239e-06,6.95935341355e-06,1.44165232996e-05,7.86008695286e-06,7.58638634579e-06,4.50099065574e-07,6.78034609791e-07,5.49702690478e-07,2.7259366675e-07,1.15033188308e-07,8.1141124042e-08,2.95188957722e-08,3.31553536626e-07,1.79743111062e-07,4.11379446064e-08,2.48247573609e-08,5.35691242476e-08,4.03767046464e-08,1.01801216346e-08],"mean":[0.000835659040604,0.00175282289274,0.000450357561931,0.00103142275475,0.00147936563008,0.000753530184738,0.000236585357925,0.000246721901931,0.000128137529828,9.69937100308e-05,7.47888261685e-05,3.48964786099e-05,3.00894025713e-05,3.24710272253e-05,5.16110867466e-06,3.83354199585e-06,1.91394701687e-06,8.89422437922e-07,3.80231057306e-07,3.04591907252e-07,2.98556017242e-07,1.0054237265e-07,9.09938506766e-08,1.19695471312e-07,8.56868993537e-08,6.0445835004e-08,1.1717538051e-08,1.5361042216e-08,1.57005128898e-08,1.07249036319e-08,6.91485890769e-09,3.38843020309e-09,1.35961852887e-09,6.93770374482e-09,4.86164042357e-09,2.44059061849e-09,1.95536187242e-09,2.96835445113e-09,2.12621875662e-09,8.05813082927e-10],"median":[0.000249808945227,0.000438201299403,0.00020532902272,0.00037802796578,0.00041904009413,0.000177660200279,7.56898443797e-05,5.64511719858e-05,2.14754072658e-05,1.25927981571e-05,1.18593361549e-05,5.09038227392e-06,2.35145034821e-06,2.49942354458e-06,9.56680651143e-07,8.4298631009e-07,3.11176137302e-07,2.22152038987e-07,9.16428462006e-08,6.19185840378e-08,4.42903100861e-08,1.64127893498e-08,1.08556452716e-08,9.61338297856e-09,7.29970661695e-09,4.69462646535e-09,2.81653456113e-09,2.39662467649e-09,1.78428094522e-09,1.20868004494e-09,9.4271113138e-10,7.51967932366e-10,4.67861305253e-10,4.33207469897e-10,6.48813003323e-10,6.49896247928e-10,3.03697650361e-10,2.67233013496e-10,1.72622999228e-10,1.27396176941e-10],"min":[1.71111168141e-24,1.1242324973e-24,1.30705219538e-24,2.00497104608e-24,1.7980005686e-24,1.37003130018e-24,1.32426267514e-24,1.92706846789e-24,2.238439953e-24,2.13163627226e-24,3.60510932522e-24,2.10145307352e-24,1.24964018059e-24,2.88915455043e-24,2.46931054932e-24,2.97949450686e-24,3.62803677857e-24,5.0455894541e-24,3.47690601748e-24,2.57734051434e-24,4.23735018075e-24,3.26682900576e-24,3.8352153181e-24,3.69778943753e-24,4.6498068939e-24,4.35483562979e-24,5.47454361537e-24,5.39576757094e-24,4.4433438512e-24,6.65714984751e-24,5.31708027337e-24,6.09255618118e-24,6.40302382892e-24,6.61350217362e-24,6.89727674047e-24,6.98638725719e-24,6.06043849829e-24,6.1449897934e-24,6.47536237392e-24,5.52668968779e-24],"var":[1.74439560396e-06,8.1547177615e-06,3.7839157585e-07,3.59083583135e-06,8.36130402604e-06,2.45491241913e-06,1.80517687909e-07,2.55890853396e-07,1.07779499103e-07,5.58669022155e-08,7.65120944379e-08,3.07425764845e-08,2.29953212028e-08,2.14430411205e-08,2.04088246303e-10,1.00043147377e-10,3.42445828638e-11,8.14943598715e-12,9.74023162473e-13,5.64464057093e-13,4.90949295107e-13,1.1050328133e-13,9.55697109992e-14,3.46549882974e-13,1.37861483297e-13,8.53731554852e-14,1.06859093175e-15,1.36380690134e-15,1.29840261704e-15,5.88533367768e-16,1.90112561309e-16,4.11843797131e-17,5.17004715971e-18,4.99545515698e-16,1.92219807229e-16,1.71716441681e-17,1.12213841246e-17,3.02215002833e-17,1.78080769314e-17,1.86352335557e-18]},"melbands_crest":{"dmean":2.48349189758,"dmean2":3.78573513031,"dvar":4.79329490662,"dvar2":12.2131404877,"max":33.6306762695,"mean":17.1320991516,"median":16.4123191833,"min":1.5892431736,"var":31.4738330841},"melbands_flatness_db":{"dmean":0.0175044145435,"dmean2":0.0257213991135,"dvar":0.000243716553086,"dvar2":0.000625628512353,"max":0.698895514011,"mean":0.458062082529,"median":0.463398009539,"min":0.00289228791371,"var":0.0109785627574},"melbands_kurtosis":{"dmean":3.04856181145,"dmean2":4.55355739594,"dvar":25.9523715973,"dvar2":58.488067627,"max":165.968597412,"mean":7.44936561584,"median":4.42049217224,"min":-1.75848734379,"var":119.900848389},"melbands_skewness":{"dmean":0.442511290312,"dmean2":0.659017264843,"dvar":0.176991000772,"dvar2":0.435239642859,"max":7.05218696594,"mean":1.52742469311,"median":1.35420584679,"min":-2.90830945969,"var":1.4756052494},"melbands_spread":{"dmean":1.20676159859,"dmean2":1.81361508369,"dvar":6.17067718506,"dvar2":15.2283697128,"max":155.17791748,"mean":6.84217691422,"median":4.15529966354,"min":0.538467943668,"var":208.228652954},"mfcc":{"cov":[[6738.14306641,3122.84594727,-279.27532959,163.687835693,-113.653236389,-180.163696289,51.4619941711,104.229934692,81.0057067871,131.395935059,-6.410364151,64.5911560059,-208.652328491],[3122.84594727,2843.20263672,446.416931152,-124.399246216,48.0544929504,80.4101409912,223.272949219,85.1959533691,-68.9280319214,-41.7618370056,23.3424758911,-24.4423618317,-29.3082103729],[-279.27532959,446.416931152,993.575195312,304.982971191,268.434387207,406.588684082,220.906570435,94.4990463257,200.895309448,77.3786697388,6.74423074722,115.127487183,82.5424194336],[163.687835693,-124.399246216,304.982971191,424.94418335,203.24369812,154.668838501,39.7572631836,66.3522644043,184.587753296,98.0833282471,1.84437918663,52.8718681335,-14.4198169708],[-113.653236389,48.0544929504,268.434387207,203.24369812,231.594100952,230.747436523,109.960136414,83.8515930176,102.778778076,37.5695724487,-1.58450210094,1.54215347767,-0.865879654884],[-180.163696289,80.4101409912,406.588684082,154.668838501,230.747436523,473.358673096,332.22064209,170.164016724,159.922546387,37.1173973083,-12.0158624649,0.921890735626,17.162607193],[51.4619941711,223.272949219,220.906570435,39.7572631836,109.960136414,332.22064209,363.965118408,184.429229736,96.8666381836,4.87431097031,8.65200424194,-15.2789783478,3.9577395916],[104.229934692,85.1959533691,94.4990463257,66.3522644043,83.8515930176,170.164016724,184.429229736,199.505889893,137.056289673,50.5714569092,28.1834144592,-5.71233797073,-8.08464050293],[81.0057067871,-68.9280319214,200.895309448,184.587753296,102.778778076,159.922546387,96.8666381836,137.056289673,234.725967407,124.917610168,14.8475427628,34.5290641785,-1.93163883686],[131.395935059,-41.7618370056,77.3786697388,98.0833282471,37.5695724487,37.1173973083,4.87431097031,50.5714569092,124.917610168,136.850860596,50.1502838135,33.0740661621,2.5254342556],[-6.410364151,23.3424758911,6.74423074722,1.84437918663,-1.58450210094,-12.0158624649,8.65200424194,28.1834144592,14.8475427628,50.1502838135,103.244750977,61.5089454651,16.1209983826],[64.5911560059,-24.4423618317,115.127487183,52.8718681335,1.54215347767,0.921890735626,-15.2789783478,-5.71233797073,34.5290641785,33.0740661621,61.5089454651,146.035705566,59.6702690125],[-208.652328491,-29.3082103729,82.5424194336,-14.4198169708,-0.865879654884,17.162607193,3.9577395916,-8.08464050293,-1.93163883686,2.5254342556,16.1209983826,59.6702690125,101.769226074]],"icov":[[0.00181460205931,-0.0027522391174,0.00314468936995,-0.00347699970007,0.00337613513693,-0.00269410922192,0.00125738943461,-0.00123325106688,0.00154988048598,-0.00362462666817,0.00465614115819,-0.00494871567935,0.00250411010347],[-0.0027522391174,0.00468979869038,-0.00529718305916,0.00572632718831,-0.00568713666871,0.00507164187729,-0.00269414135255,0.00158628635108,-0.00180319370702,0.0050671142526,-0.00678331125528,0.00738682458177,-0.00327383982949],[0.00314468936995,-0.00529718305916,0.00819433107972,-0.0068908543326,0.00541253807023,-0.00670378562063,0.00242616003379,-0.000388026877772,0.00110030837823,-0.00562436459586,0.00799531303346,-0.00953010935336,0.00283242855221],[-0.00347699970007,0.00572632718831,-0.0068908543326,0.0141040598974,-0.0137909911573,0.00909839197993,-0.00459968717769,0.00463605066761,-0.00706445844844,0.00605085445568,-0.00692346505821,0.00668678432703,-0.00210490240715],[0.00337613513693,-0.00568713666871,0.00541253807023,-0.0137909911573,0.0255527216941,-0.0173557642847,0.0111315557733,-0.007946761325,0.00732841482386,-0.00527405366302,0.00499371159822,-0.00509074656293,0.00348398135975],[-0.00269410922192,0.00507164187729,-0.00670378562063,0.00909839197993,-0.0173557642847,0.0223247483373,-0.0159450862557,0.00651807151735,-0.0068810004741,0.00438568089157,-0.00340360845439,0.00611586356536,-0.00339745846577],[0.00125738943461,-0.00269414135255,0.00242616003379,-0.00459968717769,0.0111315557733,-0.0159450862557,0.0185086186975,-0.0111758066341,0.00559438858181,-0.000279844476609,0.000670053355861,-0.0019239395624,0.00149372557644],[-0.00123325106688,0.00158628635108,-0.000388026877772,0.00463605066761,-0.007946761325,0.00651807151735,-0.0111758066341,0.0230260137469,-0.0174519326538,0.00912981294096,-0.0108773419634,0.00707211345434,-0.00298438710161],[0.00154988048598,-0.00180319370702,0.00110030837823,-0.00706445844844,0.00732841482386,-0.0068810004741,0.00559438858181,-0.0174519326538,0.0291177686304,-0.0214609093964,0.0156093379483,-0.010016781278,0.00486949039623],[-0.00362462666817,0.0050671142526,-0.00562436459586,0.00605085445568,-0.00527405366302,0.00438568089157,-0.000279844476609,0.00912981294096,-0.0214609093964,0.0328826494515,-0.0243894960731,0.0159344933927,-0.00730403186753],[0.00465614115819,-0.00678331125528,0.00799531303346,-0.00692346505821,0.00499371159822,-0.00340360845439,0.000670053355861,-0.0108773419634,0.0156093379483,-0.0243894960731,0.0366336777806,-0.0248701628298,0.00953383836895],[-0.00494871567935,0.00738682458177,-0.00953010935336,0.00668678432703,-0.00509074656293,0.00611586356536,-0.0019239395624,0.00707211345434,-0.010016781278,0.0159344933927,-0.0248701628298,0.0305481869727,-0.0143369967118],[0.00250411010347,-0.00327383982949,0.00283242855221,-0.00210490240715,0.00348398135975,-0.00339745846577,0.00149372557644,-0.00298438710161,0.00486949039623,-0.00730403186753,0.00953383836895,-0.0143369967118,0.018898896873]],"mean":[-862.949890137,222.253219604,42.4530067444,-2.67544412613,-0.941269397736,-1.71964037418,-4.7776684761,-7.14988708496,-8.34051418304,-4.75871276855,-5.53275632858,-1.46233296394,-2.65018963814]},"pitch_salience":{"dmean":0.0505088977516,"dmean2":0.0782049819827,"dvar":0.00191494112369,"dvar2":0.00478378264233,"max":0.81969076395,"mean":0.47541809082,"median":0.479400992393,"min":0.0809665173292,"var":0.0147805670276},"silence_rate_20dB":{"dmean":0,"dmean2":0,"dvar":0,"dvar2":0,"max":1,"mean":1,"median":1,"min":1,"var":0},"silence_rate_30dB":{"dmean":0.00274788192473,"dmean2":0.00549702253193,"dvar":0.00274037802592,"dvar2":0.00684119667858,"max":1,"mean":0.996108055115,"median":1,"min":0,"var":0.00387685676105},"silence_rate_60dB":{"dmean":0.0119074881077,"dmean2":0.0238204300404,"dvar":0.0117656504735,"dvar2":0.0282910820097,"max":1,"mean":0.238095238805,"median":0,"min":0,"var":0.181413665414},"spectral_centroid":{"dmean":32.9174079895,"dmean2":47.2778625488,"dvar":25170.3613281,"dvar2":40990.2382812,"max":11612.5126953,"mean":498.34552002,"median":352.390167236,"min":157.124969482,"var":1201051.5},"spectral_complexity":{"dmean":0.810167133808,"dmean2":1.40036642551,"dvar":0.749614357948,"dvar2":1.81445503235,"max":19,"mean":6.23672151566,"median":6,"min":0,"var":10.4855995178},"spectral_contrast_coeffs":{"dmean":[0.039839591831,0.032323140651,0.0294555984437,0.0219133421779,0.013066381216,0.0107692107558],"dmean2":[0.0664995536208,0.0487716160715,0.045742560178,0.0361631922424,0.0217965785414,0.0178285613656],"dvar":[0.00103959441185,0.000662181177177,0.000601457955781,0.000294181139907,0.000107029227365,8.8611508545e-05],"dvar2":[0.00295527046546,0.00160133140162,0.001396847656,0.000804659328423,0.000297654332826,0.000246428768151],"max":[-0.194641590118,-0.355785042048,-0.414887070656,-0.647389829159,-0.671285688877,-0.741214513779],"mean":[-0.581783533096,-0.64539116621,-0.688368976116,-0.782887339592,-0.836686313152,-0.843519687653],"median":[-0.607828378677,-0.636496901512,-0.685304880142,-0.783360242844,-0.841687500477,-0.847533345222],"min":[-0.973698973656,-0.977627575397,-0.974419534206,-0.970269501209,-0.969168186188,-0.965903818607],"var":[0.0173338279128,0.00967493373901,0.0067753684707,0.00249877292663,0.00162407918833,0.00108027562965]},"spectral_contrast_valleys":{"dmean":[0.356431156397,0.261439263821,0.240165472031,0.187297597528,0.141086935997,0.13790628314],"dmean2":[0.619533002377,0.425356954336,0.400448381901,0.315439045429,0.228836193681,0.235242947936],"dvar":[0.099151186645,0.0827567204833,0.0722753331065,0.0624353252351,0.0561247803271,0.0570107325912],"dvar2":[0.25797021389,0.162092164159,0.130571261048,0.108307167888,0.0794297456741,0.101090885699],"max":[-5.49452590942,-5.26328754425,-5.8384885788,-7.74788093567,-8.52986431122,-11.5723085403],"mean":[-8.34681987762,-8.06269264221,-9.38483810425,-10.298822403,-11.0541658401,-13.4685983658],"median":[-7.53397846222,-7.46633720398,-9.12722015381,-10.1249313354,-10.9241495132,-13.4830360413],"min":[-28.1155815125,-27.7707424164,-27.6641025543,-27.5593471527,-27.4740047455,-27.377822876],"var":[7.05064630508,5.76417541504,4.88202905655,4.03312063217,3.55323958397,2.66933870316]},"spectral_decrease":{"dmean":1.20635146317e-09,"dmean2":1.77613668217e-09,"dvar":2.60615059988e-18,"dvar2":6.13572758531e-18,"max":2.37672468681e-16,"mean":-5.61948132471e-09,"median":-3.87724963247e-09,"min":-3.46818893604e-08,"var":3.23097111223e-17},"spectral_energy":{"dmean":0.00464647496119,"dmean2":0.0068265623413,"dvar":3.8567748561e-05,"dvar2":9.02291722014e-05,"max":0.134759411216,"mean":0.0217639319599,"median":0.0150279272348,"min":1.01677420558e-20,"var":0.000484419229906},"spectral_energyband_high":{"dmean":2.80776589534e-07,"dmean2":4.07447771522e-07,"dvar":4.64638689936e-13,"dvar2":1.03927662917e-12,"max":3.27314555761e-05,"mean":1.88223725672e-06,"median":2.96958120316e-07,"min":7.35853895255e-21,"var":1.25952121996e-11},"spectral_energyband_low":{"dmean":0.00278831413016,"dmean2":0.00455700047314,"dvar":2.35311654251e-05,"dvar2":6.25159445917e-05,"max":0.0915108323097,"mean":0.007197748404,"median":0.00277360156178,"min":2.51368129312e-23,"var":0.000114324284368},"spectral_energyband_middle_high":{"dmean":0.000328872411046,"dmean2":0.000449741375633,"dvar":2.32758270613e-06,"dvar2":4.2705114538e-06,"max":0.0706519037485,"mean":0.000775638152845,"median":0.000169700928382,"min":1.1233834684e-21,"var":7.41827079764e-06},"spectral_energyband_middle_low":{"dmean":0.00287688081153,"dmean2":0.00377267878503,"dvar":1.77371966856e-05,"dvar2":3.30112416123e-05,"max":0.129454866052,"mean":0.0140396365896,"median":0.00777011131868,"min":1.69588976617e-22,"var":0.000318336678902},"spectral_entropy":{"dmean":0.127728655934,"dmean2":0.180346280336,"dvar":0.0150518901646,"dvar2":0.0358514897525,"max":9.814204216,"mean":5.53300571442,"median":5.42227315903,"min":3.97862863541,"var":0.618727564812},"spectral_flux":{"dmean":0.0111431470141,"dmean2":0.0190604478121,"dvar":0.000145085374243,"dvar2":0.000433375185821,"max":0.145547986031,"mean":0.039556723088,"median":0.0376473814249,"min":6.46325007403e-11,"var":0.000718750234228},"spectral_kurtosis":{"dmean":16.9616031647,"dmean2":28.5292339325,"dvar":420.522888184,"dvar2":1184.05627441,"max":349.929229736,"mean":75.4875793457,"median":55.7219848633,"min":-1.26887178421,"var":3863.12817383},"spectral_rms":{"dmean":0.000443966739113,"dmean2":0.000653423951007,"dvar":2.18441883248e-07,"dvar2":5.52188055281e-07,"max":0.0114661501721,"mean":0.00392483966425,"median":0.00382901960984,"min":3.14956329246e-12,"var":5.82873508392e-06},"spectral_rolloff":{"dmean":65.5606460571,"dmean2":111.995368958,"dvar":90664.5546875,"dvar2":146458.859375,"max":21210.2050781,"mean":739.395690918,"median":387.59765625,"min":64.599609375,"var":5334790},"spectral_skewness":{"dmean":0.847112834454,"dmean2":1.43817567825,"dvar":0.784518837929,"dvar2":2.24052095413,"max":15.512087822,"mean":6.37911891937,"median":5.92158746719,"min":-0.0650684833527,"var":7.62525224686},"spectral_spread":{"dmean":290228.6875,"dmean2":494561.34375,"dvar":442422099968,"dvar2":884767719424,"max":42525800,"mean":2082085.25,"median":1441195,"min":267080.0625,"var":17171605356500.0},"spectral_strongpeak":{"dmean":0.24357804656,"dmean2":0.392578452826,"dvar":0.160211399198,"dvar2":0.363109886646,"max":9.07516956329,"mean":0.798983752728,"median":0.466037750244,"min":0,"var":0.731060862541},"zerocrossingrate":{"dmean":0.00224450603127,"dmean2":0.00283384299837,"dvar":3.36583034368e-05,"dvar2":2.74905014521e-05,"max":0.73974609375,"mean":0.0247513204813,"median":0.01513671875,"min":0.00390625,"var":0.00404561543837}},"metadata":{"audio_properties":{"analysis_sample_rate":44100,"bit_rate":238516,"codec":"mp3","downmix":"mix","equal_loudness":0,"length":101.381225586,"lossless":false,"md5_encoded":"f34456b8b58824b3bcc350fc968cf499","replay_gain":-8.8532371521,"sample_rate":44100},"tags":{"acoustid_id":["81ec2b4a-74bc-49f6-800e-d6c63e46af73"],"album":["Journey"],"albumartist":["Austin Wintory"],"albumartistsort":["Wintory, Austin"],"artist":["Austin Wintory"],"artistsort":["Wintory, Austin"],"artistwebpage":["http://austinwintory.com/"],"date":["2012"],"discnumber":["1/1"],"file_name":"03 First Confluence.mp3","media":["Digital Media"],"musicbrainz album release country":["XW"],"musicbrainz album status":["official"],"musicbrainz album type":["album/soundtrack"],"musicbrainz_albumartistid":["78f15956-c5e1-46d6-a46b-fa6f46681ec8"],"musicbrainz_albumid":["1f3abcda-15a7-4465-92c6-9926cdc4f247"],"musicbrainz_artistid":["78f15956-c5e1-46d6-a46b-fa6f46681ec8"],"musicbrainz_recordingid":["fd528ddb-411c-47bc-a383-1f8a222ed213"],"musicbrainz_releasegroupid":["d1850227-c7c7-42c8-b469-6e99023412de"],"originaldate":["2012"],"script":["Latn"],"title":["First Confluence"],"tracknumber":["3/18"]},"version":{"essentia":"2.1-beta2","essentia_build_sha":"26c37b627ab5a2028d412893e0969599b764ad4d","essentia_git_sha":"v2.1_beta2","extractor":"music 1.0"}},"rhythm":{"beats_count":218,"beats_loudness":{"dmean":0.00924645364285,"dmean2":0.0146277444437,"dvar":0.000136038739583,"dvar2":0.000312968186336,"max":0.0985564291477,"mean":0.0234449058771,"median":0.0178419016302,"min":0,"var":0.000509367266204},"beats_loudness_band_ratio":{"dmean":[0.124843552709,0.171449407935,0.104060359299,0.0382167175412,0.0020926843863,0.00236434000544],"dmean2":[0.187936380506,0.269851356745,0.170349657536,0.06420