{"lowlevel":{"average_loudness":0.225978940725,"barkbands":{"dmean":[0.00017756150919,0.00171346275602,0.000939375313465,0.000483119103592,0.00255532003939,0.00149255723227,0.000482286675833,0.000272873439826,0.000169720718986,7.97101019998e-05,7.94683874119e-05,0.000107331143226,1.92364896066e-05,1.3758824025e-05,6.58770568407e-06,3.22341497849e-06,3.64665561392e-06,1.20882884858e-06,9.54301981437e-07,1.52128143327e-06,2.28810108638e-07,7.84077442972e-08,7.45109289824e-08,4.50875674574e-08,2.68117865687e-08,3.6212711052e-08,3.97983868083e-08],"dmean2":[0.000218348766793,0.00294524384663,0.00154444761574,0.00079890305642,0.00402005203068,0.00228435941972,0.000711520668119,0.000403644895414,0.000238457578234,0.000111807450594,0.000103555707028,0.000140785516123,2.93809589493e-05,2.11001060961e-05,1.08436488517e-05,5.1693587011e-06,5.99430359216e-06,2.01616899176e-06,1.49045160924e-06,2.31238050219e-06,3.65710917549e-07,1.29758689127e-07,1.16813914985e-07,7.00347513316e-08,4.15865990533e-08,4.66600731386e-08,5.41337357163e-08],"dvar":[3.13727696266e-07,2.70821910817e-05,8.36171693663e-06,5.48277148482e-06,3.49731380993e-05,7.90840113041e-06,1.33459627705e-06,5.83650944463e-07,1.31473711917e-07,2.38796378227e-08,1.04535779144e-07,1.32094228888e-07,3.14264214651e-09,2.2478070516e-09,2.56690807499e-10,1.36857525312e-10,6.33193497634e-11,7.70228585772e-12,8.28567509742e-12,5.10137800058e-11,2.7817136615e-13,1.84101553989e-13,9.65432567874e-14,2.10542761475e-14,1.16045029963e-14,1.57565204374e-14,8.9933164133e-15],"dvar2":[3.99697086095e-07,8.50312644616e-05,2.24753148359e-05,1.34514530146e-05,0.000103470032627,2.16400476347e-05,2.88649061986e-06,1.31935485115e-06,2.50794698786e-07,4.24577919489e-08,1.6135508929e-07,1.83566839951e-07,6.39844799366e-09,4.91343632447e-09,6.64834687303e-10,3.67839758653e-10,1.68112301857e-10,1.96295792121e-11,1.91650046527e-11,1.12964131105e-10,7.27644019257e-13,5.04557008153e-13,2.63328042097e-13,5.50744176555e-14,3.17133302854e-14,3.78184625543e-14,1.56086115441e-14],"max":[0.0369360074401,0.135677218437,0.0621143728495,0.0686019361019,0.149517089128,0.0806302949786,0.037896104157,0.0224719680846,0.0082782106474,0.00465168477967,0.0176777932793,0.0224255267531,0.00223299278878,0.00175011949614,0.000460864714114,0.000661837460939,0.000217626846279,8.54924655869e-05,0.000178179398063,0.000234231571085,1.38886362038e-05,1.80595197889e-05,1.02787707874e-05,3.99920418204e-06,3.71489727513e-06,3.96921814172e-06,4.58341219201e-06],"mean":[0.000833785976283,0.00365909934044,0.00187456654385,0.000861206615809,0.00743438722566,0.00483543192968,0.00116640643682,0.0006464496837,0.000380996993044,0.000171072082594,0.000189201702597,0.000258396961726,3.71393434762e-05,2.72612469416e-05,1.20233362395e-05,7.25793188394e-06,7.62177842262e-06,2.74316994364e-06,2.93512175631e-06,3.67459824702e-06,6.30745319086e-07,1.54784231654e-07,1.85965731703e-07,1.68573208725e-07,9.90074795482e-08,1.77558831638e-07,2.18545906705e-07],"median":[5.15147949045e-05,0.000427797873272,0.000694869086146,0.000267193216132,0.00194757548161,0.00140863074921,0.000241432891926,0.000177757261554,0.000140184536576,5.97173930146e-05,1.84503333003e-05,4.21583281422e-05,1.13487494673e-05,8.58795101522e-06,4.12165672969e-06,2.48134620051e-06,2.76854825643e-06,1.23603570046e-06,7.84791723163e-07,5.79294464842e-07,3.50745835931e-07,9.63362509765e-08,8.47771488566e-08,8.24842842917e-08,4.32714024612e-08,3.58678562407e-08,1.77329688711e-08],"min":[6.21138846231e-26,4.50258888291e-24,1.5566025249e-24,1.4785949296e-24,1.31379600948e-23,8.73014851096e-24,1.04035189173e-23,3.08638180686e-24,1.76885618135e-23,7.22134316692e-24,2.36084422589e-23,3.37661970832e-23,2.57524746915e-23,4.65610634266e-23,2.14438836657e-23,8.85455660888e-23,9.22547648216e-23,1.00788554809e-22,1.28552962441e-22,2.01823044894e-22,2.48270253604e-22,3.57709570696e-22,3.92751024541e-22,5.76685745953e-22,9.01091704445e-22,1.31592338749e-21,2.04071515569e-21],"var":[9.55223367782e-06,0.000111499502964,1.43994384416e-05,6.80161292621e-06,0.000183294832823,8.29811324365e-05,7.63814841775e-06,2.96145299217e-06,5.23308870015e-07,1.09353528899e-07,8.22060883365e-07,7.54306370254e-07,1.05439834641e-08,6.11275741136e-09,6.28117002854e-10,3.83656301173e-10,2.08687137015e-10,2.60159359333e-11,7.93273502442e-11,2.19609802565e-10,7.45421085968e-13,1.39825434217e-13,1.38045242013e-13,6.2492613623e-14,2.7395174955e-14,1.29813247283e-13,2.23295638707e-13]},"barkbands_crest":{"dmean":2.01120138168,"dmean2":3.15668702126,"dvar":3.48086476326,"dvar2":9.19889831543,"max":26.7489299774,"mean":13.8320627213,"median":13.1178503036,"min":4.29677820206,"var":23.1676158905},"barkbands_flatness_db":{"dmean":0.0177189428359,"dmean2":0.0271746013314,"dvar":0.000265623384621,"dvar2":0.000702671764884,"max":0.520332634449,"mean":0.310272455215,"median":0.310505181551,"min":0.0564316026866,"var":0.00428147288039},"barkbands_kurtosis":{"dmean":5.46377801895,"dmean2":8.10522937775,"dvar":174.275802612,"dvar2":404.810577393,"max":622.28527832,"mean":14.7445516586,"median":6.60439109802,"min":-1.96630072594,"var":820.661621094},"barkbands_skewness":{"dmean":0.5003952384,"dmean2":0.760433912277,"dvar":0.30546104908,"dvar2":0.722482681274,"max":15.4830036163,"mean":1.91444897652,"median":1.48466026783,"min":-7.06656980515,"var":3.61453771591},"barkbands_spread":{"dmean":1.04453158379,"dmean2":1.57894730568,"dvar":3.57477378845,"dvar2":8.15239810944,"max":133.391036987,"mean":5.11833381653,"median":3.47147488594,"min":0.125732719898,"var":76.7457733154},"dissonance":{"dmean":0.0398497991264,"dmean2":0.0671373903751,"dvar":0.00125253247097,"dvar2":0.00355786178261,"max":0.499999135733,"mean":0.377881109715,"median":0.387048631907,"min":0.125043749809,"var":0.00458656903356},"dynamic_complexity":4.98904943466,"erbbands":{"dmean":[0.0687741860747,0.329283893108,0.923039853573,1.53951013088,1.75726592541,10.2849788666,18.3281536102,10.4844532013,7.69398641586,7.02259683609,5.60879611969,3.67565941811,2.56990122795,3.22248864174,3.59369802475,3.7667286396,1.02771449089,0.603486716747,0.522986710072,0.197818264365,0.211091443896,0.157321214676,0.0682442262769,0.0641890913248,0.0240640677512,0.0525160692632,0.0424065366387,0.00653619877994,0.00261591700837,0.00228342553601,0.00171616009902,0.00103335955646,0.000820018176455,0.000302052503685,0.000185454598977,0.000157572736498,7.10523017915e-05,1.91923063539e-05,1.26954682855e-05,6.41789984002e-06],"dmean2":[0.114668153226,0.57585310936,1.54676830769,2.52554249763,2.60366630554,15.9528551102,29.8737487793,15.5265169144,11.3721828461,11.0083036423,8.02751255035,5.28117370605,3.4151968956,4.4178776741,4.6019153595,5.04084682465,1.54084396362,0.943479597569,0.817273318768,0.322505146265,0.337762624025,0.257030576468,0.11418236047,0.101227015257,0.0375672578812,0.0802795812488,0.0648635774851,0.0104149822146,0.00431403378025,0.00363857136108,0.00273182545789,0.0016127503477,0.00125230534468,0.000465352786705,0.000300845946185,0.000216711821849,9.15572090889e-05,2.8400325391e-05,1.77534657269e-05,1.0169575944e-05],"dvar":[0.0544320382178,0.928991019726,7.41536569595,37.0030021667,26.3106956482,618.422058105,2346.18823242,430.320678711,380.673217773,334.003417969,262.581054688,78.7084274292,28.5683937073,42.8697280884,129.513885498,126.611663818,8.22897434235,1.87827455997,3.71173453331,0.121484942734,0.637244164944,0.135359779,0.0240696463734,0.0284540504217,0.00741204479709,0.0457999184728,0.0364808402956,0.000367182976333,0.000139669806231,0.000167409772985,4.94564737892e-05,1.60523686645e-05,4.41765814685e-06,9.5851066817e-07,1.08492145046e-06,3.75675625719e-07,5.25029228982e-08,2.98255153908e-09,7.24013404785e-10,1.11153232452e-10],"dvar2":[0.167205229402,2.90297937393,20.532995224,93.2447738647,60.0926208496,1740.43127441,7242.31201172,1145.93103027,808.351196289,911.67980957,514.916503906,165.278335571,42.4000053406,73.4919967651,195.386611938,185.321792603,16.6388988495,4.62106466293,8.3643693924,0.312320619822,1.72551071644,0.341831684113,0.0633825734258,0.0649066492915,0.0187312494963,0.099684253335,0.0810705423355,0.00099419860635,0.000384014536394,0.000462388939923,0.000137001028634,4.2715757445e-05,1.13420528578e-05,2.50597668128e-06,3.0816479466e-06,9.58742134571e-07,1.21980534118e-07,7.27030302627e-09,1.24977461713e-09,3.30526606085e-10],"max":[8.42231941223,16.9438362122,54.726600647,129.990005493,179.476150513,889.757568359,1409.55395508,452.152770996,932.490112305,415.883178711,617.188903809,213.31477356,171.201828003,185.106994629,563.005981445,684.369873047,114.501907349,32.3675308228,67.6716003418,6.43868780136,45.3566131592,12.2145633698,4.99990987778,9.86313724518,4.05334091187,7.365275383,6.27452087402,0.765219330788,0.353578358889,0.518447577953,0.220080658793,0.105772681534,0.0689271911979,0.0280827097595,0.0410571731627,0.021216634661,0.00677209813148,0.00190346944146,0.00122453854419,0.000207385266549],"mean":[0.173351913691,0.550444424152,1.84746134281,3.05553770065,5.64333248138,28.854932785,55.952457428,30.0293560028,21.8039569855,14.7637262344,14.5625648499,8.60642242432,6.36386537552,7.45027065277,9.4151802063,9.10864543915,2.24761724472,1.26222276688,1.07190465927,0.429237037897,0.50792491436,0.369242668152,0.169958025217,0.197365924716,0.0769661515951,0.140632078052,0.101769983768,0.0191056169569,0.0060500940308,0.00528150703758,0.00434833625332,0.00298920762725,0.00331123964861,0.00125404854771,0.000619994651061,0.000744302466046,0.000345649663359,9.42970873439e-05,6.88346990501e-05,2.58564377873e-05],"median":[0.0136536220089,0.0941594988108,0.663869261742,1.13504219055,2.09130549431,6.88102912903,8.89949798584,11.4616060257,5.32131624222,5.43383264542,3.69129896164,3.08341503143,3.10107707977,2.6377093792,1.89131689072,1.82770562172,0.903936028481,0.575046420097,0.21333989501,0.213098630309,0.178661003709,0.137600302696,0.0824831426144,0.0702037513256,0.0289867632091,0.0280736926943,0.0224406253546,0.0106255309656,0.003866314888,0.00256252568215,0.00221732095815,0.00161792139988,0.00142601819243,0.000558251223993,0.00027965643676,0.000170951097971,7.06982973497e-05,1.46647125803e-05,1.84275213542e-05,1.77833480848e-05],"min":[7.92899746838e-23,8.97346167623e-22,2.50191216999e-21,1.00732657514e-20,2.39221505567e-20,2.42887208151e-20,9.83989822886e-20,1.16963144745e-19,1.45966345918e-19,1.15760062242e-19,2.48519487404e-19,4.27301807207e-19,6.05928048367e-19,9.78727442001e-19,1.3694651261e-18,1.68635119453e-18,1.83858551446e-18,1.78820090937e-18,3.0925739523e-18,3.39430090203e-18,5.12096722525e-18,5.28900938028e-18,5.20106643268e-18,5.7243446105e-18,6.80119438811e-18,8.95338806102e-18,9.24735233429e-18,8.71244523784e-18,1.28318865792e-17,1.09987137211e-17,1.13700450243e-17,1.14779573526e-17,9.34466682464e-18,8.26740717903e-18,6.47980163291e-18,4.25130882029e-18,2.25442926752e-18,1.05162325047e-18,2.73804511724e-19,2.79709670106e-20],"var":[0.410318464041,1.50431787968,12.5109481812,56.5495910645,117.037193298,3712.14355469,19083.6132812,2400.65063477,3360.78808594,756.413574219,1834.45739746,293.978271484,136.126480103,231.141647339,1005.71343994,677.522521973,28.516872406,4.51073360443,10.8280344009,0.341445624828,1.78575050831,0.518198490143,0.083514675498,0.241520449519,0.0391816236079,0.250191420317,0.145902529359,0.000768468133174,0.000121011355077,0.000162036041729,6.14126474829e-05,2.21721165872e-05,2.64540249191e-05,4.27424174632e-06,1.24579355543e-06,2.09466702472e-06,5.05248692662e-07,3.63796424097e-08,1.72309313484e-08,7.77383213357e-10]},"erbbands_crest":{"dmean":2.6026802063,"dmean2":4.05795145035,"dvar":5.55362176895,"dvar2":15.1936559677,"max":30.6297893524,"mean":14.8019428253,"median":13.9873304367,"min":2.4657599926,"var":34.2456550598},"erbbands_flatness_db":{"dmean":0.0151125462726,"dmean2":0.0226803477854,"dvar":0.000189936443348,"dvar2":0.000485844007926,"max":0.473347842693,"mean":0.29335719347,"median":0.294110715389,"min":0.0275530926883,"var":0.00365157378837},"erbbands_kurtosis":{"dmean":2.35812735558,"dmean2":3.50553798676,"dvar":11.5212869644,"dvar2":26.596616745,"max":70.2021331787,"mean":4.92486143112,"median":2.49429893494,"min":-1.74408793449,"var":55.1414108276},"erbbands_skewness":{"dmean":0.420344561338,"dmean2":0.614551961422,"dvar":0.148847952485,"dvar2":0.366283029318,"max":6.43093967438,"mean":1.30384933949,"median":1.19701230526,"min":-2.51818323135,"var":1.4595413208},"erbbands_spread":{"dmean":2.4351837635,"dmean2":3.62969374657,"dvar":7.5955824852,"dvar2":16.6849842072,"max":167.269821167,"mean":13.4636878967,"median":10.3454666138,"min":1.05243706703,"var":148.729537964},"gfcc":{"cov":[[18887.8789062,4264.48583984,-1894.10095215,-463.392730713,-240.179016113,-82.0328445435,-64.4348983765,-179.884399414,-47.4856071472,-110.492958069,333.099456787,87.3378372192,295.934417725],[4264.48583984,1666.40307617,-392.874053955,25.4671497345,218.853012085,145.190170288,87.2419662476,-4.70237493515,189.948455811,-64.6517791748,141.431854248,-36.1795578003,72.0555496216],[-1894.10095215,-392.874053955,1595.10192871,86.5891876221,-195.675323486,106.559249878,-80.724357605,-66.4407424927,-95.7814178467,-28.7847156525,-275.123718262,-155.69317627,-99.0439987183],[-463.392730713,25.4671497345,86.5891876221,472.068237305,207.12852478,73.6946029663,70.9814376831,104.387527466,112.59223175,-22.8326148987,11.0704402924,-18.0501937866,-19.7506732941],[-240.179016113,218.853012085,-195.675323486,207.12852478,614.047790527,219.619949341,30.4159908295,96.5904998779,216.727600098,21.6138420105,44.8768157959,10.5864515305,-29.3322639465],[-82.0328445435,145.190170288,106.559249878,73.6946029663,219.619949341,290.768829346,78.313041687,34.3630943298,121.014831543,24.0298805237,-8.41171836853,-20.9387588501,-28.8689041138],[-64.4348983765,87.2419662476,-80.724357605,70.9814376831,30.4159908295,78.313041687,280.884368896,94.0829544067,8.92962837219,26.6226673126,76.2811126709,19.0510959625,37.3649978638],[-179.884399414,-4.70237493515,-66.4407424927,104.387527466,96.5904998779,34.3630943298,94.0829544067,196.168914795,121.207817078,23.4687519073,5.02459096909,13.8665838242,-27.6548347473],[-47.4856071472,189.948455811,-95.7814178467,112.59223175,216.727600098,121.014831543,8.92962837219,121.207817078,275.540679932,46.780166626,32.5193786621,-8.00254058838,-32.7317466736],[-110.492958069,-64.6517791748,-28.7847156525,-22.8326148987,21.6138420105,24.0298805237,26.6226673126,23.4687519073,46.780166626,129.467880249,40.8615455627,-2.57598423958,-17.6729888916],[333.099456787,141.431854248,-275.123718262,11.0704402924,44.8768157959,-8.41171836853,76.2811126709,5.02459096909,32.5193786621,40.8615455627,161.498291016,69.3616027832,27.02302742],[87.3378372192,-36.1795578003,-155.69317627,-18.0501937866,10.5864515305,-20.9387588501,19.0510959625,13.8665838242,-8.00254058838,-2.57598423958,69.3616027832,106.495109558,45.0536193848],[295.934417725,72.0555496216,-99.0439987183,-19.7506732941,-29.3322639465,-28.8689041138,37.3649978638,-27.6548347473,-32.7317466736,-17.6729888916,27.02302742,45.0536193848,106.526351929]],"icov":[[0.000238794396864,-0.000770334561821,0.000233042417676,-0.000101006953628,0.000323081505485,-0.000160860625328,0.000391877809307,-0.000265708251391,0.000645218649879,-0.000621024228167,0.000590829760768,-0.000629462650977,0.000106128143671],[-0.000770334561821,0.00350446416996,-0.000685814826284,0.000639385019895,-0.00109410507139,-2.43842205236e-05,-0.000971677247435,0.000596702389885,-0.00259618414566,0.00332819251344,-0.00378593429923,0.00415869988501,-0.00160569511354],[0.000233042417676,-0.000685814826284,0.00136955559719,-0.000615668541286,0.000852392055094,-0.000765913748182,0.000134442860144,0.000457265181467,0.000651936570648,-0.000968794920482,0.00244262791239,-0.000754650973249,0.000813522608951],[-0.000101006953628,0.000639385019895,-0.000615668541286,0.00329280621372,-0.00119405670557,0.000358467863407,-0.00036320523941,-0.00132340518758,-0.000758466194384,0.00203078100458,-0.00221788417548,0.00216404208913,-0.000810372934211],[0.000323081505485,-0.00109410507139,0.000852392055094,-0.00119405670557,0.00374777545221,-0.00252676242962,0.00147287792061,-0.000787244411185,0.000121877317724,-0.000833350059111,0.000616544333752,-0.00114950502757,0.000268824689556],[-0.000160860625328,-2.43842205236e-05,-0.000765913748182,0.000358467863407,-0.00252676242962,0.00843477062881,-0.00539438612759,0.00513863004744,-0.00432676728815,-0.000668970751576,0.00450612651184,-0.00349967111833,0.0035305484198],[0.000391877809307,-0.000971677247435,0.000134442860144,-0.00036320523941,0.00147287792061,-0.00539438612759,0.0110686328262,-0.00952290650457,0.00641597108915,-0.000547279953025,-0.0079328333959,0.00586841069162,-0.00637367460877],[-0.000265708251391,0.000596702389885,0.000457265181467,-0.00132340518758,-0.000787244411185,0.00513863004744,-0.00952290650457,0.0168450828642,-0.00882979575545,-0.00104732566979,0.00996546447277,-0.0090165650472,0.00780203100294],[0.000645218649879,-0.00259618414566,0.000651936570648,-0.000758466194384,0.000121877317724,-0.00432676728815,0.00641597108915,-0.00882979575545,0.012300055474,-0.00336177321151,-0.00320492847823,0.0024335810449,-0.00224715471268],[-0.000621024228167,0.00332819251344,-0.000968794920482,0.00203078100458,-0.000833350059111,-0.000668970751576,-0.000547279953025,-0.00104732566979,-0.00336177321151,0.0134041048586,-0.00835778191686,0.00672256434336,-0.00107313110493],[0.000590829760768,-0.00378593429923,0.00244262791239,-0.00221788417548,0.000616544333752,0.00450612651184,-0.0079328333959,0.00996546447277,-0.00320492847823,-0.00835778191686,0.0252063255757,-0.0180460643023,0.00840663537383],[-0.000629462650977,0.00415869988501,-0.000754650973249,0.00216404208913,-0.00114950502757,-0.00349967111833,0.00586841069162,-0.0090165650472,0.0024335810449,0.00672256434336,-0.0180460643023,0.0273798834532,-0.0121678300202],[0.000106128143671,-0.00160569511354,0.000813522608951,-0.000810372934211,0.000268824689556,0.0035305484198,-0.00637367460877,0.00780203100294,-0.00224715471268,-0.00107313110493,0.00840663537383,-0.0121678300202,0.0182217750698]],"mean":[-184.795089722,182.688827515,-75.3752746582,-12.7299861908,-47.6866607666,-14.600066185,-25.4569664001,-9.06414890289,-22.9732379913,-5.40026569366,-3.44282865524,-2.64508628845,0.245603471994]},"hfc":{"dmean":1.41440880299,"dmean2":2.18062782288,"dvar":4.7521982193,"dvar2":13.6802492142,"max":50.2640686035,"mean":6.05534553528,"median":4.22171640396,"min":1.08040131066e-16,"var":41.6350326538},"melbands":{"dmean":[0.000521249137819,0.000436372793047,0.000243572969339,0.000371044530766,0.000634281139355,0.000237771077082,0.000118753509014,7.05582715455e-05,4.24614154326e-05,2.270395089e-05,1.28902447614e-05,1.33129933602e-05,1.28646152007e-05,1.45874182635e-05,3.56848840966e-06,1.67669156781e-06,1.14031388421e-06,9.88391320789e-07,3.37639363579e-07,2.24778389679e-07,2.854982597e-07,2.04335009357e-07,1.01635627914e-07,7.20357178352e-08,5.72991254444e-08,2.97187465748e-08,1.35108626509e-08,4.79916302254e-08,4.70602081748e-08,6.54845422332e-09,3.25102988974e-09,1.85046200585e-09,1.01646446815e-09,1.68568192738e-09,1.14903531134e-09,8.01488153623e-10,6.67413846411e-10,7.6355127776e-10,4.71968741866e-10,2.07192499269e-10],"dmean2":[0.0008776683826,0.000747034384403,0.000393976952182,0.000566275557503,0.00102409429383,0.000352741015377,0.00017682617181,0.000110493143438,6.02530199103e-05,3.23264030158e-05,1.71530573425e-05,1.83648717211e-05,1.66134159372e-05,1.88875837921e-05,5.2312493608e-06,2.56207727034e-06,1.78715947641e-06,1.5286194639e-06,5.52780591079e-07,3.64619921811e-07,4.61061659962e-07,3.32462491315e-07,1.72367720097e-07,1.19109039076e-07,8.95295144687e-08,4.60612277209e-08,2.22285034823e-08,7.27677829104e-08,7.17525452387e-08,1.06281623502e-08,5.27867261013e-09,3.07941094846e-09,1.70123570786e-09,2.62148192043e-09,1.80656334337e-09,1.31244992652e-09,1.05270669959e-09,1.18561871432e-09,7.08390124338e-10,3.36552730129e-10],"dvar":[2.79243454315e-06,1.43604756886e-06,9.18657292459e-07,7.74332647779e-07,2.58849991042e-06,2.16624442828e-07,8.08760418636e-08,3.36885506158e-08,1.38897222612e-08,2.6453748081e-09,7.23700765981e-10,7.29271365518e-10,2.39751418718e-09,2.9096842713e-09,6.36560804068e-11,1.72337231291e-11,7.91121595317e-12,1.77997963591e-11,5.02584898612e-13,2.21249966048e-13,9.97819231754e-13,2.74860375345e-13,5.2243125326e-14,2.23764742494e-14,2.63607190275e-14,7.44285563763e-15,9.90019139124e-15,4.68269594921e-14,5.14343918205e-14,3.35679554044e-16,1.2767381877e-16,7.38141832627e-17,5.9052258494e-17,7.34798434765e-17,1.68114616052e-17,1.41920469574e-17,5.30811353011e-18,3.77992629974e-18,1.45771516449e-18,5.09089755562e-19],"dvar2":[8.59214469529e-06,4.17297769673e-06,2.29512443184e-06,2.09080644709e-06,7.9916580944e-06,5.77165394589e-07,1.78537874262e-07,9.18025691021e-08,2.59379788758e-08,5.33452571005e-09,1.0740789369e-09,1.26611132689e-09,3.67841379578e-09,3.92881105427e-09,1.27000784889e-10,3.64724014879e-11,1.88632286874e-11,3.89835941306e-11,1.26597040143e-12,5.77190693244e-13,2.70610855772e-12,6.94083950471e-13,1.48217619818e-13,5.46745977756e-14,6.0424267586e-14,1.70668143382e-14,2.64332114953e-14,1.01961699446e-13,1.14426466891e-13,8.66635618994e-16,3.525432124e-16,2.06836869511e-16,1.56351297105e-16,2.0038523131e-16,4.48710277503e-17,3.96842413501e-17,1.36974442363e-17,9.98797676755e-18,3.41427193714e-18,1.37322259403e-18],"max":[0.054458219558,0.021482070908,0.022699970752,0.0308894887567,0.0403749346733,0.0115797920153,0.0122202578932,0.00450783316046,0.00471747666597,0.00115256919526,0.000873652403243,0.000762090145145,0.00268108234741,0.00344138825312,0.000200595008209,0.000150221632794,7.50985491322e-05,0.000159046190674,1.99750174943e-05,1.74379383679e-05,5.38073909411e-05,1.65243855008e-05,5.93501454205e-06,4.32164188169e-06,9.50648609432e-06,4.88003297505e-06,6.16958141109e-06,7.50198978494e-06,7.33243223294e-06,6.53385313854e-07,4.23717949616e-07,3.0520422456e-07,4.39799805463e-07,3.84816473797e-07,1.18197554855e-07,1.393333946e-07,5.82823282969e-08,7.34765848165e-08,7.40463548254e-08,1.93013800498e-08],"mean":[0.00124127080198,0.000905895547476,0.000542715599295,0.0010924662929,0.00189386773854,0.000716748472769,0.000322297593812,0.000150015694089,0.00010848025704,5.13927880093e-05,3.08489361487e-05,2.94167475658e-05,3.22422129102e-05,3.51919516106e-05,7.86447890277e-06,3.36245807375e-06,2.23625943363e-06,1.95053235075e-06,6.65552079226e-07,4.84910799514e-07,6.25742359261e-07,4.39930175844e-07,1.86768872368e-07,1.48842389081e-07,1.67790318528e-07,8.53397423839e-08,2.97190947407e-08,1.23683705056e-07,1.03415366937e-07,1.5793558461e-08,7.94332333243e-09,3.67627772668e-09,1.80578985098e-09,3.85286158533e-09,2.86424839402e-09,1.75582970385e-09,1.75824788062e-09,2.57630805578e-09,1.92813787159e-09,6.81588674389e-10],"median":[0.000128662446514,0.0003334658104,0.000233362632571,0.000288295879727,0.000358553079423,0.000248056749115,8.12622674857e-05,5.63494941161e-05,2.35571133089e-05,1.90845275938e-05,1.35856444103e-05,9.0146659204e-06,4.32192291555e-06,5.2523978411e-06,2.50366906585e-06,1.30674447973e-06,8.63317893618e-07,3.07079318418e-07,2.70816855164e-07,2.27708909506e-07,1.86216624343e-07,1.37101039854e-07,7.69216228491e-08,6.40109973915e-08,5.1474501106e-08,2.40785826833e-08,1.13553726422e-08,1.93251334935e-08,1.65744236114e-08,8.10207279045e-09,4.94481966484e-09,2.23218221684e-09,1.03635267035e-09,1.24767340903e-09,1.20092591427e-09,9.54946788312e-10,8.64006144408e-10,1.08863640325e-09,6.98103408414e-10,3.33747141035e-10],"min":[1.23899805255e-24,1.72074170091e-24,2.51866819566e-24,3.06804512955e-24,2.71606584605e-24,2.77121885902e-24,2.64777711571e-24,1.18587862439e-24,1.42866240088e-24,2.69113981359e-24,2.94521751445e-24,3.04359990782e-24,4.018356477e-24,2.94828874717e-24,2.52305426229e-24,3.12732723772e-24,3.29199228813e-24,4.12542501779e-24,3.36855597215e-24,3.5330918466e-24,4.73547087732e-24,5.01697313034e-24,4.37052291775e-24,4.65583694666e-24,3.66243663606e-24,3.98280922132e-24,5.08760694693e-24,5.4990625956e-24,5.79409933516e-24,4.98307419952e-24,5.19855865553e-24,5.78656729124e-24,4.46052681944e-24,6.20165998311e-24,6.16564493291e-24,5.76054237555e-24,5.48153095084e-24,5.64811470819e-24,5.84771347772e-24,6.53860614156e-24],"var":[1.69875474967e-05,2.45089017881e-06,1.3642753629e-06,5.46958790437e-06,1.73788030224e-05,1.44685623127e-06,6.38081985471e-07,8.11661919897e-08,1.02048183237e-07,1.00217016907e-08,3.48209772127e-09,3.64180730017e-09,1.90791098476e-08,1.67714482302e-08,2.47171227929e-10,5.60539982486e-11,1.94609866416e-11,5.07200531574e-11,1.42050997701e-12,6.94721407138e-13,2.7716236424e-12,9.35412446286e-13,1.12440567653e-13,7.70366368895e-14,2.12669359662e-13,7.04998058087e-14,9.42539046079e-15,2.37670912681e-13,1.88238096985e-13,7.559293657e-16,1.38748377509e-16,5.82789968225e-17,4.35398459905e-17,9.42910988834e-17,3.05137795897e-17,1.20632298222e-17,8.59203586479e-18,1.60006790211e-17,1.52841073457e-17,1.05311703526e-18]},"melbands_crest":{"dmean":2.55962896347,"dmean2":4.04836702347,"dvar":5.80725383759,"dvar2":15.7287826538,"max":37.1167793274,"mean":18.3212928772,"median":17.2386798859,"min":1.77641451359,"var":46.1244010925},"melbands_flatness_db":{"dmean":0.0185601897538,"dmean2":0.0284193903208,"dvar":0.000307183974655,"dvar2":0.000818293076009,"max":0.649879693985,"mean":0.422458380461,"median":0.426746219397,"min":0.00361068290658,"var":0.00667809741572},"melbands_kurtosis":{"dmean":5.11082410812,"dmean2":7.7624168396,"dvar":70.6776199341,"dvar2":161.839309692,"max":302.274780273,"mean":14.4556131363,"median":7.06279373169,"min":-1.69926011562,"var":447.131591797},"melbands_skewness":{"dmean":0.505937933922,"dmean2":0.769314527512,"dvar":0.242960497737,"dvar2":0.601746857166,"max":12.865489006,"mean":2.16424655914,"median":1.72173345089,"min":-3.12602162361,"var":3.01975107193},"melbands_spread":{"dmean":1.3724206686,"dmean2":2.07531118393,"dvar":6.90648794174,"dvar2":16.6104335785,"max":186.322891235,"mean":6.77088832855,"median":4.22721004486,"min":0.317236691713,"var":202.5859375},"mfcc":{"cov":[[5729.89746094,2877.02978516,-814.962524414,67.8627548218,68.5579299927,18.6118946075,127.621536255,53.6140403748,-40.24269104,-15.0281744003,-27.246963501,203.206069946,108.695625305],[2877.02978516,2144.41455078,80.2740478516,-45.7738342285,138.935394287,108.297218323,42.6552124023,47.110786438,25.8991546631,18.3114757538,22.7656345367,64.2151184082,21.9066829681],[-814.962524414,80.2740478516,1168.109375,104.005218506,-135.273345947,52.0477371216,-27.2037467957,-77.4373626709,40.4520492554,-7.07592773438,-104.94644165,-98.5289382935,-133.297729492],[67.8627548218,-45.7738342285,104.005218506,354.242126465,82.198677063,-16.3935470581,52.2421913147,73.8669128418,36.7179985046,43.2190361023,-4.29621934891,-7.85227012634,35.8102378845],[68.5579299927,138.935394287,-135.273345947,82.198677063,512.894897461,218.675765991,-72.9561309814,135.262634277,90.4632949829,99.1716766357,142.071365356,18.021654129,20.9646587372],[18.6118946075,108.297218323,52.0477371216,-16.3935470581,218.675765991,268.854644775,49.8310661316,47.3139228821,52.5761871338,62.8662948608,51.248626709,3.58734917641,16.2090110779],[127.621536255,42.6552124023,-27.2037467957,52.2421913147,-72.9561309814,49.8310661316,226.500595093,55.0773086548,14.9736671448,3.5157558918,-18.9767990112,29.0152015686,47.8312454224],[53.6140403748,47.110786438,-77.4373626709,73.8669128418,135.262634277,47.3139228821,55.0773086548,208.527511597,88.8231124878,53.5253143311,71.5992507935,15.0595207214,55.5221366882],[-40.24269104,25.8991546631,40.4520492554,36.7179985046,90.4632949829,52.5761871338,14.9736671448,88.8231124878,148.742126465,87.95703125,31.9880371094,21.2313899994,22.3496437073],[-15.0281744003,18.3114757538,-7.07592773438,43.2190361023,99.1716766357,62.8662948608,3.5157558918,53.5253143311,87.95703125,149.275466919,94.0733108521,15.3575649261,27.0958690643],[-27.246963501,22.7656345367,-104.94644165,-4.29621934891,142.071365356,51.248626709,-18.9767990112,71.5992507935,31.9880371094,94.0733108521,166.948913574,62.8095588684,34.5395507812],[203.206069946,64.2151184082,-98.5289382935,-7.85227012634,18.021654129,3.58734917641,29.0152015686,15.0595207214,21.2313899994,15.3575649261,62.8095588684,124.915519714,64.6192016602],[108.695625305,21.9066829681,-133.297729492,35.8102378845,20.9646587372,16.2090110779,47.8312454224,55.5221366882,22.3496437073,27.0958690643,34.5395507812,64.6192016602,120.665992737]],"icov":[[0.00205730041489,-0.00288752093911,0.00240103621036,-0.00231321528554,0.00222314358689,-0.00211703684181,0.00184726587031,-0.00163304829039,0.00179213273805,-0.00221675122157,0.00364217162132,-0.00416731880978,0.00328218354844],[-0.00288752093911,0.00456504523754,-0.00350029603578,0.00350896525197,-0.00346763781272,0.00307324482128,-0.00274974992499,0.00202459050342,-0.00207811081782,0.00267372420058,-0.00452790083364,0.00525765726343,-0.00452273525298],[0.00240103621036,-0.00350029603578,0.00427936855704,-0.00390899926424,0.00420222757384,-0.00424141949043,0.00317156943493,-0.00173300097231,0.000832837657072,-0.00182074436452,0.00376625335775,-0.00457713007927,0.00536760687828],[-0.00231321528554,0.00350896525197,-0.00390899926424,0.00778308929875,-0.00597672816366,0.00612837774679,-0.00453373184428,0.000735288194846,0.000445543206297,-0.00120410020463,-0.000603108783253,0.0041761980392,-0.00538326520473],[0.00222314358689,-0.00346763781272,0.00420222757384,-0.00597672816366,0.0107262199745,-0.0095607675612,0.00709604797885,-0.00375790661201,-0.000649261870421,0.000637429649942,-0.00031374397804,-0.00408924557269,0.00563660496846],[-0.00211703684181,0.00307324482128,-0.00424141949043,0.00612837774679,-0.0095607675612,0.0134104993194,-0.00783510319889,0.00387330166996,-0.00101021979935,-0.000573393772356,-0.00218976219185,0.00575569225475,-0.00611146818846],[0.00184726587031,-0.00274974992499,0.00317156943493,-0.00453373184428,0.00709604797885,-0.00783510319889,0.0111070713028,-0.00583580834791,0.00294085033238,-0.0028400097508,0.00554958963767,-0.00711165554821,0.00409928662702],[-0.00163304829039,0.00202459050342,-0.00173300097231,0.000735288194846,-0.00375790661201,0.00387330166996,-0.00583580834791,0.0151860946789,-0.0118237771094,0.0103601440787,-0.013099915348,0.0118761528283,-0.00831746030599],[0.00179213273805,-0.00207811081782,0.000832837657072,0.000445543206297,-0.000649261870421,-0.00101021979935,0.00294085033238,-0.0118237771094,0.0234319828451,-0.0194024480879,0.0178251378238,-0.0142935682088,0.00664302613586],[-0.00221675122157,0.00267372420058,-0.00182074436452,-0.00120410020463,0.000637429649942,-0.000573393772356,-0.0028400097508,0.0103601440787,-0.0194024480879,0.0290496591479,-0.0240468662232,0.0163242202252,-0.00860579498112],[0.00364217162132,-0.00452790083364,0.00376625335775,-0.000603108783253,-0.00031374397804,-0.00218976219185,0.00554958963767,-0.013099915348,0.0178251378238,-0.0240468662232,0.0331417247653,-0.0225664675236,0.0107537237927],[-0.00416731880978,0.00525765726343,-0.00457713007927,0.0041761980392,-0.00408924557269,0.00575569225475,-0.00711165554821,0.0118761528283,-0.0142935682088,0.0163242202252,-0.0225664675236,0.029797675088,-0.0167205668986],[0.00328218354844,-0.00452273525298,0.00536760687828,-0.00538326520473,0.00563660496846,-0.00611146818846,0.00409928662702,-0.00831746030599,0.00664302613586,-0.00860579498112,0.0107537237927,-0.0167205668986,0.0223008859903]],"mean":[-833.412963867,221.600875854,24.1985664368,12.0992822647,-2.78041386604,-7.18107557297,1.66940557957,-7.2485537529,-6.82222414017,-7.34395933151,-9.34612560272,2.91642093658,-2.40428519249]},"pitch_salience":{"dmean":0.0542158484459,"dmean2":0.0850757360458,"dvar":0.00243371305987,"dvar2":0.00642481911927,"max":0.857930243015,"mean":0.478532850742,"median":0.49584248662,"min":0.0597214102745,"var":0.0203912146389},"silence_rate_20dB":{"dmean":0,"dmean2":0,"dvar":0,"dvar2":0,"max":1,"mean":1,"median":1,"min":1,"var":0},"silence_rate_30dB":{"dmean":0.00660066027194,"dmean2":0.0132034989074,"dvar":0.00655663106591,"dvar2":0.0176509600133,"max":1,"mean":0.9788813591,"median":1,"min":0,"var":0.0206709168851},"silence_rate_60dB":{"dmean":0.0188118815422,"dmean2":0.0376299731433,"dvar":0.0184576585889,"dvar2":0.0411660410464,"max":1,"mean":0.15113016963,"median":0,"min":0,"var":0.128289222717},"spectral_centroid":{"dmean":39.7121582031,"dmean2":59.236114502,"dvar":22590.1464844,"dvar2":30840.7363281,"max":11633.8613281,"mean":498.434082031,"median":358.184143066,"min":147.173248291,"var":891777.1875},"spectral_complexity":{"dmean":1.0415841341,"dmean2":1.77124941349,"dvar":0.973880827427,"dvar2":2.52803874016,"max":16,"mean":7.14502573013,"median":8,"min":0,"var":7.98179769516},"spectral_contrast_coeffs":{"dmean":[0.0396962314844,0.0383159853518,0.0291494205594,0.0221947617829,0.0148391230032,0.0104813054204],"dmean2":[0.0660646930337,0.0625143051147,0.0454910323024,0.0366693139076,0.0248499885201,0.0174609571695],"dvar":[0.00108082022052,0.000992305343971,0.000547096133232,0.00030408980092,0.000145002195495,8.16969986772e-05],"dvar2":[0.0030847529415,0.00268892338499,0.00132276362274,0.00082890241174,0.000389528664527,0.000229624085478],"max":[-0.191898733377,-0.354526400566,-0.425430625677,-0.617065370083,-0.674377799034,-0.682511270046],"mean":[-0.590985476971,-0.67168956995,-0.726041376591,-0.800280570984,-0.812855541706,-0.815745234489],"median":[-0.596316337585,-0.681932926178,-0.728028297424,-0.801538169384,-0.812158703804,-0.8147611022],"min":[-0.979198157787,-0.969831764698,-0.97343558073,-0.972234606743,-0.964387118816,-0.964398503304],"var":[0.0163082163781,0.0096668926999,0.00514240190387,0.00258554681204,0.00195268413518,0.00108932994772]},"spectral_contrast_valleys":{"dmean":[0.341363459826,0.28026047349,0.234362691641,0.192502081394,0.140837177634,0.128216043115],"dmean2":[0.577215433121,0.465297549963,0.3918376863,0.325901895761,0.232779458165,0.213897526264],"dvar":[0.098014190793,0.0806599929929,0.0672553628683,0.0567138418555,0.0498056448996,0.0445739850402],"dvar2":[0.239638954401,0.166190102696,0.126142054796,0.101647265255,0.0802853032947,0.0812573358417],"max":[-5.39771938324,-4.83442878723,-6.54504966736,-7.83247375488,-8.50912475586,-11.3012256622],"mean":[-8.12375450134,-7.55351638794,-8.78458690643,-9.86982250214,-10.4100399017,-13.2637195587],"median":[-7.65635299683,-7.12251186371,-8.32029056549,-9.49882411957,-10.026014328,-13.0988464355],"min":[-28.1426029205,-28.0139312744,-27.8656902313,-27.8078556061,-27.5301952362,-27.3627414703],"var":[5.19184684753,4.81400680542,4.27037191391,3.82858538628,3.11955738068,1.91281402111]},"spectral_decrease":{"dmean":1.50717827108e-09,"dmean2":2.39621655851e-09,"dvar":6.33015804265e-18,"dvar2":1.88609107607e-17,"max":1.7479251462e-16,"mean":-5.79299497261e-09,"median":-3.85496745636e-09,"min":-4.67338807653e-08,"var":4.14256517542e-17},"spectral_energy":{"dmean":0.00580905238166,"dmean2":0.00922895874828,"dvar":9.32868570089e-05,"dvar2":0.000277929735603,"max":0.177236393094,"mean":0.022413186729,"median":0.0149972736835,"min":1.0189310144e-20,"var":0.000614549673628},"spectral_energyband_high":{"dmean":1.62738740528e-06,"dmean2":2.43128124566e-06,"dvar":4.9642519262e-11,"dvar2":1.09985749674e-10,"max":0.00023680657614,"mean":4.8158831305e-06,"median":1.47545688378e-06,"min":7.10917227064e-21,"var":2.19728582551e-10},"spectral_energyband_low":{"dmean":0.00261789327487,"dmean2":0.00442087603733,"dvar":4.65478588012e-05,"dvar2":0.000136105998536,"max":0.172814100981,"mean":0.00685472274199,"median":0.0021148074884,"min":1.58153642624e-23,"var":0.000214385363506},"spectral_energyband_middle_high":{"dmean":0.000225714000408,"dmean2":0.000299908802845,"dvar":2.40380785499e-07,"dvar2":3.56280366987e-07,"max":0.0225628502667,"mean":0.000699167896528,"median":0.000334741431288,"min":1.1336048843e-21,"var":1.698502615e-06},"spectral_energyband_middle_low":{"dmean":0.00417134631425,"dmean2":0.00650053052232,"dvar":5.69483345316e-05,"dvar2":0.000167414254975,"max":0.166082754731,"mean":0.0153522472829,"median":0.008101654239,"min":1.89530496776e-22,"var":0.000415114307543},"spectral_entropy":{"dmean":0.142154321074,"dmean2":0.217512875795,"dvar":0.0182416010648,"dvar2":0.048359721899,"max":9.82414340973,"mean":5.83944940567,"median":5.82051992416,"min":3.79310750961,"var":0.510000169277},"spectral_flux":{"dmean":0.0122893331572,"dmean2":0.0205294433981,"dvar":0.00028676824877,"dvar2":0.000750493840314,"max":0.256771892309,"mean":0.0419560521841,"median":0.0355604700744,"min":6.45677608602e-11,"var":0.000982091994956},"spectral_kurtosis":{"dmean":11.9718837738,"dmean2":20.5996017456,"dvar":134.763839722,"dvar2":392.368927002,"max":183.79258728,"mean":42.9677200317,"median":38.9750137329,"min":-1.27476131916,"var":691.102661133},"spectral_rms":{"dmean":0.000525162031408,"dmean2":0.000810750876553,"dvar":4.08467712987e-07,"dvar2":1.20404934023e-06,"max":0.0131496600807,"mean":0.00405253330246,"median":0.00382511271164,"min":3.15290198463e-12,"var":5.44355771126e-06},"spectral_rolloff":{"dmean":83.3675231934,"dmean2":141.486038208,"dvar":159012.765625,"dvar2":419940.3125,"max":21339.4042969,"mean":754.071716309,"median":366.064453125,"min":43.06640625,"var":6057801.5},"spectral_skewness":{"dmean":0.727363169193,"dmean2":1.25641870499,"dvar":0.41696164012,"dvar2":1.24000906944,"max":11.3030109406,"mean":4.81904792786,"median":4.77322244644,"min":-0.0547259561718,"var":3.14744567871},"spectral_spread":{"dmean":295470.25,"dmean2":512049.40625,"dvar":334399930368,"dvar2":657799970816,"max":42749588,"mean":2224406,"median":1655906.375,"min":525716.3125,"var":13359718072300.0},"spectral_strongpeak":{"dmean":0.22908012569,"dmean2":0.359976798296,"dvar":0.108240038157,"dvar2":0.275298237801,"max":6.91147994995,"mean":0.889749526978,"median":0.600930631161,"min":0,"var":0.720225334167},"zerocrossingrate":{"dmean":0.00235398299992,"dmean2":0.00306072318926,"dvar":3.22987834807e-05,"dvar2":3.65098312614e-05,"max":0.76171875,"mean":0.0265754386783,"median":0.015625,"min":0.001953125,"var":0.00472653470933}},"metadata":{"audio_properties":{"analysis_sample_rate":44100,"bit_rate":240935,"codec":"mp3","downmix":"mix","equal_loudness":0,"length":140.695510864,"lossless":false,"md5_encoded":"bafa55305aabbe9b191d59ffe91fa664","replay_gain":-10.7395839691,"sample_rate":44100},"tags":{"acoustid_id":["ccc5c19b-62f6-46d7-8671-461946e0a1b4"],"album":["Journey"],"albumartist":["Austin Wintory"],"albumartistsort":["Wintory, Austin"],"artist":["Austin Wintory"],"artistsort":["Wintory, Austin"],"artistwebpage":["http://austinwintory.com/"],"date":["2012"],"discnumber":["1/1"],"file_name":"04 Second Confluence.mp3","media":["Digital Media"],"musicbrainz album release country":["XW"],"musicbrainz album status":["official"],"musicbrainz album type":["album/soundtrack"],"musicbrainz_albumartistid":["78f15956-c5e1-46d6-a46b-fa6f46681ec8"],"musicbrainz_albumid":["1f3abcda-15a7-4465-92c6-9926cdc4f247"],"musicbrainz_artistid":["78f15956-c5e1-46d6-a46b-fa6f46681ec8"],"musicbrainz_recordingid":["96888f9e-c268-4db2-bc13-e29f8b317c20"],"musicbrainz_releasegroupid":["d1850227-c7c7-42c8-b469-6e99023412de"],"originaldate":["2012"],"script":["Latn"],"title":["Second Confluence"],"tracknumber":["4/18"]},"version":{"essentia":"2.1-beta2","essentia_build_sha":"26c37b627ab5a2028d412893e0969599b764ad4d","essentia_git_sha":"v2.1_beta2","extractor":"music 1.0"}},"rhythm":{"beats_count":308,"beats_loudness":{"dmean":0.0131816985086,"dmean2":0.0212833080441,"dvar":0.000274360150797,"dvar2":0.0006652175216,"max":0.145184218884,"mean":0.0244924034923,"median":0.016413744539,"min":0,"var":0.000631361559499},"beats_loudness_band_ratio":{"dmean":[0.12664116919,0.157777890563,0.0858745872974,0.0356882177293,0.00242382870056,0.00696217641234],"dmean2":[0.207019194961,0.254091531038,0.142230287194,0.0605362169445,