{"lowlevel":{"average_loudness":0.193917110562,"barkbands":{"dmean":[1.95181364688e-05,0.00149966625031,0.000951925932895,0.00113101233728,0.00252725416794,0.00181330402847,0.00123040331528,0.000716818321962,0.000430737825809,0.000426367856562,0.000294036086416,0.000126179205836,0.000263848138275,0.00019335806428,0.000257106818026,5.21238907822e-05,9.40229656408e-05,3.32345953211e-05,3.08105263684e-05,2.43776830757e-05,1.56690311996e-05,1.03334878077e-05,6.45886893835e-06,6.02542604611e-06,5.8943910517e-06,4.93055949846e-06,2.90545926873e-06],"dmean2":[2.7206422601e-05,0.00262573431246,0.00159090210218,0.00184817484114,0.00398113299161,0.0027767168358,0.00186500430573,0.00111803191248,0.000642141094431,0.000625164015219,0.000437304173829,0.000189209546079,0.000395829963963,0.000288103095954,0.00038519204827,8.12589205452e-05,0.000147504615597,5.28136479261e-05,4.97809305671e-05,4.01205397793e-05,2.52041427302e-05,1.67774251167e-05,1.03753918665e-05,9.84435610007e-06,9.69505072135e-06,7.94492643763e-06,4.77640469398e-06],"dvar":[4.67065941478e-09,3.1080620829e-05,9.76385126705e-06,9.11933148018e-06,2.22054804908e-05,1.56198184413e-05,7.09926234777e-06,3.47138529833e-06,8.37847835555e-07,8.57306304169e-07,6.75878254697e-07,2.58039818846e-07,8.81368293904e-07,6.25645611763e-07,1.12082966552e-06,1.4262729664e-08,6.54131682154e-08,6.71058320023e-09,6.43470920991e-09,8.3570625975e-09,1.54166213129e-09,1.32795030527e-09,5.11677145099e-10,3.6655362079e-10,6.24317597619e-10,6.9390621027e-10,4.25632085133e-10],"dvar2":[9.47019884734e-09,9.51155670919e-05,2.76712162304e-05,2.3159196644e-05,5.64139481867e-05,3.86927131331e-05,1.68090864463e-05,8.43129510031e-06,1.72720831415e-06,1.91836716112e-06,1.46191405292e-06,5.15027693382e-07,1.90226182895e-06,1.33690264192e-06,2.40696840592e-06,3.02814378017e-08,1.62378739788e-07,1.54718620138e-08,1.53825467919e-08,2.31749677226e-08,3.58226959207e-09,2.88743229326e-09,1.32093025407e-09,9.43872979775e-10,1.61950175492e-09,1.7430309418e-09,1.03351660563e-09],"max":[0.0041302992031,0.133632317185,0.0952052399516,0.0753940790892,0.109626844525,0.0878246575594,0.0707831308246,0.0732149630785,0.0374703109264,0.0254046022892,0.0331107527018,0.0247623585165,0.0290153380483,0.0364407077432,0.0500616952777,0.00540912896395,0.00907251704484,0.00197043875232,0.00424871547148,0.00406331336126,0.00190510647371,0.00246263411827,0.0011050873436,0.000668956199661,0.00118795363232,0.00140286167152,0.00126969756093],"mean":[6.97668874636e-05,0.00222875270993,0.0014136970276,0.00177815917414,0.0055067925714,0.00411708373576,0.00259562325664,0.00153869274072,0.00088491931092,0.000900849117897,0.000516396306921,0.000249619857641,0.000473325664643,0.00037949817488,0.000501195609104,0.000101285681012,0.000177633512067,6.34721582173e-05,6.19397687842e-05,4.30629261245e-05,3.05149060296e-05,1.83718002518e-05,1.11974768515e-05,1.10189284896e-05,1.15115653898e-05,1.20921004054e-05,9.07484718482e-06],"median":[1.10206690351e-06,0.000234961480601,0.000231539641391,0.000373890186893,0.00258157076314,0.00174831494223,0.00113221548963,0.000501682632603,0.000369315966964,0.000369287590729,0.000161592077347,7.10655149305e-05,0.000101023535535,8.23308873805e-05,0.000110525201308,3.87612017221e-05,6.56918346067e-05,2.19386547542e-05,2.06419899769e-05,1.09445827547e-05,8.92467778613e-06,5.01966360389e-06,2.97979227071e-06,2.15042655327e-06,1.19590936265e-06,6.36901802409e-07,1.97108846578e-07],"min":[7.50596418152e-25,2.50952510055e-24,1.39632837288e-24,1.13399603151e-24,9.64434442566e-24,4.05993102443e-24,1.28596649558e-23,6.00673008685e-24,1.0598593964e-23,1.39546480685e-23,2.74284822598e-23,2.52810009274e-23,3.38226164152e-23,4.09213769083e-23,5.37373500141e-23,7.46298514614e-23,6.90756017346e-23,9.6449397001e-23,1.55561338404e-22,1.90345585729e-22,2.50302838923e-22,3.21443047419e-22,4.31284519489e-22,6.11848898948e-22,1.00290358224e-21,1.24353226016e-21,1.91996839473e-21],"var":[5.84588164543e-08,5.36937914148e-05,1.60770177899e-05,2.03100971703e-05,7.16838403605e-05,4.71805578854e-05,1.89243128261e-05,1.23504996736e-05,3.08830294671e-06,2.4197906896e-06,1.63815934684e-06,1.02731769402e-06,2.28984731621e-06,2.02401452043e-06,3.14773592436e-06,4.68136036602e-08,1.56869006673e-07,1.75468137797e-08,1.77373529198e-08,1.84788770952e-08,6.24881923983e-09,2.9684708025e-09,9.78326530898e-10,1.2081496914e-09,3.15505799264e-09,5.55996271245e-09,4.26759827477e-09]},"barkbands_crest":{"dmean":2.49195814133,"dmean2":4.06865406036,"dvar":4.88104724884,"dvar2":13.1813802719,"max":26.7331142426,"mean":11.6582994461,"median":10.8433895111,"min":3.49095034599,"var":18.8380641937},"barkbands_flatness_db":{"dmean":0.0233570579439,"dmean2":0.0364130064845,"dvar":0.000501558475662,"dvar2":0.0012124737259,"max":0.605354726315,"mean":0.203039065003,"median":0.193307712674,"min":0.0377385504544,"var":0.00516522629187},"barkbands_kurtosis":{"dmean":3.98345637321,"dmean2":6.50555706024,"dvar":107.372009277,"dvar2":319.166534424,"max":512.296325684,"mean":8.03323459625,"median":4.31769037247,"min":-1.89310026169,"var":265.666503906},"barkbands_skewness":{"dmean":0.538886487484,"dmean2":0.853664457798,"dvar":0.327591240406,"dvar2":0.919864475727,"max":18.4012203217,"mean":1.77746713161,"median":1.66749632359,"min":-7.30621814728,"var":2.02717661858},"barkbands_spread":{"dmean":2.36952447891,"dmean2":3.76744389534,"dvar":10.6694002151,"dvar2":28.3456993103,"max":138.858276367,"mean":9.88632583618,"median":8.25273418427,"min":0.111433774233,"var":67.3658294678},"dissonance":{"dmean":0.0273157004267,"dmean2":0.0457755923271,"dvar":0.000615363125689,"dvar2":0.00167818006594,"max":0.499999940395,"mean":0.432395190001,"median":0.441496968269,"min":0.190806463361,"var":0.00180006900337},"dynamic_complexity":3.41056895256,"erbbands":{"dmean":[0.0317668616772,0.379895031452,1.04406929016,2.37338972092,5.98685455322,9.61510944366,10.1094255447,16.0721263885,14.3342075348,28.1302108765,8.76825428009,10.2224931717,11.9827432632,11.8234415054,11.0380878448,6.40067243576,11.9273939133,11.7473802567,12.9060325623,7.07680034637,2.91354107857,4.0092716217,2.34214496613,1.85172557831,1.16865205765,1.36955606937,0.692914426327,0.555405437946,0.320638388395,0.288547486067,0.178999707103,0.131734907627,0.100753597915,0.0753910988569,0.0419492311776,0.023282982409,0.00921357516199,0.00291784759611,0.000581068277825,2.73420755548e-05],"dmean2":[0.0576106756926,0.660384774208,1.72363972664,3.87657427788,9.77658653259,15.1354722977,15.109413147,24.4516181946,22.309589386,43.6116905212,13.1441469193,15.3134832382,17.6014823914,17.2969226837,16.274269104,9.57004356384,18.2334365845,17.2117137909,19.1620445251,10.8727760315,4.53324317932,6.20838165283,3.7221198082,2.91808056831,1.90309512615,2.25817894936,1.12414765358,0.906520664692,0.517875313759,0.464707016945,0.292344003916,0.21586483717,0.163426205516,0.124370999634,0.0701330602169,0.0389755629003,0.0150335589424,0.00479845376685,0.000949661945924,4.27963677794e-05],"dvar":[0.0140161989257,2.0302901268,11.6837081909,36.6368675232,178.682342529,421.10635376,423.346923828,1377.41369629,889.222412109,4996.83789062,337.25,466.975006104,558.96496582,978.260864258,913.192138672,682.187561035,2265.3984375,1981.67382812,3704.62011719,438.031585693,55.4503631592,108.149330139,39.2479820251,23.3700656891,9.32249641418,34.1796112061,3.18204951286,2.5579521656,0.675122559071,1.4773761034,0.613830447197,0.166400060058,0.130003556609,0.107296533883,0.0417766161263,0.0123382555321,0.00333055527881,0.000423471588874,1.65131477843e-05,2.56549945732e-08],"dvar2":[0.0488599613309,6.00513076782,32.0338897705,95.0421447754,458.623626709,1071.59899902,993.093139648,3385.82763672,2407.15698242,12460.7890625,717.886047363,1053.05419922,1153.82104492,2237.24829102,1908.02416992,1365.36157227,5070.4609375,4070.05004883,7858.51025391,960.149353027,112.287910461,258.465759277,100.319999695,53.5539665222,24.7429447174,96.1148834229,7.76766252518,6.00464916229,1.66861104965,2.93232798576,1.64673030376,0.433999806643,0.329837054014,0.282608926296,0.111448906362,0.0327671840787,0.00867781043053,0.00108490989078,3.97175572289e-05,6.46358842005e-08],"max":[2.58811211586,36.2102050781,112.114013672,137.769821167,372.183837891,481.990661621,516.808959961,945.302307129,770.970153809,1899.52661133,605.274475098,497.442749023,729.783630371,968.234313965,1125.21484375,1288.22290039,1559.25170898,1993.47363281,2746.20678711,765.159179688,373.395263672,384.272857666,154.612060547,271.260284424,94.2263793945,277.188171387,83.9714660645,64.8645858765,28.883928299,102.419548035,48.2692489624,10.598025322,16.4754486084,18.1588973999,9.68576049805,4.53396654129,3.01741981506,1.17247664928,0.223042696714,0.00863512512296],"mean":[0.0452607236803,0.561140775681,1.65275895596,3.99805545807,10.7963838577,20.1048927307,24.6699447632,36.4107627869,31.5262565613,55.3249778748,22.583990097,21.2655258179,26.5358581543,24.3425884247,20.9941558838,13.732925415,22.4799404144,24.057718277,25.9214000702,13.8108930588,6.39778709412,8.01672172546,4.74666452408,3.87658715248,2.30979466438,2.38845300674,1.38617610931,1.07608687878,0.590830504894,0.506201565266,0.309158265591,0.229803055525,0.186222657561,0.144360348582,0.0771493390203,0.0459134094417,0.0224988479167,0.00833596009761,0.00180990039371,8.74063116498e-05],"median":[0.00309746479616,0.0650879517198,0.317686498165,1.02129745483,3.50925016403,8.3464756012,11.0027093887,13.2539958954,14.7378988266,19.1046237946,9.67531585693,9.52630996704,11.5019283295,10.3671760559,8.11779975891,4.43163919449,5.19778251648,5.75996017456,5.57825756073,4.47939777374,2.77129793167,3.10961747169,1.78370642662,1.44516074657,0.780465126038,0.592498600483,0.413610607386,0.280402690172,0.176298946142,0.12613530457,0.0872060507536,0.0540249831975,0.030356483534,0.0159355644137,0.00730793830007,0.00306774047203,0.00110349431634,0.000247365096584,4.5317607146e-05,2.41751658905e-05],"min":[4.43575098611e-23,6.27147297415e-22,1.92282919565e-21,8.90633928148e-21,3.04568483153e-20,1.95376587173e-20,3.41581132026e-20,4.28286817757e-20,1.23616093788e-19,1.68932227219e-19,1.53363873835e-19,3.52986324162e-19,7.14234321487e-19,7.31633962274e-19,1.25290121232e-18,1.27437213268e-18,1.92742636661e-18,2.4769449882e-18,2.43462167177e-18,4.98524467111e-18,4.5811913437e-18,4.14261315189e-18,5.59032852996e-18,7.4524324436e-18,7.40933302496e-18,9.28622403282e-18,9.72954155595e-18,1.17030059003e-17,1.24886909974e-17,1.23496146395e-17,1.12169504365e-17,1.04386032586e-17,1.02945282482e-17,9.23715981478e-18,7.39386474751e-18,4.31669579335e-18,2.39112107054e-18,1.02118662284e-18,2.65007885349e-19,2.55474651408e-20],"var":[0.0208077672869,3.55921578407,19.7154846191,80.9620666504,388.26361084,1237.73693848,1619.45751953,4671.95068359,2357.31982422,12737.5478516,1723.33288574,1312.41015625,2130.61889648,2412.69897461,2273.71801758,2726.97290039,5794.07275391,6837.42285156,10283.1855469,1291.75939941,190.03678894,309.929473877,94.6382827759,63.0121879578,22.9984035492,63.158405304,12.9484682083,8.38929176331,1.51341211796,3.70762419701,0.850392341614,0.409108668566,0.487919002771,0.504594147205,0.153998583555,0.0643051192164,0.0212836824358,0.00339385378174,0.000169387058122,2.05390136898e-07]},"erbbands_crest":{"dmean":2.69088482857,"dmean2":4.25635147095,"dvar":6.29306793213,"dvar2":15.0954551697,"max":33.6114006042,"mean":11.9505987167,"median":10.4243202209,"min":2.47453308105,"var":32.3009185791},"erbbands_flatness_db":{"dmean":0.0201534386724,"dmean2":0.0306494906545,"dvar":0.000437741720816,"dvar2":0.000973878602963,"max":0.45236569643,"mean":0.220086663961,"median":0.2157728374,"min":0.0377581603825,"var":0.00342547730543},"erbbands_kurtosis":{"dmean":1.67772579193,"dmean2":2.6434803009,"dvar":13.6654472351,"dvar2":37.0502929688,"max":193.520843506,"mean":2.73109173775,"median":0.833020687103,"min":-1.84465384483,"var":74.5296478271},"erbbands_skewness":{"dmean":0.380961716175,"dmean2":0.584657251835,"dvar":0.145562276244,"dvar2":0.364087730646,"max":10.3451566696,"mean":0.842715203762,"median":0.799570143223,"min":-5.01717376709,"var":1.21078419685},"erbbands_spread":{"dmean":4.51691913605,"dmean2":7.05978822708,"dvar":24.4907398224,"dvar2":59.6143608093,"max":183.056991577,"mean":22.0978164673,"median":20.7663345337,"min":0.840088605881,"var":152.480667114},"gfcc":{"cov":[[14046.3574219,-155.521957397,-1653.1932373,143.986740112,-716.278808594,217.322235107,-394.688903809,77.3929901123,-172.380813599,181.434417725,-78.1081237793,105.800994873,-109.047996521],[-155.521957397,1773.55554199,19.6872367859,-4.81730175018,224.130981445,-147.853683472,180.994155884,-103.886711121,80.3081665039,-197.763641357,78.6338806152,-103.382881165,72.6573181152],[-1653.1932373,19.6872367859,1181.84130859,222.688949585,284.543518066,105.790527344,153.716125488,91.9416427612,-17.9401473999,-61.3536529541,-56.0174674988,-15.2738056183,-43.3018951416],[143.986740112,-4.81730175018,222.688949585,450.962005615,167.314758301,158.526016235,124.404541016,57.501335144,21.0100746155,0.249997988343,18.1810092926,2.24463772774,-3.0238442421],[-716.278808594,224.130981445,284.543518066,167.314758301,373.040039062,99.3986282349,146.491271973,17.7417526245,23.100484848,-37.7184524536,19.1942615509,-7.9110918045,8.89437294006],[217.322235107,-147.853683472,105.790527344,158.526016235,99.3986282349,244.943191528,81.2300720215,55.9019088745,-10.0798120499,20.7693252563,0.275176346302,19.0820007324,-17.1977939606],[-394.688903809,180.994155884,153.716125488,124.404541016,146.491271973,81.2300720215,214.64112854,58.8256530762,33.572681427,-13.2562303543,35.0493240356,10.170794487,26.1650676727],[77.3929901123,-103.886711121,91.9416427612,57.501335144,17.7417526245,55.9019088745,58.8256530762,140.640594482,48.6034049988,33.1148719788,3.35039973259,20.1082630157,-3.56050181389],[-172.380813599,80.3081665039,-17.9401473999,21.0100746155,23.100484848,-10.0798120499,33.572681427,48.6034049988,131.188446045,50.1095428467,36.7202415466,-4.66885662079,11.9193267822],[181.434417725,-197.763641357,-61.3536529541,0.249997988343,-37.7184524536,20.7693252563,-13.2562303543,33.1148719788,50.1095428467,132.714645386,48.0237960815,20.2956066132,-6.84280443192],[-78.1081237793,78.6338806152,-56.0174674988,18.1810092926,19.1942615509,0.275176346302,35.0493240356,3.35039973259,36.7202415466,48.0237960815,118.976425171,35.8519515991,15.0110311508],[105.800994873,-103.382881165,-15.2738056183,2.24463772774,-7.9110918045,19.0820007324,10.170794487,20.1082630157,-4.66885662079,20.2956066132,35.8519515991,90.5364990234,29.5233154297],[-109.047996521,72.6573181152,-43.3018951416,-3.0238442421,8.89437294006,-17.1977939606,26.1650676727,-3.56050181389,11.9193267822,-6.84280443192,15.0110311508,29.5233154297,98.8504638672]],"icov":[[0.000127078717924,-0.000161232397659,0.000188888516277,-0.000193239335204,0.000164028795552,-0.00016741908621,0.000238317064941,-0.000280673324596,0.000336575234542,-0.000346778600942,0.000324229768012,-0.000308207032504,0.000196678767679],[-0.000161232397659,0.00140071136411,-0.00017992281937,0.000399012758862,-0.000505486037582,0.000693353475071,-0.00109728216194,0.00100234767888,-0.00142801832408,0.00250308820978,-0.00181771721691,0.00176727282815,-0.000687703141011],[0.000188888516277,-0.00017992281937,0.00151040300261,-0.00055919989245,-0.000574386212975,9.75383300101e-05,-2.02120772883e-05,-0.00110570341349,0.00089644792024,-0.000328051275574,0.00108750676736,-0.000584065390285,0.000897824240383],[-0.000193239335204,0.000399012758862,-0.00055919989245,0.00366812199354,-0.000835347746033,-0.00135122810025,-0.0010082765948,0.000275488593616,-0.00092111970298,0.000971700996161,-0.0011698504677,0.00112144008745,-0.000501278089359],[0.000164028795552,-0.000505486037582,-0.000574386212975,-0.000835347746033,0.00508850766346,-0.00148417265154,-0.00145196111407,0.000974557071459,-0.000563062494621,0.000315169570968,-3.93745904148e-06,-0.000289831485134,0.000155559711857],[-0.00016741908621,0.000693353475071,9.75383300101e-05,-0.00135122810025,-0.00148417265154,0.00721179554239,-0.00208079232834,-0.000911123002879,0.00131966359913,-0.000755045970436,0.000448258739198,-0.000466356228571,0.00107308523729],[0.000238317064941,-0.00109728216194,-2.02120772883e-05,-0.0010082765948,-0.00145196111407,-0.00208079232834,0.00981441605836,-0.00382778211497,0.000649658497423,0.000124230253277,-0.00146048155148,-0.00031511724228,-0.00169115781318],[-0.000280673324596,0.00100234767888,-0.00110570341349,0.000275488593616,0.000974557071459,-0.000911123002879,-0.00382778211497,0.0126535678282,-0.00575715489686,0.000267000868917,0.00137325271498,-0.00198450544849,0.000797292799689],[0.000336575234542,-0.00142801832408,0.00089644792024,-0.00092111970298,-0.000563062494621,0.00131966359913,0.000649658497423,-0.00575715489686,0.0141046904027,-0.00655132113025,-0.000302265718346,0.00164160877466,-0.000912268413231],[-0.000346778600942,0.00250308820978,-0.000328051275574,0.000971700996161,0.000315169570968,-0.000755045970436,0.000124230253277,0.000267000868917,-0.00655132113025,0.0166225600988,-0.00764399301261,0.00229394016787,-0.000103050500911],[0.000324229768012,-0.00181771721691,0.00108750676736,-0.0011698504677,-3.93745904148e-06,0.000448258739198,-0.00146048155148,0.00137325271498,-0.000302265718346,-0.00764399301261,0.016189776361,-0.00785753782839,0.00204429659061],[-0.000308207032504,0.00176727282815,-0.000584065390285,0.00112144008745,-0.000289831485134,-0.000466356228571,-0.00031511724228,-0.00198450544849,0.00164160877466,0.00229394016787,-0.00785753782839,0.0185824688524,-0.00629955762997],[0.000196678767679,-0.000687703141011,0.000897824240383,-0.000501278089359,0.000155559711857,0.00107308523729,-0.00169115781318,0.000797292799689,-0.000912268413231,-0.000103050500911,0.00204429659061,-0.00629955762997,0.0135396448895]],"mean":[-69.798286438,132.588012695,-117.347450256,0.539632797241,-57.957447052,-9.19658565521,-40.8807983398,-5.14536809921,-20.9983100891,-3.68427824974,-13.9172058105,-3.10288000107,-7.10871219635]},"hfc":{"dmean":2.85943746567,"dmean2":4.24573421478,"dvar":17.4668159485,"dvar2":38.9954566956,"max":117.299034119,"mean":11.7838935852,"median":8.61457633972,"min":1.08535632105e-16,"var":130.188476562},"melbands":{"dmean":[0.000355175725417,0.000513808394317,0.000495989050251,0.000547427567653,0.000379560282454,0.000356425094651,0.000232909238548,0.000280208711047,6.40767539153e-05,6.26948967692e-05,6.0104248405e-05,4.93741936225e-05,4.44896613772e-05,1.58661132446e-05,2.27777090913e-05,2.40374884015e-05,2.19771009142e-05,1.96986165975e-05,1.38143650474e-05,6.40940788799e-06,3.67730785911e-06,4.40066060037e-06,4.28011071563e-06,1.62985907082e-06,1.6654130377e-06,1.06370657704e-06,7.62043157465e-07,9.29000577798e-07,4.90207924031e-07,4.02006492095e-07,3.40754809258e-07,1.88229918763e-07,2.07833849686e-07,1.51646801783e-07,1.11642364686e-07,9.80007328621e-08,7.8987120844e-08,7.40366630225e-08,7.12040488793e-08,6.59939161096e-08],"dmean2":[0.000631861155853,0.000852479308378,0.000807384727523,0.000881594663952,0.000571158248931,0.000545715040062,0.000359875324648,0.000436661794083,9.49090244831e-05,9.38361408771e-05,8.80794978002e-05,7.23153934814e-05,6.59238285152e-05,2.37522199313e-05,3.47661152773e-05,3.61718630302e-05,3.23251042573e-05,2.9236138289e-05,2.06281820283e-05,9.96756534732e-06,5.77796072321e-06,6.77873595123e-06,6.9021652962e-06,2.61019658865e-06,2.63362903752e-06,1.72371028384e-06,1.26087206809e-06,1.53129315095e-06,7.97559380317e-07,6.4952791945e-07,5.61935962651e-07,3.0572613241e-07,3.35922152317e-07,2.47221379368e-07,1.84068625231e-07,1.58567985409e-07,1.3039303326e-07,1.21276556797e-07,1.19361430961e-07,1.09324737707e-07],"dvar":[1.79583628324e-06,2.85042619907e-06,1.3674116417e-06,1.07336359179e-06,5.94874109083e-07,6.62801880935e-07,2.17847158979e-07,5.00780060975e-07,1.64494320387e-08,1.74767418315e-08,1.41313183377e-08,1.85459025914e-08,1.67432858689e-08,2.91795210217e-09,6.1509535243e-09,7.25127557999e-09,6.78326017578e-09,8.19107537353e-09,2.64166510888e-09,3.25509813548e-10,1.23757296078e-10,1.37754266327e-10,1.92092966533e-10,1.50096150786e-11,2.1497366387e-11,7.61135859201e-12,5.47270952514e-12,1.54839387839e-11,1.99442675916e-12,1.39393520598e-12,1.45733230171e-12,2.62520365689e-13,8.20116706751e-13,2.80376768894e-13,3.41950643148e-13,1.12311554371e-13,6.8137871376e-14,8.35349516881e-14,7.4140095918e-14,9.29297329193e-14],"dvar2":[5.89420551478e-06,7.7225113273e-06,3.54641611011e-06,2.8288611702e-06,1.4006592437e-06,1.65309177191e-06,5.7927348962e-07,1.2587125866e-06,3.35539098728e-08,3.75719970691e-08,2.8906407934e-08,4.23907877689e-08,3.57800260531e-08,5.83497783424e-09,1.34502196047e-08,1.53481352072e-08,1.42404301684e-08,1.69798113347e-08,5.54877876979e-09,7.12629788513e-10,2.52295379033e-10,2.92810192759e-10,5.49584100451e-10,3.56023960313e-11,4.95273509704e-11,1.97920378003e-11,1.53248039259e-11,4.31886471031e-11,4.74290268518e-12,3.04483890358e-12,3.53362152906e-12,6.66003602094e-13,1.61504056656e-12,6.28464077654e-13,9.43162865516e-13,2.60165749621e-13,1.79676504794e-13,2.09782332564e-13,1.99050858803e-13,2.44850770518e-13],"max":[0.0298556759953,0.0492959991097,0.0253642015159,0.0196994710714,0.021235184744,0.0199429858476,0.0116311209276,0.0201716832817,0.00457564834505,0.00454410444945,0.00375481694937,0.00425679376349,0.00518275797367,0.00264667416923,0.00224074255675,0.00227997265756,0.00343255838379,0.00373509107158,0.00262654130347,0.000670611741953,0.000554680183996,0.000500358932186,0.000453729328001,0.000108325111796,0.000265191396466,7.5765485235e-05,8.41676665004e-05,0.000187505065696,8.97839199752e-05,9.16391727515e-05,5.31168552698e-05,2.36784344452e-05,7.66861849115e-05,3.51476264768e-05,3.99342461606e-05,2.00333124667e-05,7.46130081097e-06,1.32415352709e-05,1.00685429061e-05,1.65569344972e-05],"mean":[0.000518355693202,0.000852012250107,0.000874991645105,0.00112086778972,0.000922241422813,0.00079935969552,0.000508424593136,0.000557213264983,0.000159523217008,0.000130055414047,0.000130300642923,9.71200424829e-05,7.86447853898e-05,3.23575368384e-05,4.35183574155e-05,4.55879489891e-05,4.30311811215e-05,3.81522986572e-05,2.6543304557e-05,1.19322030514e-05,7.02981787981e-06,8.50278138387e-06,7.21267815607e-06,3.08457470055e-06,3.17218405144e-06,1.95711118067e-06,1.30032594825e-06,1.56727764988e-06,8.84633152509e-07,7.73967883561e-07,5.84349436394e-07,3.22692613963e-07,3.35163406362e-07,2.49198535585e-07,1.74794706709e-07,1.62684102634e-07,1.2787246817e-07,1.31516458168e-07,1.22812494396e-07,1.22075107356e-07],"median":[4.69472688565e-05,0.000144307326991,0.000243000627961,0.000503108778503,0.000417367555201,0.000304491666611,0.000238499633269,0.000189962040167,6.92554604029e-05,5.67375936953e-05,5.41545887245e-05,3.68578985217e-05,2.55570903391e-05,1.0971237316e-05,1.05273666122e-05,9.22831350181e-06,8.99171845958e-06,7.42129850551e-06,6.69201563142e-06,3.87963336834e-06,2.50691573456e-06,3.04624563796e-06,2.15009686144e-06,1.10446228518e-06,1.02753563169e-06,5.71611053601e-07,3.96673556224e-07,3.39825163564e-07,2.21808178935e-07,1.85304486422e-07,1.26516553678e-07,9.0253799101e-08,8.29585431461e-08,5.66000615265e-08,4.7109367074e-08,3.92739494259e-08,2.59279655523e-08,2.02766372581e-08,1.63084585836e-08,1.11722613383e-08],"min":[5.63183281633e-25,8.57147762013e-25,2.15597203954e-24,2.18823270348e-24,9.74305044921e-25,8.05584263374e-25,2.09802448681e-24,1.82343738849e-24,1.23252840705e-24,1.83252329118e-24,3.53997465799e-24,2.93378475057e-24,4.4537639149e-24,1.49925795772e-24,3.7513377102e-24,4.0465625931e-24,3.55953880287e-24,2.93706522864e-24,5.22012335166e-24,4.49076425237e-24,3.70365580165e-24,4.4811476435e-24,4.26674077149e-24,4.80520499805e-24,5.31649888288e-24,4.54065931019e-24,3.33695893745e-24,4.83142476239e-24,5.70152335249e-24,5.0383465277e-24,6.37478260851e-24,6.11958689453e-24,5.78605019292e-24,5.99895270718e-24,5.21910256565e-24,6.18028145815e-24,6.15193413595e-24,6.44168077428e-24,7.12468561792e-24,7.53084958764e-24],"var":[2.92261506729e-06,5.46430692339e-06,3.18972411151e-06,2.94965980174e-06,2.30141154134e-06,2.09343761526e-06,5.8781830603e-07,1.34133779284e-06,8.24119723575e-08,5.86287818294e-08,5.36732258638e-08,4.50438690791e-08,3.9467515478e-08,1.20534018322e-08,1.82937380799e-08,2.14624265027e-08,2.24729781451e-08,2.27953265153e-08,6.80363365646e-09,9.75184599739e-10,3.65914354372e-10,4.41584047106e-10,3.73552438981e-10,3.91788441967e-11,5.17720311066e-11,1.84946016835e-11,1.0279106559e-11,2.95699367769e-11,8.3820823546e-12,9.12312846796e-12,2.70628528268e-12,4.91168249735e-13,2.00098574862e-12,6.42504712628e-13,3.32001976909e-13,2.89882294601e-13,1.41048387163e-13,2.74878210471e-13,2.27293512245e-13,4.29490129442e-13]},"melbands_crest":{"dmean":2.94545459747,"dmean2":4.80815219879,"dvar":6.67541313171,"dvar2":17.6490898132,"max":34.0384025574,"mean":14.368180275,"median":13.5214414597,"min":1.61995518208,"var":27.6440544128},"melbands_flatness_db":{"dmean":0.0256468225271,"dmean2":0.0399412922561,"dvar":0.000628298148513,"dvar2":0.00152381253429,"max":0.764642953873,"mean":0.277437120676,"median":0.265166312456,"min":0.00330770411529,"var":0.00753994751722},"melbands_kurtosis":{"dmean":5.13959026337,"dmean2":8.41407489777,"dvar":135.095230103,"dvar2":412.068725586,"max":597.489196777,"mean":11.0846338272,"median":6.80079936981,"min":-1.86124408245,"var":382.12979126},"melbands_skewness":{"dmean":0.577687799931,"dmean2":0.907589912415,"dvar":0.349014431238,"dvar2":0.911452889442,"max":19.6548538208,"mean":2.09356951714,"median":1.96357142925,"min":-2.37270665169,"var":1.96788883209},"melbands_spread":{"dmean":2.95850348473,"dmean2":4.65628957748,"dvar":15.2258491516,"dvar2":39.4620285034,"max":203.429321289,"mean":12.6524438858,"median":9.82773685455,"min":0.292815834284,"var":157.371643066},"mfcc":{"cov":[[7308.68457031,-283.26940918,-585.174926758,31.2226028442,-206.278137207,63.1378707886,-109.642776489,-59.5634422302,-74.2346954346,-4.86878585815,85.3404693604,60.6771697998,-52.0954742432],[-283.26940918,1495.73376465,49.3515968323,65.5916595459,47.7393226624,-38.677898407,12.2960147858,48.439907074,-10.239274025,-26.8711566925,-23.8039989471,-37.1720848083,-30.4454727173],[-585.174926758,49.3515968323,619.138122559,154.565765381,138.286834717,69.1205215454,129.162826538,101.786026001,82.6853561401,16.0333995819,-3.4498898983,15.5770406723,22.0895843506],[31.2226028442,65.5916595459,154.565765381,314.464996338,123.075897217,110.324775696,107.00113678,92.8827209473,54.582195282,25.7596588135,33.9380111694,18.6974658966,10.1192893982],[-206.278137207,47.7393226624,138.286834717,123.075897217,215.611755371,112.481933594,94.4638748169,74.4200363159,45.1804008484,14.3261213303,15.0099687576,10.5192136765,2.80334043503],[63.1378707886,-38.677898407,69.1205215454,110.324775696,112.481933594,207.512527466,126.339195251,73.845451355,36.9248085022,13.1380109787,29.2320308685,15.3018016815,9.66293811798],[-109.642776489,12.2960147858,129.162826538,107.00113678,94.4638748169,126.339195251,206.263778687,107.338096619,48.0273361206,8.06446456909,12.1736440659,26.9340267181,18.8029994965],[-59.5634422302,48.439907074,101.786026001,92.8827209473,74.4200363159,73.845451355,107.338096619,159.157806396,70.1066741943,9.37103271484,13.5633010864,19.6379871368,16.4640026093],[-74.2346954346,-10.239274025,82.6853561401,54.582195282,45.1804008484,36.9248085022,48.0273361206,70.1066741943,128.128158569,45.9754371643,-1.20414924622,6.76798295975,13.6447591782],[-4.86878585815,-26.8711566925,16.0333995819,25.7596588135,14.3261213303,13.1380109787,8.06446456909,9.37103271484,45.9754371643,111.2917099,40.2493400574,7.86961126328,11.827334404],[85.3404693604,-23.8039989471,-3.4498898983,33.9380111694,15.0099687576,29.2320308685,12.1736440659,13.5633010864,-1.20414924622,40.2493400574,113.491821289,47.4982643127,16.076675415],[60.6771697998,-37.1720848083,15.5770406723,18.6974658966,10.5192136765,15.3018016815,26.9340267181,19.6379871368,6.76798295975,7.86961126328,47.4982643127,118.69442749,42.6635932922],[-52.0954742432,-30.4454727173,22.0895843506,10.1192893982,2.80334043503,9.66293811798,18.8029994965,16.4640026093,13.6447591782,11.827334404,16.076675415,42.6635932922,98.0760726929]],"icov":[[0.000159712333698,2.0405926989e-05,0.000137924740557,-0.000120948607218,0.000192323394003,-0.000173271546373,0.000104535261926,-4.55019580841e-05,1.1600531252e-05,1.51544472828e-05,-3.58336474164e-05,-0.000117580253573,0.000125335995108],[2.0405926989e-05,0.000717936083674,2.53147500189e-05,-0.000181797047844,-0.000191373052076,0.000380221172236,-1.57943813974e-05,-0.000341995037161,0.000224285206059,8.87765418156e-05,3.39141188306e-05,0.000182219562703,0.000148474209709],[0.000137924740557,2.53147500189e-05,0.00229552178644,-0.000652305141557,-0.000760259048548,0.000591439078562,-0.000820331275463,-0.00010484555969,-0.000697034294717,0.000167055055499,0.000195719316253,-5.85859925195e-05,-0.000160030584084],[-0.000120948607218,-0.000181797047844,-0.000652305141557,0.00499314209446,-0.00138956517912,-0.000891542062163,-0.00047479668865,-0.000914674368687,-0.000274771562545,-0.000307203357806,-0.000855326361489,0.000170639264979,2.44379370997e-05],[0.000192323394003,-0.000191373052076,-0.000760259048548,-0.00138956517912,0.00817344710231,-0.0032049685251,-6.43521480015e-06,-0.000792375474703,-0.000343391409842,-0.000176630943315,0.000129402105813,-0.00031072285492,0.00075677834684],[-0.000173271546373,0.000380221172236,0.000591439078562,-0.000891542062163,-0.0032049685251,0.00997328199446,-0.00470839580521,0.000190815742826,-0.000391365581891,0.000517657259479,-0.0017785418313,0.00108603062108,-0.000224449060624],[0.000104535261926,-1.57943813974e-05,-0.000820331275463,-0.00047479668865,-6.43521480015e-06,-0.00470839580521,0.0108770718798,-0.00454490119591,0.000792778562754,-0.000325931236148,0.00140430382453,-0.00148835417349,-0.000227674099733],[-4.55019580841e-05,-0.000341995037161,-0.00010484555969,-0.000914674368687,-0.000792375474703,0.000190815742826,-0.00454490119591,0.0127736544237,-0.00546067534015,0.00235895533115,-0.00157603283878,2.38646207436e-05,-0.000558264320716],[1.1600531252e-05,0.000224285206059,-0.000697034294717,-0.000274771562545,-0.000343391409842,-0.000391365581891,0.000792778562754,-0.00546067534015,0.0135984858498,-0.00605585891753,0.00340907089412,-0.000595386663917,-0.000387207051972],[1.51544472828e-05,8.87765418156e-05,0.000167055055499,-0.000307203357806,-0.000176630943315,0.000517657259479,-0.000325931236148,0.00235895533115,-0.00605585891753,0.0133643290028,-0.00565070658922,0.00174108473584,-0.000950032728724],[-3.58336474164e-05,3.39141188306e-05,0.000195719316253,-0.000855326361489,0.000129402105813,-0.0017785418313,0.00140430382453,-0.00157603283878,0.00340907089412,-0.00565070658922,0.0137285282835,-0.0051609557122,0.000404341641115],[-0.000117580253573,0.000182219562703,-5.85859925195e-05,0.000170639264979,-0.00031072285492,0.00108603062108,-0.00148835417349,2.38646207436e-05,-0.000595386663917,0.00174108473584,-0.0051609557122,0.0123364496976,-0.00447464454919],[0.000125335995108,0.000148474209709,-0.000160030584084,2.44379370997e-05,0.00075677834684,-0.000224449060624,-0.000227674099733,-0.000558264320716,-0.000387207051972,-0.000950032728724,0.000404341641115,-0.00447464454919,0.0125288534909]],"mean":[-712.700439453,171.243865967,-7.20778369904,11.0557565689,-4.00898122787,-6.39035987854,-12.7734823227,-7.11911392212,-7.04173135757,-4.0182929039,-6.30690097809,-4.88694143295,-5.01644563675]},"pitch_salience":{"dmean":0.0641905367374,"dmean2":0.10440941155,"dvar":0.00314710848033,"dvar2":0.00827150139958,"max":0.853445649147,"mean":0.531698703766,"median":0.539540827274,"min":0.0790012404323,"var":0.013412149623},"silence_rate_20dB":{"dmean":0,"dmean2":0,"dvar":0,"dvar2":0,"max":1,"mean":1,"median":1,"min":1,"var":0},"silence_rate_30dB":{"dmean":0.00667749485001,"dmean2":0.0133561948314,"dvar":0.00663383025676,"dvar2":0.0158833749592,"max":1,"mean":0.988721489906,"median":1,"min":0,"var":0.0111534213647},"silence_rate_60dB":{"dmean":0.0189496483654,"dmean2":0.0378124713898,"dvar":0.0185940973461,"dvar2":0.0410785675049,"max":1,"mean":0.0764233544469,"median":0,"min":0,"var":0.0705867856741},"spectral_centroid":{"dmean":107.681182861,"dmean2":167.649551392,"dvar":25233.4140625,"dvar2":50454.7226562,"max":11388.9941406,"mean":750.89654541,"median":607.453613281,"min":91.4496459961,"var":575821.9375},"spectral_complexity":{"dmean":1.77711606026,"dmean2":2.93114328384,"dvar":2.89081192017,"dvar2":7.09130001068,"max":41,"mean":12.8447170258,"median":13,"min":0,"var":30.3469905853},"spectral_contrast_coeffs":{"dmean":[0.0507368482649,0.0423429533839,0.033855330199,0.029131360352,0.0221860520542,0.0169425215572],"dmean2":[0.0847461372614,0.0686226710677,0.0538934357464,0.0463688597083,0.0355195179582,0.0273689497262],"dvar":[0.0016768152127,0.00116642692592,0.000743012118619,0.000584305613302,0.0003586516832,0.000240957990172],"dvar2":[0.004591176752,0.0030817121733,0.00186179415323,0.00139833753929,0.000852269819006,0.00056488905102],"max":[-0.244548052549,-0.367890119553,-0.48033195734,-0.472780615091,-0.572383284569,-0.608386278152],"mean":[-0.57294857502,-0.685161292553,-0.728026270866,-0.747775197029,-0.770927846432,-0.773350119591],"median":[-0.572190523148,-0.687352597713,-0.731217801571,-0.754024684429,-0.773534715176,-0.771604299545],"min":[-0.970103263855,-0.972338080406,-0.974652588367,-0.970044255257,-0.966528952122,-0.965756833553],"var":[0.010309218429,0.00640481011942,0.00461576413363,0.00506642786786,0.00269620493054,0.00179909763392]},"spectral_contrast_valleys":{"dmean":[0.416698127985,0.295314610004,0.261944442987,0.246475532651,0.254685431719,0.337395310402],"dmean2":[0.699983596802,0.48526647687,0.430380493402,0.393107682467,0.398547321558,0.520500481129],"dvar":[0.138714522123,0.0935471355915,0.0863530337811,0.0889815911651,0.122991621494,0.220308050513],"dvar2":[0.326348692179,0.184000372887,0.162496268749,0.156887233257,0.229730576277,0.448502182961],"max":[-5.00764560699,-4.78359985352,-5.52384710312,-6.0452246666,-6.38994884491,-8.47417068481],"mean":[-8.03043365479,-6.81494617462,-7.78180265427,-8.5439863205,-8.93088626862,-11.728597641],"median":[-7.81522130966,-6.57133865356,-7.55063247681,-8.32561969757,-8.75352191925,-11.6113443375],"min":[-28.1488761902,-28.6600017548,-27.7490520477,-27.5780467987,-27.5508975983,-27.437871933],"var":[2.94526386261,2.82143568993,2.6755657196,2.5095410347,2.40090703964,2.1729824543]},"spectral_decrease":{"dmean":1.73814940219e-09,"dmean2":2.71703681776e-09,"dvar":7.00786505056e-18,"dvar2":1.79700471671e-17,"max":2.64043833642e-16,"mean":-5.99769389709e-09,"median":-4.46931291975e-09,"min":-5.77920538092e-08,"var":3.23817949496e-17},"spectral_energy":{"dmean":0.00678034732118,"dmean2":0.0105769895017,"dvar":0.000104497958091,"dvar2":0.000266888411716,"max":0.221318975091,"mean":0.0237055104226,"median":0.0178102962673,"min":1.02452151134e-20,"var":0.000496066291817},"spectral_energyband_high":{"dmean":5.08195953444e-05,"dmean2":8.05430245236e-05,"dvar":1.85677926368e-08,"dvar2":4.59380977702e-08,"max":0.00537794036791,"mean":0.000125526421471,"median":3.18377715303e-05,"min":7.2897335199e-21,"var":1.29728377374e-07},"spectral_energyband_low":{"dmean":0.00244927359745,"dmean2":0.00410380167887,"dvar":5.17524931638e-05,"dvar2":0.000147780796397,"max":0.18015691638,"mean":0.00450379448012,"median":0.00101797131356,"min":1.14948251493e-23,"var":0.000113310954475},"spectral_energyband_middle_high":{"dmean":0.00105291872751,"dmean2":0.00151032663416,"dvar":4.41548490926e-06,"dvar2":9.19572266866e-06,"max":0.0642329603434,"mean":0.00325205503032,"median":0.00175044464413,"min":1.21305966149e-21,"var":1.95391949092e-05},"spectral_energyband_middle_low":{"dmean":0.00518214423209,"dmean2":0.00803156755865,"dvar":5.91838834225e-05,"dvar2":0.000149875835632,"max":0.167652845383,"mean":0.0168053098023,"median":0.0120016550645,"min":1.28359293934e-22,"var":0.000272597331787},"spectral_entropy":{"dmean":0.193023040891,"dmean2":0.300391048193,"dvar":0.0449288263917,"dvar2":0.104698069394,"max":9.82032775879,"mean":6.72996520996,"median":6.76689338684,"min":3.98385667801,"var":0.352446705103},"spectral_flux":{"dmean":0.0165047701448,"dmean2":0.0269506052136,"dvar":0.000339295569574,"dvar2":0.000854522280861,"max":0.368647187948,"mean":0.0602514892817,"median":0.0530095733702,"min":6.52176576632e-11,"var":0.00134882947896},"spectral_kurtosis":{"dmean":5.32537126541,"dmean2":9.00505828857,"dvar":52.1771583557,"dvar2":140.314575195,"max":161.928817749,"mean":14.6469831467,"median":10.6077890396,"min":-1.24227011204,"var":193.721832275},"spectral_rms":{"dmean":0.000625978515018,"dmean2":0.000962494814303,"dvar":4.49101520417e-07,"dvar2":1.12334123514e-06,"max":0.0146942492574,"mean":0.00435928674415,"median":0.00416844058782,"min":3.16153938966e-12,"var":4.12391909776e-06},"spectral_rolloff":{"dmean":168.730209351,"dmean2":287.190032959,"dvar":218840.984375,"dvar2":568520.625,"max":21274.8046875,"mean":944.617370605,"median":667.529296875,"min":86.1328125,"var":2677402.25},"spectral_skewness":{"dmean":0.422717303038,"dmean2":0.706230700016,"dvar":0.21963083744,"dvar2":0.584204077721,"max":9.88218975067,"mean":2.70747327805,"median":2.47159910202,"min":-0.0859502628446,"var":1.13333082199},"spectral_spread":{"dmean":481384.5,"dmean2":778301.75,"dvar":608406274048,"dvar2":1319026294780.0,"max":42898900,"mean":3186124.75,"median":2794060.5,"min":470513.78125,"var":7791385247740.0},"spectral_strongpeak":{"dmean":0.481121301651,"dmean2":0.790225744247,"dvar":0.580661594868,"dvar2":1.37119078636,"max":15.6912879944,"mean":1.16952323914,"median":0.781220912933,"min":5.72091651829e-10,"var":1.64136815071},"zerocrossingrate":{"dmean":0.00467854691669,"dmean2":0.00606172019616,"dvar":3.92371039197e-05,"dvar2":5.3607585869e-05,"max":0.75439453125,"mean":0.0381647124887,"median":0.03076171875,"min":0.0029296875,"var":0.00214445986785}},"metadata":{"audio_properties":{"analysis_sample_rate":44100,"bit_rate":261444,"codec":"mp3","downmix":"mix","equal_loudness":0,"length":257.306121826,"lossless":false,"md5_encoded":"a6087abc062cf682c94d1a5cc58aba97","replay_gain":-8.87542152405,"sample_rate":44100},"tags":{"acoustid_id":["c4b60b9f-c107-4f76-a75f-364665a8ab4b"],"album":["Journey"],"albumartist":["Austin Wintory"],"albumartistsort":["Wintory, Austin"],"artist":["Austin Wintory"],"artistsort":["Wintory, Austin"],"artistwebpage":["http://austinwintory.com/"],"date":["2012"],"discnumber":["1/1"],"file_name":"07 The Road of Trials.mp3","media":["Digital Media"],"musicbrainz album release country":["XW"],"musicbrainz album status":["official"],"musicbrainz album type":["album/soundtrack"],"musicbrainz_albumartistid":["78f15956-c5e1-46d6-a46b-fa6f46681ec8"],"musicbrainz_albumid":["1f3abcda-15a7-4465-92c6-9926cdc4f247"],"musicbrainz_artistid":["78f15956-c5e1-46d6-a46b-fa6f46681ec8"],"musicbrainz_recordingid":["607be73d-ec42-4cec-85e2-e4bc6a824f30"],"musicbrainz_releasegroupid":["d1850227-c7c7-42c8-b469-6e99023412de"],"originaldate":["2012"],"script":["Latn"],"title":["The Road of Trials"],"tracknumber":["7/18"]},"version":{"essentia":"2.1-beta2","essentia_build_sha":"26c37b627ab5a2028d412893e0969599b764ad4d","essentia_git_sha":"v2.1_beta2","extractor":"music 1.0"}},"rhythm":{"beats_count":639,"beats_loudness":{"dmean":0.013067221269,"dmean2":0.0217547323555,"dvar":0.000223275375902,"dvar2":0.000580333347898,"max":0.164165273309,"mean":0.0270256679505,"median":0.0209064781666,"min":0,"var":0.000555590027943},"beats_loudness_band_ratio":{"dmean":[0.137400940061,0.179536491632,0.142186746001,0.0852416306734,0.0327280052006,0.0106867449358],"dmean2":[0.232654109597,0.304963558912,0.239672333002,0.146622940898,0.0562277920544,0.0165270213038],"dvar":[0.0241051353514,0.0227122716606,0.0170483142138,0.0136547535658,0.00313663