{"lowlevel":{"average_loudness":0.664376974106,"barkbands":{"dmean":[0.000142813441926,0.00321036460809,0.00305592175573,0.00100941967685,0.00141646235716,0.000543605361599,0.000388107961044,0.000320672173984,0.000249244243605,0.000235207364312,0.000234879044001,0.000332472875016,0.000349851092324,0.000358280085493,0.000228212651564,0.000296251790132,0.000364499253919,0.000166270270711,0.000174491069629,0.000204439973459,0.000111654073407,8.25535389595e-05,6.02213440288e-05,7.69655016484e-05,5.5849475757e-05,2.71229491773e-05,6.18083959125e-06],"dmean2":[0.000233252474573,0.00514663988724,0.00482663698494,0.00165567896329,0.00230467272922,0.000888963462785,0.000643235689495,0.000516299507581,0.000403479498345,0.000378582044505,0.000382227794034,0.000532719946932,0.000558557105251,0.000584295135923,0.000373202667106,0.000476237211842,0.0005933502689,0.000277682353044,0.000291799020488,0.000348531815689,0.000191592014744,0.000138167713885,9.61860569078e-05,0.000113713736937,8.16355604911e-05,3.92819274566e-05,8.79500930751e-06],"dvar":[1.23104229033e-07,5.01048343722e-05,2.59435892076e-05,3.42994576386e-06,1.01160030681e-05,1.08499227736e-06,9.76503770289e-07,8.43026953135e-07,5.14090970682e-07,5.78099502491e-07,5.12329563662e-07,8.21274682039e-07,9.74467866399e-07,9.30814508138e-07,3.26673330164e-07,4.11357149233e-07,5.50024196855e-07,1.28922721387e-07,1.40895707545e-07,1.75174918127e-07,7.56233262678e-08,4.83834021736e-08,2.84894738911e-08,6.49583782319e-08,3.41719541552e-08,1.10667697228e-08,1.18495846468e-09],"dvar2":[3.10496233169e-07,0.000130525746499,6.60045043333e-05,9.18748446566e-06,2.64692807832e-05,2.88918863589e-06,2.52557833846e-06,2.08817641578e-06,1.25166059206e-06,1.41228258599e-06,1.25520796246e-06,1.94804988496e-06,2.25011262955e-06,2.34946060118e-06,7.76282092829e-07,1.02010801584e-06,1.39455244152e-06,3.32884980025e-07,3.65984419659e-07,4.94499488468e-07,2.03927470466e-07,1.23531762597e-07,6.68260042858e-08,1.21312083934e-07,6.4985663073e-08,2.00989553889e-08,1.88033189019e-09],"max":[0.00527445646003,0.0912699103355,0.0816150903702,0.0411805808544,0.0492317788303,0.0196336042136,0.0254218876362,0.0430187806487,0.01616833359,0.0230179931968,0.0326380357146,0.0259315632284,0.0213533602655,0.0272364243865,0.0164158828557,0.0191243868321,0.0154674584046,0.00830455310643,0.00682767946273,0.00700021348894,0.00730986660346,0.00726937223226,0.00487923715264,0.00734732206911,0.00674457941204,0.0043862038292,0.00199568737298],"mean":[0.000186988720088,0.0057958024554,0.00589067488909,0.00167150213383,0.00270331394859,0.00109609949868,0.000634888361674,0.000541065062862,0.000416709168348,0.000397133873776,0.000396330869989,0.000600032042712,0.000598539423663,0.000631653005257,0.000447246740805,0.000626515771728,0.000807877047919,0.000348201778252,0.000395199109334,0.000509840087034,0.000254062208114,0.000166615966009,0.000126451370306,0.000170726008946,0.000120137985505,4.99658053741e-05,9.97719871521e-06],"median":[4.1747596697e-05,0.00288480659947,0.00244636950083,0.000691537803505,0.00114356225822,0.000482746458147,0.000243512826273,0.000130766464281,0.000105465587694,8.36267645354e-05,0.00010193142225,0.00013672906789,0.000119527510833,0.000197271452635,0.00018691358855,0.000261285225861,0.00028908305103,0.000205297023058,0.000192882609554,0.000289662420982,0.000145959493238,5.99508166488e-05,4.13774105255e-05,4.35485708294e-05,2.83884437522e-05,8.67963080964e-06,7.40858240533e-07],"min":[1.66919378228e-24,1.60582987113e-23,5.9984143885e-23,2.27250284856e-23,4.28744860691e-23,1.76283023066e-23,8.10710711465e-23,8.01888911516e-23,1.20343381664e-22,9.33538121456e-23,1.37406304205e-22,2.16974992912e-22,6.59701529625e-23,1.85397812266e-22,3.41929954454e-22,6.25277722313e-23,1.64521977872e-22,1.89221048731e-22,1.50210602169e-22,1.8541192341e-22,4.32798980966e-22,3.171815577e-22,5.09319498515e-22,9.96882490942e-22,1.31174941715e-21,1.66149252769e-21,2.49170307294e-21],"var":[1.51531153847e-07,7.23152770661e-05,6.17712066742e-05,6.28926409263e-06,1.78858917934e-05,2.55914233094e-06,1.72390775788e-06,1.83690747235e-06,1.1233744317e-06,1.24775749555e-06,8.59297756506e-07,2.15838531403e-06,2.40165604737e-06,1.91742697098e-06,8.28349868698e-07,1.09589097974e-06,1.80859501597e-06,2.87205523364e-07,3.34544949965e-07,4.09466110796e-07,1.50132208887e-07,1.09037713969e-07,7.3865052741e-08,2.14237289242e-07,1.06764176167e-07,2.85394268218e-08,3.49968765079e-09]},"barkbands_crest":{"dmean":2.25703954697,"dmean2":3.66992402077,"dvar":4.31423807144,"dvar2":11.1454772949,"max":25.5889072418,"mean":9.44425964355,"median":8.88940906525,"min":2.60037183762,"var":12.4432640076},"barkbands_flatness_db":{"dmean":0.0207373127341,"dmean2":0.030989266932,"dvar":0.000485676951939,"dvar2":0.000998047878966,"max":0.582157969475,"mean":0.166070997715,"median":0.113268300891,"min":0.0242114756256,"var":0.0137777272612},"barkbands_kurtosis":{"dmean":2.78388953209,"dmean2":4.30911445618,"dvar":35.2245597839,"dvar2":80.0247268677,"max":421.791503906,"mean":4.69742631912,"median":1.46770513058,"min":-1.94137406349,"var":123.458152771},"barkbands_skewness":{"dmean":0.497045964003,"dmean2":0.750990271568,"dvar":0.268254995346,"dvar2":0.596029043198,"max":16.119468689,"mean":1.53140997887,"median":1.34692716599,"min":-2.52894449234,"var":1.36553955078},"barkbands_spread":{"dmean":5.34360980988,"dmean2":8.17219829559,"dvar":59.615901947,"dvar2":119.31211853,"max":118.790115356,"mean":25.2327251434,"median":26.2157459259,"min":0.37270078063,"var":360.397003174},"dissonance":{"dmean":0.0182767603546,"dmean2":0.0298639778048,"dvar":0.000642915256321,"dvar2":0.00163876451552,"max":0.500000119209,"mean":0.453718036413,"median":0.480396926403,"min":0.170246839523,"var":0.00366916763596},"dynamic_complexity":6.77360296249,"erbbands":{"dmean":[0.0761756077409,0.834849894047,3.23814320564,3.12616205215,4.02534389496,5.4225564003,3.85851621628,4.79876613617,5.9960398674,5.71242237091,6.50798988342,5.51161336899,7.12138557434,5.92987537384,10.6548337936,13.4043731689,14.5859699249,16.9756526947,12.9460754395,11.0021400452,16.8355083466,18.7018241882,9.70410060883,8.80581378937,8.33327865601,10.2838115692,5.76322460175,3.9686870575,2.96590566635,2.114153862,1.7233120203,1.62593090534,1.3060362339,0.747679114342,0.357375115156,0.140539735556,0.0487885139883,0.00949636474252,0.00122364587151,3.72520698875e-05],"dmean2":[0.120078876615,1.35868239403,5.0833158493,5.08317422867,6.41683530807,8.98326969147,6.27721357346,7.91717624664,9.91259098053,9.2778339386,10.5216798782,8.87778759003,11.5282917023,9.43258285522,16.9816570282,21.5815601349,23.2021694183,27.2942199707,20.6573181152,17.8573074341,27.1427211761,30.3274669647,16.1181411743,14.6628046036,13.9154748917,17.5677890778,9.91970443726,6.71486473083,4.94121170044,3.5421192646,2.75877118111,2.48639559746,1.9189991951,1.09377801418,0.530875146389,0.206249266863,0.0711567476392,0.0136146191508,0.001742722583,5.27494012204e-05],"dvar":[0.034699857235,3.31258821487,30.6670303345,28.6960029602,64.5597381592,213.410919189,53.1789703369,111.113121033,204.672332764,273.441802979,340.927032471,262.290039063,548.720214844,359.682922363,1007.94122314,1352.65148926,1707.35852051,1914.57678223,1256.05126953,660.800415039,1309.25305176,1457.3927002,445.525695801,334.298095703,349.676422119,445.555633545,154.849884033,115.548789978,66.8565826416,31.3982028961,26.6164226532,29.411447525,21.097360611,6.3579993248,1.39132559299,0.29321116209,0.03414298594,0.00193945853971,5.55479309696e-05,4.82842708038e-08],"dvar2":[0.0811864435673,8.9436340332,78.1668624878,76.6554260254,161.117935181,570.96081543,137.822814941,294.663208008,519.885192871,737.898742676,830.703857422,642.907348633,1418.51745605,841.569396973,2389.00805664,3322.89379883,3999.86279297,4803.09130859,3020.99389648,1570.61950684,3352.67773438,3696.94018555,1171.16577148,850.506958008,936.166809082,1267.31396484,434.762207031,288.477478027,169.543365479,80.3657455444,62.1392860413,61.3590698242,39.4739875793,11.7875814438,2.82468509674,0.567688286304,0.0652579665184,0.00342631107196,9.28850058699e-05,8.13895013607e-08],"max":[2.59604382515,22.0686817169,90.6995239258,107.348815918,199.270843506,217.028640747,173.848007202,250.905532837,300.110229492,519.312805176,680.742492676,386.790679932,625.91809082,830.935546875,1379.7923584,1221.22705078,1018.94403076,999.491821289,906.097290039,727.533874512,1208.73388672,808.730651855,472.01385498,470.611114502,373.352081299,321.108917236,248.542663574,399.564819336,338.999328613,160.832519531,159.0050354,166.473571777,150.307022095,92.0281906128,43.5618515015,27.1175765991,6.82052755356,2.48330664635,0.466329485178,0.0184211172163],"mean":[0.130259305239,1.4729309082,6.5674033165,6.11681747437,8.18601894379,8.55097103119,7.7498588562,8.97156524658,10.2070226669,9.81042575836,11.1427497864,9.66253662109,12.0858669281,11.3269491196,19.1065235138,25.7591362,27.3813285828,32.2085762024,27.4682121277,24.6094112396,40.033405304,43.7976913452,22.0805835724,20.4073448181,19.7850341797,25.1802616119,14.2761077881,8.56845188141,6.05972337723,4.16125822067,3.62024402618,3.47213149071,2.77735900879,1.61306762695,0.72298926115,0.259274750948,0.0869463607669,0.0169301684946,0.00189786101691,8.00778798293e-05],"median":[0.0486684627831,0.734670877457,2.76741957664,3.39915084839,3.32956242561,3.27663779259,3.58666419983,3.68641662598,4.06250238419,3.18665838242,2.89509749413,2.61591172218,2.82363533974,3.38393545151,4.84885883331,6.28038311005,6.35633707047,9.64507865906,11.5342550278,11.6006088257,15.6946353912,17.7942428589,13.4839134216,11.4245386124,9.66487121582,13.6244859695,8.70176124573,4.32222175598,2.2191734314,1.53190505505,1.17435240746,0.933873713017,0.643020570278,0.38306620717,0.160618677735,0.0492874570191,0.0134777668864,0.00255767651834,0.000123408972286,4.11907421949e-05],"min":[6.80712997607e-22,3.47383787868e-21,4.42828879108e-20,9.98407322469e-20,4.44197669152e-20,2.3208863021e-19,1.30458803233e-19,1.48717173819e-19,6.51337162069e-19,2.06837380709e-18,2.18358517716e-18,2.3545623758e-18,2.4557315278e-18,3.75832902754e-18,4.85292265647e-18,1.01352455223e-17,4.54053417583e-18,8.84387844691e-18,1.23945239293e-17,1.40049006525e-17,4.7557884915e-18,9.49311679327e-18,1.03999077495e-17,7.33552618045e-18,8.05364799232e-18,1.02021288651e-17,1.38376546589e-17,1.80814088386e-17,1.13510297963e-17,1.31511212202e-17,1.58945434767e-17,1.87443692841e-17,1.52300924517e-17,1.2166541372e-17,1.07087794718e-17,6.07722854521e-18,2.67279426709e-18,1.25796004215e-18,3.60558464736e-19,3.99137716141e-20],"var":[0.0540544651449,4.53315210342,77.6729202271,61.4758987427,165.1068573,261.327087402,134.065994263,233.094284058,422.343322754,458.984680176,691.482055664,579.163085938,1120.83630371,801.48223877,2081.48461914,3556.3347168,4217.13720703,4614.22851563,3278.75317383,1863.63220215,4075.82568359,4850.46630859,1004.26123047,855.286376953,829.273254395,1003.52923584,342.065979004,255.954071045,152.992904663,63.9212760925,66.5104904175,83.4251174927,65.4034881592,20.86353302,3.70171427727,0.70450347662,0.0813528597355,0.00517778098583,0.000150929539814,1.21521594565e-07]},"erbbands_crest":{"dmean":2.21379780769,"dmean2":3.61039829254,"dvar":4.72896814346,"dvar2":12.0417556763,"max":28.6024227142,"mean":8.59739208221,"median":7.78435516357,"min":2.24967622757,"var":16.5511054993},"erbbands_flatness_db":{"dmean":0.0147406067699,"dmean2":0.021729355678,"dvar":0.000281108659692,"dvar2":0.000556084269192,"max":0.417613357306,"mean":0.169467046857,"median":0.139356985688,"min":0.0348706394434,"var":0.00657621631399},"erbbands_kurtosis":{"dmean":1.11014866829,"dmean2":1.74308407307,"dvar":4.40216207504,"dvar2":10.3015375137,"max":107.103973389,"mean":1.4725035429,"median":0.161681115627,"min":-1.8393330574,"var":25.406085968},"erbbands_skewness":{"dmean":0.323315858841,"dmean2":0.492587208748,"dvar":0.126368299127,"dvar2":0.271118998528,"max":8.37958431244,"mean":0.128803282976,"median":-0.165697708726,"min":-3.39055919647,"var":1.20529770851},"erbbands_spread":{"dmean":7.42876148224,"dmean2":11.3884935379,"dvar":87.1077651978,"dvar2":192.692993164,"max":157.775985718,"mean":37.5079116821,"median":36.3761901855,"min":1.83825910091,"var":441.003051758},"gfcc":{"cov":[[29506.8320313,-8462.77246094,-3910.04199219,3502.92382813,-689.456787109,2100.64941406,-229.012420654,1661.27539063,-334.734588623,907.731506348,-681.749389648,442.188354492,-128.602401733],[-8462.77246094,4242.09375,820.824401855,-1183.97949219,579.366455078,-734.713317871,436.097991943,-580.402709961,168.845916748,-341.789794922,314.995880127,-214.077804565,126.31918335],[-3910.04199219,820.824401855,1186.01074219,-461.959869385,87.0818634033,-204.367980957,18.6283531189,-152.45425415,34.3655281067,-86.8179321289,90.943901062,-22.426858902,11.1168851852],[3502.92382813,-1183.97949219,-461.959869385,1051.2800293,26.262046814,216.183563232,41.6672782898,208.314743042,37.8823165894,82.5219955444,-109.284751892,24.4689979553,32.9868965149],[-689.456787109,579.366455078,87.0818634033,26.262046814,391.364929199,-84.3776016235,121.840248108,-32.0111885071,49.9809150696,-39.91929245,17.7220306396,-36.1351852417,46.4644088745],[2100.64941406,-734.713317871,-204.367980957,216.183563232,-84.3776016235,317.251861572,-6.84376621246,152.130508423,-33.6823234558,99.4854125977,-33.1357383728,48.3588256836,-22.7473335266],[-229.012420654,436.097991943,18.6283531189,41.6672782898,121.840248108,-6.84376621246,284.174957275,-22.003320694,15.8826770782,-29.5678215027,30.6796607971,-34.5852546692,33.3157653809],[1661.27539063,-580.402709961,-152.45425415,208.314743042,-32.0111885071,152.130508423,-22.003320694,227.817428589,-7.8293671608,70.9343566895,-37.9729347229,41.481388092,-9.28038692474],[-334.734588623,168.845916748,34.3655281067,37.8823165894,49.9809150696,-33.6823234558,15.8826770782,-7.8293671608,110.712646484,2.9738817215,15.273897171,-18.9600391388,10.804901123],[907.731506348,-341.789794922,-86.8179321289,82.5219955444,-39.91929245,99.4854125977,-29.5678215027,70.9343566895,2.9738817215,125.833816528,0.167319446802,22.2317256927,-21.7900543213],[-681.749389648,314.995880127,90.943901062,-109.284751892,17.7220306396,-33.1357383728,30.6796607971,-37.9729347229,15.273897171,0.167319446802,95.4631500244,1.26986908913,-2.5711915493],[442.188354492,-214.077804565,-22.426858902,24.4689979553,-36.1351852417,48.3588256836,-34.5852546692,41.481388092,-18.9600391388,22.2317256927,1.26986908913,79.6542892456,13.0574979782],[-128.602401733,126.31918335,11.1168851852,32.9868965149,46.4644088745,-22.7473335266,33.3157653809,-9.28038692474,10.804901123,-21.7900543213,-2.5711915493,13.0574979782,75.1762008667]],"icov":[[0.000208195429877,0.000180218135938,0.000371835049009,-0.000145422207424,-8.82211897988e-05,-0.000357972749043,-0.000174500470166,-0.000336274271831,0.000185649638297,-0.000242345733568,0.000157721122378,-0.000132072658744,-2.44053080678e-05],[0.000180218135938,0.00168993102852,0.00044636905659,0.00105135643389,-0.00111718766857,0.000823309237603,-0.00139542412944,0.000529815035407,-0.000898223661352,0.000841901579406,-0.00226967432536,0.00126592663582,-0.00135958811734],[0.000371835049009,0.00044636905659,0.00178566901013,0.000208201250643,-0.000389052322134,-0.00030209106626,-0.00039204856148,-0.000449742306955,-6.03092703386e-05,-6.94355621818e-05,-0.00035635655513,-0.000316122896038,-0.000170825369423],[-0.000145422207424,0.00105135643389,0.000208201250643,0.00256501906551,-0.000887321541086,0.000635055126622,-0.0011110319756,0.00016717640392,-0.00177079357672,0.000769052072428,-0.000739899929613,0.00119604496285,-0.00167370145209],[-8.82211897988e-05,-0.00111718766857,-0.000389052322134,-0.000887321541086,0.00417166715488,9.10718372324e-05,-0.000200216847588,-0.00075777224265,-0.000169129751157,-0.000520446919836,0.00144772219937,-4.90282945975e-05,-0.000450983236078],[-0.000357972749043,0.000823309237603,-0.00030209106626,0.000635055126622,9.10718372324e-05,0.00772831169888,-0.00164640706498,-0.00104859145358,0.000166643469129,-0.0015757138608,-0.00149361067452,-0.000428331084549,0.000195246524527],[-0.000174500470166,-0.00139542412944,-0.00039204856148,-0.0011110319756,-0.000200216847588,-0.00164640706498,0.00601053237915,-0.000291699107038,0.0011786443647,0.000314551027259,-0.00035284581827,0.00145330303349,-0.000825131428428],[-0.000336274271831,0.000529815035407,-0.000449742306955,0.00016717640392,-0.00075777224265,-0.00104859145358,-0.000291699107038,0.00873361062258,-0.00130477466155,-0.000653668190353,4.69518417958e-05,-0.00141986366361,0.000132421570015],[0.000185649638297,-0.000898223661352,-6.03092703386e-05,-0.00177079357672,-0.000169129751157,0.000166643469129,0.0011786443647,-0.00130477466155,0.0119544593617,-0.00254788692109,-0.000439171592006,0.00177329941653,-0.000695368158631],[-0.000242345733568,0.000841901579406,-6.94355621818e-05,0.000769052072428,-0.000520446919836,-0.0015757138608,0.000314551027259,-0.000653668190353,-0.00254788692109,0.0132762435824,-0.00394837418571,4.84576485178e-05,0.00153927493375],[0.000157721122378,-0.00226967432536,-0.00035635655513,-0.000739899929613,0.00144772219937,-0.00149361067452,-0.00035284581827,4.69518417958e-05,-0.000439171592006,-0.00394837418571,0.018177697435,-0.00536961853504,0.00374939385802],[-0.000132072658744,0.00126592663582,-0.000316122896038,0.00119604496285,-4.90282945975e-05,-0.000428331084549,0.00145330303349,-0.00141986366361,0.00177329941653,4.84576485178e-05,-0.00536961853504,0.0195774119347,-0.00757471192628],[-2.44053080678e-05,-0.00135958811734,-0.000170825369423,-0.00167370145209,-0.000450983236078,0.000195246524527,-0.000825131428428,0.000132421570015,-0.000695368158631,0.00153927493375,0.00374939385802,-0.00757471192628,0.0190143827349]],"mean":[-65.4700088501,106.829650879,-97.2153015137,34.7055702209,-41.4486274719,7.609790802,-39.817741394,2.8439245224,-25.9273853302,1.33007466793,-13.3127660751,-3.1346590519,-11.9563236237]},"hfc":{"dmean":4.82823181152,"dmean2":7.66625738144,"dvar":101.851348877,"dvar2":251.074249268,"max":236.676071167,"mean":21.6604270935,"median":14.8724679947,"min":1.16149578181e-16,"var":564.401428223},"melbands":{"dmean":[0.000759105896577,0.00142338732257,0.000524408533238,0.000348823261447,0.000147411148646,0.000107316591311,8.59478386701e-05,6.37551493128e-05,5.37314554094e-05,3.40796577802e-05,3.66925887647e-05,2.49651802733e-05,3.26146255247e-05,3.4001928725e-05,3.89537599403e-05,3.51085436705e-05,3.4394000977e-05,2.41266352532e-05,1.67127582245e-05,1.83117845154e-05,2.23119168368e-05,2.29556208069e-05,1.31785409394e-05,7.80044319981e-06,7.90321337263e-06,6.85389341015e-06,6.78463993609e-06,7.73772353568e-06,4.36860045738e-06,2.84232282866e-06,2.39590485762e-06,1.99282430913e-06,1.31522187985e-06,1.19632568385e-06,1.08208780603e-06,1.07630989987e-06,1.05187075405e-06,1.02251260614e-06,8.49867205943e-07,6.2309192117e-07],"dmean2":[0.00120534247253,0.00224637263454,0.000846150680445,0.000570012722164,0.00024046751787,0.000176062691025,0.000142054239404,0.000103310456325,8.69164141477e-05,5.48740463273e-05,5.95020137553e-05,3.95316055801e-05,5.23939961568e-05,5.44481954421e-05,6.15581739112e-05,5.61288106837e-05,5.58721621928e-05,3.86906976928e-05,2.73981277132e-05,2.96314101433e-05,3.61557213182e-05,3.72188151232e-05,2.1865735107e-05,1.30994003484e-05,1.32278146339e-05,1.14861613838e-05,1.14786826089e-05,1.32938348543e-05,7.52891082811e-06,4.9003060667e-06,4.00369481213e-06,3.33237539962e-06,2.22766584557e-06,2.0070001483e-06,1.76163632659e-06,1.68597284755e-06,1.61419688993e-06,1.54316501266e-06,1.25713256693e-06,9.31497424972e-07],"dvar":[3.12870452035e-06,6.3793481786e-06,7.86069392689e-07,6.47374747587e-07,8.80439046114e-08,4.91169380723e-08,4.23097148428e-08,3.46019639608e-08,2.22510543324e-08,9.99640636934e-09,1.45541809715e-08,6.48290265914e-09,1.01450829959e-08,9.53855927577e-09,1.28433219615e-08,1.02773487498e-08,8.0123649937e-09,5.24959897774e-09,1.90943616474e-09,1.72004321897e-09,2.33324515264e-09,2.26415775018e-09,8.23693446783e-10,3.16912607268e-10,2.68049665797e-10,2.65684141354e-10,1.96349075887e-10,2.41172415372e-10,7.71606042949e-11,5.88547752201e-11,3.96148357173e-11,3.08770405077e-11,1.30191283101e-11,9.3416385738e-12,9.35625708853e-12,1.56943850277e-11,1.15425429631e-11,1.20739737652e-11,1.10000246759e-11,3.91487493465e-12],"dvar2":[7.84866188042e-06,1.64899975061e-05,2.09161225939e-06,1.71718238562e-06,2.23920594067e-07,1.29965485485e-07,1.07922780046e-07,9.22002314496e-08,5.43968390332e-08,2.44156890261e-08,3.75775499606e-08,1.49773651259e-08,2.40496049742e-08,2.24963940809e-08,3.07273992917e-08,2.39118396195e-08,2.02888070788e-08,1.27212791412e-08,4.44348691175e-09,4.14507050905e-09,5.96452531809e-09,5.65674085351e-09,2.17817563986e-09,8.17395151564e-10,6.85722090221e-10,6.98413604727e-10,5.35083422015e-10,6.88790746661e-10,2.15946774351e-10,1.63555613497e-10,9.26262400114e-11,7.99810079277e-11,3.34519183187e-11,2.36553849425e-11,2.2838828051e-11,3.54323966001e-11,2.44015797152e-11,2.40069613494e-11,2.11846564596e-11,7.65978860201e-12],"max":[0.0229594577104,0.041642524302,0.0169336404651,0.0125992437825,0.00816846173257,0.00484356982633,0.00449032522738,0.00654734252021,0.00444576656446,0.00240071746521,0.00318231107667,0.00371386669576,0.00477835489437,0.00292822951451,0.00311417784542,0.0025045867078,0.00195867335424,0.00193583522923,0.00140833226033,0.00101001875009,0.00155157642439,0.00115718261804,0.0010011731647,0.000430005748058,0.000453540880699,0.000316047342494,0.000391989626223,0.000250244978815,0.000275877740933,0.000190695733181,0.000278386520222,0.000200712223887,0.000146358404891,7.46369551052e-05,9.46504151216e-05,0.000173073742189,9.14441552595e-05,0.000115633753012,0.000101034456748,9.3533009931e-05],"mean":[0.00136048707645,0.00296692270786,0.00115084985737,0.000637333025225,0.000285728601739,0.000208174198633,0.00014700331667,0.000109396351036,9.06950735953e-05,5.81382992095e-05,6.0534421209e-05,4.47749298473e-05,5.64842084714e-05,6.30501162959e-05,6.80400335114e-05,6.05499953963e-05,6.04344313615e-05,4.62816642539e-05,3.27936322719e-05,3.69621229765e-05,4.92551880598e-05,4.96371285408e-05,2.72396609944e-05,1.54990411829e-05,1.6742364096e-05,1.37778770295e-05,1.54013978317e-05,1.72947129613e-05,9.97322422336e-06,5.66092876397e-06,4.78056381326e-06,3.74611636289e-06,2.45051455749e-06,2.23533425014e-06,2.10309326576e-06,2.07485459214e-06,2.1117077722e-06,2.03039917324e-06,1.65305357314e-06,1.27402290673e-06],"median":[0.000663497135974,0.00142902543303,0.000680477998685,0.000252869620454,0.000133916124469,8.86263733264e-05,5.87686336075e-05,3.18923812301e-05,2.21348054765e-05,1.52984302986e-05,1.30853813971e-05,1.20195118143e-05,1.46046368172e-05,1.63258446264e-05,1.33889980134e-05,1.21711909742e-05,1.7342654246e-05,1.781094943e-05,1.32984523589e-05,1.62475644174e-05,1.63932618307e-05,1.66969166457e-05,1.47271939568e-05,8.63715376909e-06,8.56636142998e-06,5.88631746723e-06,7.79640868132e-06,8.69113955559e-06,5.71383952774e-06,3.09061283588e-06,2.05316041502e-06,1.25858946376e-06,8.73504347965e-07,7.58710200444e-07,6.63753382923e-07,5.49312119347e-07,5.53848678919e-07,4.58563903294e-07,3.4818867789e-07,2.99058257269e-07],"min":[4.7432561456e-24,1.77911815732e-23,1.54868778483e-23,8.65043332763e-24,6.70165659092e-24,3.40587737601e-24,1.27506357013e-23,2.19763868648e-23,2.19352651235e-23,1.29741381395e-23,1.24831369126e-23,1.53813219482e-23,1.69855053089e-23,2.15314267158e-23,1.89037499731e-23,9.18557842193e-24,1.71380378758e-23,1.67880518466e-23,2.5448887883e-23,1.05610205191e-23,4.79453171e-24,1.02762022892e-23,8.47703854522e-24,9.5901331154e-24,5.35035560964e-24,6.45929722159e-24,5.34166591234e-24,7.17800867081e-24,7.00190494005e-24,1.08677130729e-23,1.00607383436e-23,6.84543595722e-24,5.22275814709e-24,7.79044004572e-24,7.69584063483e-24,1.20190098102e-23,1.15368043823e-23,1.09214589553e-23,1.06904197399e-23,1.00652679829e-23],"var":[4.56811676486e-06,1.48459439515e-05,1.94946073862e-06,1.07482640033e-06,1.84934663139e-07,1.07198701471e-07,8.4837608938e-08,6.63751720253e-08,4.61657947426e-08,2.26619931709e-08,2.95883157975e-08,1.40607552268e-08,1.85097395189e-08,2.31729604394e-08,3.22343929327e-08,2.70305360317e-08,1.75640799682e-08,1.16432943287e-08,4.88840967705e-09,4.11900202835e-09,7.09397030008e-09,7.34944194392e-09,1.77917502953e-09,6.48176290419e-10,6.27762675176e-10,5.19974285851e-10,4.67945349136e-10,4.97257957033e-10,1.70660499621e-10,8.70378977225e-11,9.86670675718e-11,6.48345682697e-11,2.44595281529e-11,1.91237008867e-11,2.11499481123e-11,3.34321008377e-11,3.20074730609e-11,3.42567120504e-11,2.92615445763e-11,1.2851970356e-11]},"melbands_crest":{"dmean":3.03036355972,"dmean2":4.88310718536,"dvar":6.85207080841,"dvar2":17.3203544617,"max":30.8800582886,"mean":15.3467683792,"median":14.6226606369,"min":2.21773219109,"var":28.6619777679},"melbands_flatness_db":{"dmean":0.0267396606505,"dmean2":0.0393606908619,"dvar":0.000808873854112,"dvar2":0.0016085060779,"max":0.740584611893,"mean":0.249982744455,"median":0.190020576119,"min":0.00812682881951,"var":0.0209964811802},"melbands_kurtosis":{"dmean":6.5893702507,"dmean2":10.1697683334,"dvar":120.418060303,"dvar2":277.528961182,"max":607.883850098,"mean":14.6705446243,"median":8.40226745605,"min":-1.86675667763,"var":478.886230469},"melbands_skewness":{"dmean":0.6774995327,"dmean2":1.03410375118,"dvar":0.478356331587,"dvar2":1.0970634222,"max":17.7226696014,"mean":2.8402428627,"median":2.54144668579,"min":-1.4871532917,"var":2.43960762024},"melbands_spread":{"dmean":7.06589412689,"dmean2":10.5999183655,"dvar":128.572265625,"dvar2":238.207138062,"max":226.531860352,"mean":24.0495643616,"median":19.881444931,"min":0.355661988258,"var":552.25567627},"mfcc":{"cov":[[24726.1152344,-5187.69238281,-4001.84448242,1213.55993652,276.366119385,289.595184326,630.212158203,533.491333008,834.842529297,663.19732666,62.3288002014,236.797241211,135.852233887],[-5187.69238281,2375.79174805,606.215515137,-238.223251343,-93.5418930054,-10.8037261963,-11.8266553879,-73.38671875,-149.854537964,-107.239433289,-14.7487020493,5.22267961502,29.6070575714],[-4001.84448242,606.215515137,1214.48510742,-269.468322754,-73.0006866455,-41.8862686157,-68.8098526001,-74.85496521,-137.169067383,-116.733604431,6.87647151947,-29.3606758118,-10.7088184357],[1213.55993652,-238.223251343,-269.468322754,507.15625,140.327346802,72.3364944458,56.8089370728,83.7723846436,106.335838318,77.121711731,-7.72499513626,6.84079504013,12.7086496353],[276.366119385,-93.5418930054,-73.0006866455,140.327346802,268.382843018,20.4920520782,-20.6560153961,30.7076053619,51.5658035278,43.0683326721,-14.5436582565,10.3259963989,-6.50217628479],[289.595184326,-10.8037261963,-41.8862686157,72.3364944458,20.4920520782,157.848419189,66.1632080078,16.3136234283,32.0412635803,24.089509964,16.755947113,2.49466776848,14.7832307816],[630.212158203,-11.8266553879,-68.8098526001,56.8089370728,-20.6560153961,66.1632080078,190.05078125,70.2102661133,44.5573158264,30.5937004089,20.2447986603,18.3363227844,15.860953331],[533.491333008,-73.38671875,-74.85496521,83.7723846436,30.7076053619,16.3136234283,70.2102661133,121.788551331,58.6488647461,24.7848434448,-1.50088691711,11.7557277679,5.53226947784],[834.842529297,-149.854537964,-137.169067383,106.335838318,51.5658035278,32.0412635803,44.5573158264,58.6488647461,130.404525757,53.3064537048,-4.85665512085,1.77945947647,8.83624744415],[663.19732666,-107.239433289,-116.733604431,77.121711731,43.0683326721,24.089509964,30.5937004089,24.7848434448,53.3064537048,110.942489624,29.5972633362,13.5643615723,3.09082818031],[62.3288002014,-14.7487020493,6.87647151947,-7.72499513626,-14.5436582565,16.755947113,20.2447986603,-1.50088691711,-4.85665512085,29.5972633362,100.034095764,27.8347492218,-5.89773321152],[236.797241211,5.22267961502,-29.3606758118,6.84079504013,10.3259963989,2.49466776848,18.3363227844,11.7557277679,1.77945947647,13.5643615723,27.8347492218,80.4678421021,18.3230762482],[135.852233887,29.6070575714,-10.7088184357,12.7086496353,-6.50217628479,14.7832307816,15.860953331,5.53226947784,8.83624744415,3.09082818031,-5.89773321152,18.3230762482,69.3296432495]],"icov":[[0.000206965953112,0.000315952609526,0.000445083482191,1.99802343559e-05,9.69925749814e-05,-5.40004020877e-06,-0.00033021683339,-5.96428799327e-05,-0.000276598293567,-0.000258889573161,0.000110479129944,-0.000330699782353,-0.000241246350924],[0.000315952609526,0.000992714893073,0.000475176115287,0.00010269098857,0.000147637969349,-8.21143548819e-05,-0.000645860214718,-2.38296379393e-05,-8.70884905453e-05,-0.000306517700665,0.000312857708195,-0.000614755263086,-0.000593609933276],[0.000445083482191,0.000475176115287,0.00207430077717,0.000389054359403,5.28007476532e-05,-5.33927304787e-05,-0.0005925380392,-0.000217964668991,-0.000141036885907,7.80499540269e-05,-0.000175575900357,-0.000271065393463,-0.000585496367421],[1.99802343559e-05,0.00010269098857,0.000389054359403,0.00300353392959,-0.00104524078779,-0.000810686324257,-3.57425997208e-05,-0.00100672792178,-0.000680345576257,-0.000643480510917,0.000251844758168,0.000249274831731,-0.000339194550179],[9.69925749814e-05,0.000147637969349,5.28007476532e-05,-0.00104524078779,0.00504158297554,-0.000645168300252,0.00144504872151,-0.000743806129321,-0.000951233378146,-0.00143187970389,0.00124272482935,-0.00141859636642,0.000951520923991],[-5.40004020877e-06,-8.21143548819e-05,-5.33927304787e-05,-0.000810686324257,-0.000645168300252,0.00829708855599,-0.00296061276458,0.00164520007093,-0.000982806319371,0.000104887309135,-0.00140548567288,0.00113899400458,-0.00139766349457],[-0.00033021683339,-0.000645860214718,-0.0005925380392,-3.57425997208e-05,0.00144504872151,-0.00296061276458,0.00912785995752,-0.00436510704458,-8.04099836387e-05,-0.000397687457735,-0.000851588032674,-0.00035232186201,-8.65397742018e-05],[-5.96428799327e-05,-2.38296379393e-05,-0.000217964668991,-0.00100672792178,-0.000743806129321,0.00164520007093,-0.00436510704458,0.0133558353409,-0.00403748219833,0.000864173052832,0.000567060080357,-0.00112053763587,0.00061068177456],[-0.000276598293567,-8.70884905453e-05,-0.000141036885907,-0.000680345576257,-0.000951233378146,-0.000982806319371,-8.04099836387e-05,-0.00403748219833,0.0138413459063,-0.00379969435744,0.00140270765405,0.00160837697331,-0.000757429632358],[-0.000258889573161,-0.000306517700665,7.80499540269e-05,-0.000643480510917,-0.00143187970389,0.000104887309135,-0.000397687457735,0.000864173052832,-0.00379969435744,0.014249233529,-0.00454126577824,0.000256213534158,2.85689675366e-05],[0.000110479129944,0.000312857708195,-0.000175575900357,0.000251844758168,0.00124272482935,-0.00140548567288,-0.000851588032674,0.000567060080357,0.00140270765405,-0.00454126577824,0.0135587295517,-0.00499209901318,0.00263889203779],[-0.000330699782353,-0.000614755263086,-0.000271065393463,0.000249274831731,-0.00141859636642,0.00113899400458,-0.00035232186201,-0.00112053763587,0.00160837697331,0.000256213534158,-0.00499209901318,0.0163483992219,-0.0043447073549],[-0.000241246350924,-0.000593609933276,-0.000585496367421,-0.000339194550179,0.000951520923991,-0.00139766349457,-8.65397742018e-05,0.00061068177456,-0.000757429632358,2.85689675366e-05,0.00263889203779,-0.0043447073549,0.0169481486082]],"mean":[-702.06237793,125.361541748,14.1997365952,29.5346374512,16.1672458649,8.19356822968,2.99109864235,-2.04092359543,-3.31380558014,-1.70585799217,-4.61175441742,3.38517665863,0.0272957254201]},"pitch_salience":{"dmean":0.0684240683913,"dmean2":0.110450424254,"dvar":0.00375232775696,"dvar2":0.00949557032436,"max":0.929281890392,"mean":0.567389965057,"median":0.579538106918,"min":0.0925571396947,"var":0.0144714470953},"silence_rate_20dB":{"dmean":0,"dmean2":0,"dvar":0,"dvar2":0,"max":1,"mean":1,"median":1,"min":1,"var":0},"silence_rate_30dB":{"dmean":0.000742390519008,"dmean2":0.00148489128333,"dvar":0.000741919793654,"dvar2":0.00222499715164,"max":1,"mean":0.999628841877,"median":1,"min":0,"var":0.000371017231373},"silence_rate_60dB":{"dmean":0.027765404433,"dmean2":0.0555349327624,"dvar":0.0269897524267,"dvar2":0.0595983713865,"max":1,"mean":0.306064873934,"median":0,"min":0,"var":0.212426975369},"spectral_centroid":{"dmean":211.18119812,"dmean2":319.872772217,"dvar":78055.0390625,"dvar2":146330.75,"max":10824.2509766,"mean":1392.00500488,"median":1555.5559082,"min":126.669921875,"var":717470.375},"spectral_complexity":{"dmean":2.84587979317,"dmean2":4.60761737823,"dvar":11.5258331299,"dvar2":27.6959934235,"max":62,"mean":22.1911506653,"median":23,"min":0,"var":313.40246582},"spectral_contrast_coeffs":{"dmean":[0.0456754788756,0.0412442311645,0.0318177640438,0.0280761010945,0.0200606770813,0.0175484437495],"dmean2":[0.0748986676335,0.0683261156082,0.0528813749552,0.0463115796447,0.032740406692,0.0281036924571],"dvar":[0.00136181607377,0.00113713252358,0.00067476258846,0.000545168935787,0.000314519857056,0.000307153037284],"dvar2":[0.00368583621457,0.0031247457955,0.00178801547736,0.00139815197326,0.000786266638897,0.000734636501875],"max":[-0.307266026735,-0.530058860779,-0.571087598801,-0.570964634418,-0.592781662941,-0.572381913662],"mean":[-0.64288944006,-0.745195031166,-0.81691557169,-0.806955456734,-0.813571333885,-0.786463677883],"median":[-0.646243333817,-0.746777236462,-0.823100686073,-0.81052339077,-0.809803545475,-0.777862370014],"min":[-0.963669002056,-0.957520663738,-0.968034029007,-0.95533567667,-0.957125604153,-0.957520902157],"var":[0.00477049360052,0.0032964728307,0.0024503278546,0.00240241293795,0.00175878312439,0.00342409336008]},"spectral_contrast_valleys":{"dmean":[0.362915068865,0.325342237949,0.306078761816,0.28128105402,0.243534147739,0.261030197144],"dmean2":[0.590401411057,0.533213615417,0.493607789278,0.442915141582,0.364547997713,0.371928483248],"dvar":[0.102410264313,0.0833681225777,0.0867836251855,0.0817152559757,0.101287335157,0.134358882904],"dvar2":[0.246019199491,0.196764752269,0.19419722259,0.172738179564,0.182524994016,0.242079630494],"max":[-5.2216591835,-4.58066987991,-5.10013198853,-5.47056341171,-5.31681013107,-7.33294057846],"mean":[-7.43637895584,-7.22899055481,-7.91358947754,-8.13203525543,-8.11555767059,-10.9288072586],"median":[-6.96816730499,-6.90885400772,-7.31175899506,-7.2679567337,-6.82749986649,-9.80639362335],"min":[-27.2639503479,-27.5556812286,-26.9894638062,-27.4072475433,-27.3598499298,-27.2635536194],"var":[1.77924180031,1.41797935963,2.17446255684,3.19862389565,4.81486225128,5.43026685715]},"spectral_decrease":{"dmean":1.71138747618e-09,"dmean2":2.69978128742e-09,"dvar":7.92140001034e-18,"dvar2":2.02266206936e-17,"max":3.77594338309e-21,"mean":-6.26059781794e-09,"median":-5.48241230192e-09,"min":-4.41118608308e-08,"var":3.70764949121e-17},"spectral_energy":{"dmean":0.00667677028105,"dmean2":0.0105581339449,"dvar":0.000120391334349,"dvar2":0.000308983551804,"max":0.170019775629,"mean":0.0255935639143,"median":0.023156138137,"min":1.0583676579e-20,"var":0.000603707216214},"spectral_energyband_high":{"dmean":0.000408215681091,"dmean2":0.000648959947284,"dvar":9.14914096484e-07,"dvar2":2.1410323825e-06,"max":0.022250007838,"mean":0.00118208117783,"median":0.000688658445142,"min":7.6490990674e-21,"var":3.23072777064e-06},"spectral_energyband_low":{"dmean":0.00549574522302,"dmean2":0.00861329119653,"dvar":9.44118000916e-05,"dvar2":0.000239467917709,"max":0.157878994942,"mean":0.0128054097295,"median":0.00794611871243,"min":9.28931363096e-23,"var":0.000232502090512},"spectral_energyband_middle_high":{"dmean":0.00136631331407,"dmean2":0.00217053969391,"dvar":6.43262774247e-06,"dvar2":1.57686408784e-05,"max":0.0414019972086,"mean":0.00542955007404,"median":0.00277643138543,"min":1.67907001473e-21,"var":4.24623467552e-05},"spectral_energyband_middle_low":{"dmean":0.00247922842391,"dmean2":0.00397444097325,"dvar":2.07404518733e-05,"dvar2":5.419381705e-05,"max":0.0803572311997,"mean":0.00720916781574,"median":0.00466031255201,"min":3.7578518869e-22,"var":6.4649117121e-05},"spectral_entropy":{"dmean":0.15336330235,"dmean2":0.223074942827,"dvar":0.0472158864141,"dvar2":0.0901381745934,"max":9.78447628021,"mean":7.33140707016,"median":7.78835773468,"min":4.25222349167,"var":0.986271500587},"spectral_flux":{"dmean":0.0160075165331,"dmean2":0.0258571114391,"dvar":0.000440192379756,"dvar2":0.00103242171463,"max":0.317437291145,"mean":0.0674754753709,"median":0.0641630366445,"min":1.02876998587e-10,"var":0.00265287654474},"spectral_kurtosis":{"dmean":5.48186731339,"dmean2":9.08441734314,"dvar":148.856369019,"dvar2":401.502563477,"max":205.731964111,"mean":17.2997608185,"median":3.94341373444,"min":-1.18691158295,"var":1076.96862793},"spectral_rms":{"dmean":0.000555259815883,"dmean2":0.000858962186612,"dvar":5.02266289004e-07,"dvar2":1.24388532186e-06,"max":0.0128791667521,"mean":0.00419148663059,"median":0.00475303642452,"min":3.21333758213e-12,"var":7.40082350603e-06},"spectral_rolloff":{"dmean":506.997131348,"dmean2":815.175415039,"dvar":1038073.375,"dvar2":1971970.625,"max":18906.1523438,"mean":1610.63330078,"median":1205.859375,"min":64.599609375,"var":3515246.25},"spectral_skewness":{"dmean":0.412962645292,"dmean2":0.665120005608,"dvar":0.473307609558,"dvar2":1.23091387749,"max":11.9948635101,"mean":2.3661942482,"median":1.42608940601,"min":-0.0769134312868,"var":4.80092000961},"spectral_spread":{"dmean":480219.4375,"dmean2":688388.375,"dvar":552379219968,"dvar2":877367590912,"max":40468804,"mean":4092449,"median":4121482.75,"min":429987.71875,"var":4471786045440.0},"spectral_strongpeak":{"dmean":0.259609133005,"dmean2":0.456847161055,"dvar":0.439749836922,"dvar2":1.17381858826,"max":11.93064785,"mean":0.421648681164,"median":0.247781872749,"min":0,"var":0.46981304884},"zerocrossingrate":{"dmean":0.0101723447442,"dmean2":0.0114040439948,"dvar":0.000282690220047,"dvar2":0.000268284988124,"max":0.51318359375,"mean":0.0603289939463,"median":0.0556640625,"min":0.00244140625,"var":0.00259437644854}},"metadata":{"audio_properties":{"analysis_sample_rate":44100,"bit_rate":192000,"codec":"mp3","downmix":"mix","equal_loudness":0,"length":312.764068604,"lossless":false,"md5_encoded":"901efa6b123178c200dba587cd2f968c","replay_gain":-4.84727287292,"sample_rate":44100},"tags":{"acoustid_fingerprint":["AQADtEqmRIrCZLh2YXrwwCe-HMeRH9qD43lQmGPw7PiFHy1nQS56pGeKBzf8EL7xCy-P_og9fGHx4y9KDc2eCsdzQQsf1ENQ-DyeWfhRF-FD-Dy6D7_x4yOOPrXQ1BYe6AjzFJ2HP3hefMrRnEa1bEePPEdNVEz2BH4IwWQO6w76OPihPDlOIn3wx_iR6woe7dB-pELlLMF5_GgVXMfhGuFTaOIihEny40fe4y2kg_nhkakafNyDiTrqIMyN0cwUoFlClFOSEMmNLHlQSscVHv0Da37xwEqQ9UZy6QmmpImM4-hLBX9xkS_KPMgD_Uh1Knhw4YcfHV90PHCf4YvR1BSq4j_uo_mKZNKRo5KOc4edoZZEXI-D5wqOD47p4MqEr8foI-GY_Mh_eFLBi8alww8uHdd2PBeSPWOGRuVR7UcuZWDe4zh2eFlPvIgpiFpc5BmOw5WOL9GFJxJ8Hd9x5hIcH1-NMycaYS-aSN9xNkd0HVpe_EgjqYYTJjnq4xYR_miaZDTu4CE8v1AzHpM-w4HOLLgiQsxztE9s3A_6IsyDHc31I2QkJRV0f0GOB00khQ-65PjxoXkRHrqEPEH5Hs0SfviHnsdrDbWPJ9jRH00OfsmI60EfJMvxx0fGGk0-TLyPJ0ko4vKFXhZyPDuaxodqHUffowk1PFOO0w_CPKh1tDrc413gE36O8Bp0Iz2Oh33x8EDTI9wbHLqMcEfzBFd0eNqFE2G-obaNByqVo9Gh6UeP9IGP6iry4jma3IFG6cED_fgHP8djfNng1hF0EmWYwz90uPsQP0STJP_w42jqHv2P3Cd0ND-0RFy44GmyZfgPO3mgF1qOkMSTF0fzHH1Q6anQqEF_NFd2HNEfImcmND_ODNR_MDzyQteFT5GRG03uoKyOa_KQP9B8hDmNPxWeT8MveMX947LRGz6N9EOyGwe3XUbzGd1sJBfCww96WsH1BBeO5jmYC_kE_UE-HU-Oo0mbo5-BHvzh4NyL1nlw0azwHEz8GLVLPFtA7SOuDBeyH9qZCfVY4fmDhtKMsjny46_QL8oyNA9m4QmafviHhtUxpgxeJUWtRATC48qcwMs-_Byeg2OazdASGmV2_ND1DG4SHsHx_yCfo5J0NN6aBM-KHNNxykf4R8Eo6eie4deNPmmEG7mP5EG5HJ-KFzzqaAhzJkiU83iY0MKTUwGT5sQppC-SPTjqjcrQTInF4B_uTnhMY3quID2hZ_B0_IGfpUOVdPiOTzHyG6X1oHlx5qjI4_nR88F1Ii-S_FFw2jidgeeRJ4I4idkR6VGI5hKOZy8eGsmQU3g-TEsfvC-Yp2iqE0dzlPFw8ZHQvRSa5hJi_njGFOWhZUV2SSnMpMeVBFXuI0ui7HiUo1cqiDvS5ahFI4yTG1J8hBkZoj1YfnB4B1-W4vLQHGVu5BD7a8jVJsbQHHWaHPtxcD-eZMMbZcd5fD_CMyUU5TJynEL9wGicVzh1_MOfo9kV1PqEcke-XRCfItRxTD-Y6NiDK6GOK2KDHcmJPCfKB4-foV-KOjMuo892cEjHPIHCaB8u8cgtNFWGo3lwaeiTJfCPB_1x6ch5nCfElYjJoyG6HN_xwz-Ov8OP-kf844YOf2GOvkVPNAcev7jfoJ-iGF6C8miuo__xFM1R8tA5NM9cvPPhkQnSozp-nHSO6fCHvgEv_CF8GYieozfhHjhu4PiBHvuI