{"lowlevel":{"average_loudness":0.845442950726,"barkbands":{"dmean":[0.00064360012766,0.00539742130786,0.00315052480437,0.00422218581662,0.00251751975156,0.00178648415022,0.000682522717398,0.000359246361768,0.000337478704751,0.000332349882228,0.000252085621469,7.3649949627e-05,7.39618044463e-05,3.51891540049e-05,4.04429119953e-05,4.66371857328e-05,5.80987252761e-05,3.01917862089e-05,3.52757961082e-05,3.15681718348e-05,3.20193721564e-05,3.03525248455e-05,1.79606831807e-05,2.73041441687e-05,7.10691756467e-06,1.29801094317e-06,1.71982961206e-07],"dmean2":[0.000962632184383,0.0068595930934,0.0049709440209,0.00648791110143,0.00394040439278,0.0030021041166,0.0010594750056,0.000601310748607,0.000552511774004,0.000549432646949,0.00042083353037,0.000113729329314,0.000122501529404,5.66132257518e-05,6.47502165521e-05,7.34514760552e-05,9.33266856009e-05,4.64404147351e-05,5.61918895983e-05,4.73426916869e-05,4.58539543615e-05,4.14581372752e-05,2.5606725103e-05,3.7152251025e-05,9.46296040638e-06,1.75432751348e-06,2.68514099844e-07],"dvar":[3.49731567439e-06,0.00010252580978,5.17799817317e-05,4.87639917992e-05,1.98379657377e-05,8.59427291289e-06,2.18540594688e-06,6.04075523825e-07,4.9310074246e-07,7.83829932516e-07,6.865012665e-07,8.75860521887e-08,6.00464886702e-08,1.80844850206e-08,2.31331345191e-08,4.51567458981e-08,4.18450056827e-08,1.46448799754e-08,1.69831633201e-08,1.59187401039e-08,2.80414589326e-08,4.06469062852e-08,7.72315278397e-09,2.37612045595e-08,1.63250934992e-09,6.2445867921e-11,5.31560472722e-12],"dvar2":[7.2696893767e-06,0.000234618288232,0.000157355127158,0.000131263281219,5.05153184349e-05,2.47500429396e-05,5.46314731764e-06,1.63076435911e-06,1.36279038543e-06,2.15990621655e-06,1.9098449684e-06,1.92155809486e-07,1.58813946882e-07,4.18860963691e-08,5.58479946733e-08,1.13836975402e-07,1.04077692242e-07,3.32675575976e-08,4.22485157969e-08,3.53719862289e-08,5.56490356018e-08,7.64774270579e-08,1.4251599012e-08,4.09045135541e-08,2.53510257231e-09,9.98642071814e-11,1.22865866786e-11],"max":[0.0668549612164,0.206641316414,0.111050024629,0.125163257122,0.075973495841,0.0453891642392,0.0325033329427,0.0178683251143,0.00962997600436,0.0117404200137,0.0179994534701,0.00958125572652,0.00697378674522,0.00560168270022,0.00387937761843,0.00764505658299,0.00491321180016,0.00447629624978,0.00350613426417,0.00331791979261,0.00547781446949,0.00867697224021,0.00267573562451,0.00499391369522,0.00179412576836,0.00037401219015,0.000131871274789],"mean":[0.00879448652267,0.0388090610504,0.00778024783358,0.00867558456957,0.00607452448457,0.0031558687333,0.00114800350275,0.000620755599812,0.000608351198025,0.000610157847404,0.000450866704341,0.000138963892823,0.000160963201779,5.00102250953e-05,5.65920890949e-05,6.85424311087e-05,8.6726846348e-05,4.85454911541e-05,5.24400129507e-05,4.6322849812e-05,4.94857595186e-05,4.63989272248e-05,2.79930900433e-05,4.25301004725e-05,1.04494392872e-05,1.85574242551e-06,1.99638947151e-07],"median":[0.00768171483651,0.0370723940432,0.00353186624125,0.00502601172775,0.00375530635938,0.0018116052961,0.000530043500476,0.000223446535529,0.000181397961569,7.30942992959e-05,5.64479487366e-05,2.83275239781e-05,3.05303074128e-05,1.11305489554e-05,1.28420733745e-05,5.68032464798e-06,1.61605585163e-05,4.88459681947e-06,8.82860695128e-06,4.98852796227e-06,1.56753901592e-06,5.90742104123e-07,1.93037124063e-07,8.33461442085e-08,1.62476450072e-08,8.4170199699e-09,2.8876614877e-08],"min":[8.71054531747e-24,1.02386722317e-23,6.51059369081e-24,2.62935780522e-24,6.67033329095e-23,2.50955365731e-23,4.82452467494e-23,2.55640379093e-23,3.64116579061e-23,4.01289629736e-23,3.17713918904e-23,1.01662978724e-22,1.04149556649e-22,6.33719417524e-23,1.02702760506e-22,1.02731727478e-22,1.66998824409e-22,2.0855490618e-22,1.94960939517e-22,3.1326254721e-22,4.18097693406e-22,4.21452561064e-22,4.98991857761e-22,8.70378787184e-22,1.18190538602e-21,1.36386007918e-21,2.0590021884e-21],"var":[8.11663921922e-05,0.00136759807356,0.000124882295495,0.000107460575236,5.45683396922e-05,1.66479821928e-05,4.13354928241e-06,1.24572068216e-06,1.19563537737e-06,2.16825765165e-06,1.75714944817e-06,3.15350973779e-07,3.35630801374e-07,2.68827431427e-08,3.39265966431e-08,5.80102010872e-08,6.30815790714e-08,3.18570876345e-08,2.30972396764e-08,2.82158314491e-08,6.44835012054e-08,8.60170104033e-08,1.87372553029e-08,6.37789270286e-08,4.06044131651e-09,1.43330652902e-10,6.57864431333e-12]},"barkbands_crest":{"dmean":1.67484092712,"dmean2":2.51606631279,"dvar":3.12316775322,"dvar2":7.96516036987,"max":26.0996990204,"mean":14.5091381073,"median":14.5747108459,"min":3.55613207817,"var":15.6126670837},"barkbands_flatness_db":{"dmean":0.0246837344021,"dmean2":0.035968542099,"dvar":0.00107782031409,"dvar2":0.00215241033584,"max":0.814157664776,"mean":0.334147125483,"median":0.32773911953,"min":0.0371734052896,"var":0.0136505970731},"barkbands_kurtosis":{"dmean":7.69919776917,"dmean2":12.3434391022,"dvar":205.894485474,"dvar2":481.25869751,"max":346.855682373,"mean":18.629737854,"median":11.5715103149,"min":-1.88912713528,"var":615.352844238},"barkbands_skewness":{"dmean":0.666218340397,"dmean2":1.05220901966,"dvar":0.660528659821,"dvar2":1.60670959949,"max":15.2883501053,"mean":2.90741181374,"median":2.68610715866,"min":-1.83159184456,"var":2.62065172195},"barkbands_spread":{"dmean":1.87296843529,"dmean2":2.76980304718,"dvar":16.7433395386,"dvar2":30.5773696899,"max":131.756408691,"mean":7.02991104126,"median":3.7092461586,"min":0.180978879333,"var":219.613006592},"dissonance":{"dmean":0.0404612198472,"dmean2":0.06743042171,"dvar":0.00151459954213,"dvar2":0.00410465616733,"max":0.500000059605,"mean":0.402486354113,"median":0.4118026793,"min":0.130475714803,"var":0.00412728870288},"dynamic_complexity":4.57422590256,"erbbands":{"dmean":[0.171544536948,1.20546734333,3.51595258713,8.48034381866,11.2217130661,9.33988571167,9.42462825775,17.9115695953,10.9983901978,8.55636024475,7.31663703918,8.81946277618,6.63575935364,10.2323608398,9.43504142761,2.83031082153,3.60072517395,1.8521412611,2.07834148407,2.02564644814,2.7296769619,3.03640532494,1.77583515644,1.60965847969,1.72359645367,1.47382009029,1.44064557552,1.22946596146,1.16675198078,0.704441070557,0.491291701794,0.587667644024,0.444810092449,0.127270311117,0.0312696285546,0.00875763036311,0.00193674967159,0.000297979742754,3.66488638974e-05,1.37057904794e-05],"dmean2":[0.195306494832,1.61654388905,5.58359956741,13.0327692032,17.5537376404,14.2521944046,15.0960855484,30.4439811707,17.4604454041,13.7144479752,12.1448554993,14.6116924286,10.7246646881,16.9607791901,15.8066644669,4.36424446106,5.64325523376,2.88624858856,3.33310818672,3.15268659592,4.31124305725,4.85384273529,2.7287003994,2.52374768257,2.72503304482,2.21642518044,2.13850665092,1.70062994957,1.59524333477,0.97888481617,0.67346739769,0.827702045441,0.617371082306,0.16947671771,0.0421609133482,0.0119300633669,0.00253765494563,0.000416543072788,5.77940845687e-05,2.05164251383e-05],"dvar":[0.136707186699,5.56368207932,75.7114181519,198.013275146,394.250854492,321.739532471,324.913909912,903.055358887,496.523284912,370.579559326,292.395843506,361.587921143,425.006622314,768.570861816,1010.23840332,82.8721694946,151.613006592,40.1969833374,66.0634307861,70.1796569824,133.387435913,126.577293396,41.8186416626,37.2413711548,44.0237541199,34.4298248291,47.6469993591,53.0030059814,68.4152526855,13.0166158676,6.15207576752,10.8551197052,6.50925254822,0.508008718491,0.0370759256184,0.00266393832862,0.000167284189956,6.15684348304e-06,2.32229623975e-07,5.43048384039e-10],"dvar2":[0.230167165399,15.0271949768,240.090423584,535.522705078,1060.62719727,808.343994141,856.730712891,2635.30419922,1255.37219238,939.772583008,802.424133301,1012.38970947,1189.47692871,2179.80615234,2830.14135742,190.743637085,349.859619141,91.9883346558,168.524734497,168.297805786,338.254974365,314.121459961,91.1255950928,90.6339263916,107.328483582,75.8990783691,103.86227417,98.8424987793,134.546981812,24.3989219666,10.6398563385,18.9356136322,12.2254600525,0.8337880373,0.0603632368147,0.00419276626781,0.000293127610348,1.1021616956e-05,5.5198603377e-07,1.38347644452e-09],"max":[10.229262352,37.5580291748,140.75378418,253.216018677,363.948822021,418.767364502,328.03036499,484.808044434,466.187561035,553.079711914,467.537445068,256.948730469,434.724029541,461.63848877,889.48815918,467.65246582,381.914337158,224.479629517,250.999557495,227.280471802,399.991821289,316.855957031,210.551269531,180.334609985,175.119812012,141.071228027,209.236862183,304.307495117,372.882568359,141.398696899,100.33404541,139.044662476,74.2566833496,28.3766841888,8.29301071167,2.7633535862,0.573130130768,0.13783608377,0.023496972397,0.000949182896875],"mean":[1.90392613411,5.38001203537,9.82719230652,19.5268421173,23.109369278,21.9507045746,20.8927402496,29.9421730042,18.9829826355,15.8654270172,13.4346637726,16.2319698334,12.7255954742,19.6712589264,18.652261734,6.65131092072,7.83507871628,2.94291305542,2.96639108658,3.04695463181,4.12929296494,4.66049718857,3.02539825439,2.48170685768,2.62314558029,2.22604012489,2.12626743317,1.84246921539,1.7454855442,1.1064453125,0.781140506268,0.8949431777,0.660212576389,0.190111219883,0.044125251472,0.012756456621,0.00264974753372,0.00043072598055,6.93863185006e-05,8.58929561218e-05],"median":[1.90773904324,3.82821154594,5.63317537308,12.7465333939,14.2247772217,12.9939022064,11.4336690903,17.095916748,9.37097930908,8.21075248718,5.33946466446,5.25426292419,2.68094563484,2.51359272003,2.90826225281,1.70410275459,1.68494963646,0.839799940586,0.709035456181,0.639412343502,0.421433001757,0.792047142982,0.464127004147,0.357059985399,0.34003329277,0.263292968273,0.0987722948194,0.0474568344653,0.0236251354218,0.0124327931553,0.00465550273657,0.00251473602839,0.000832309015095,0.000274911260931,0.000146462160046,8.58893981786e-05,4.30040454376e-05,4.3130999984e-05,3.90764616895e-05,8.18324915599e-05],"min":[2.03099068429e-22,1.26065839255e-21,4.28569343557e-21,1.30040127059e-20,5.01755513424e-20,3.04360847895e-19,2.86643983343e-19,1.68024254325e-19,3.61940011455e-19,3.27634117266e-19,8.84368054395e-19,8.00486615307e-19,1.57642364741e-18,1.14484205941e-18,1.6517503329e-18,3.97566494322e-18,5.07244439692e-18,3.79258050875e-18,5.54983059435e-18,4.52706974341e-18,6.46624455626e-18,1.09845300551e-17,1.15113034846e-17,1.10964682715e-17,9.74006660206e-18,1.6314994419e-17,1.52591695046e-17,1.64450387918e-17,1.57932320497e-17,1.50623385691e-17,1.48349350382e-17,1.45734119614e-17,1.62559949346e-17,1.21296375361e-17,8.47970804633e-18,4.79925931423e-18,2.31512281779e-18,1.18391724437e-18,2.75584811197e-19,3.00729331135e-20],"var":[3.20630168915,34.5781478882,158.166244507,476.918304443,857.86151123,765.157348633,848.423461914,1600.91027832,946.46862793,720.223266602,600.863342285,846.721374512,1075.95825195,2234.24243164,2906.44702148,536.468383789,785.925048828,67.8715362549,82.4430847168,105.606956482,174.295379639,196.385894775,101.7787323,60.9866027832,60.6364517212,63.638168335,91.0954666138,124.317993164,134.880004883,30.7614440918,16.3074741364,28.647441864,15.507273674,1.27551865578,0.0822602137923,0.00639882870018,0.000330373266479,1.17799863801e-05,2.70961294291e-07,3.90879195677e-09]},"erbbands_crest":{"dmean":2.84945487976,"dmean2":4.67088413239,"dvar":6.98053693771,"dvar2":18.989276886,"max":34.2089920044,"mean":11.9105005264,"median":10.9376277924,"min":2.24376296997,"var":25.8559246063},"erbbands_flatness_db":{"dmean":0.0209329500794,"dmean2":0.03225870803,"dvar":0.000603681721259,"dvar2":0.0012767292792,"max":0.497584462166,"mean":0.25035071373,"median":0.260915249586,"min":0.019037893042,"var":0.00634590536356},"erbbands_kurtosis":{"dmean":2.2559466362,"dmean2":3.61693239212,"dvar":20.149181366,"dvar2":48.2576179504,"max":115.51902771,"mean":4.24067020416,"median":1.54470586777,"min":-1.83745014668,"var":73.565612793},"erbbands_skewness":{"dmean":0.466647416353,"dmean2":0.736741900444,"dvar":0.249099701643,"dvar2":0.584447145462,"max":6.47690963745,"mean":0.875794172287,"median":0.814856112003,"min":-6.82440662384,"var":1.7820622921},"erbbands_spread":{"dmean":6.67239141464,"dmean2":10.3237438202,"dvar":114.056999207,"dvar2":231.45274353,"max":162.362915039,"mean":25.4171657562,"median":18.133108139,"min":1.19705748558,"var":486.884490967},"gfcc":{"cov":[[22421.5664063,2317.46142578,-1874.58813477,3251.93652344,-823.563964844,280.765045166,-380.472106934,434.9090271,90.1729431152,-376.809692383,255.620834351,-538.530639648,232.136230469],[2317.46142578,3194.48876953,-262.002349854,-679.915527344,707.682312012,-505.036102295,903.272521973,-251.180358887,124.664497375,-169.935119629,248.728134155,-142.75843811,104.118865967],[-1874.58813477,-262.002349854,1865.14526367,587.412231445,473.258880615,468.944610596,70.1917419434,166.655075073,140.033065796,97.2216110229,93.9399642944,34.3543128967,49.2750358582],[3251.93652344,-679.915527344,587.412231445,1739.8638916,72.5347366333,443.985809326,-205.226928711,224.577880859,115.086303711,-6.54759979248,19.6492481232,-110.397674561,68.6048736572],[-823.563964844,707.682312012,473.258880615,72.5347366333,877.71105957,157.567993164,557.504882813,93.5688095093,145.989685059,118.93371582,175.915786743,50.5011940002,105.3592453],[280.765045166,-505.036102295,468.944610596,443.985809326,157.567993164,517.305053711,48.0655899048,226.799591064,79.1969604492,134.263458252,104.430435181,76.7769622803,64.0761032104],[-380.472106934,903.272521973,70.1917419434,-205.226928711,557.504882813,48.0655899048,800.264709473,75.5506515503,76.667755127,107.57736969,170.533538818,46.9977340698,124.027069092],[434.9090271,-251.180358887,166.655075073,224.577880859,93.5688095093,226.799591064,75.5506515503,328.088348389,72.045135498,103.747200012,103.220703125,67.1863021851,72.8682861328],[90.1729431152,124.664497375,140.033065796,115.086303711,145.989685059,79.1969604492,76.667755127,72.045135498,156.275390625,60.957698822,65.3868026733,17.8910598755,29.2328605652],[-376.809692383,-169.935119629,97.2216110229,-6.54759979248,118.93371582,134.263458252,107.57736969,103.747200012,60.957698822,207.598617554,91.3214416504,60.2457542419,23.2023143768],[255.620834351,248.728134155,93.9399642944,19.6492481232,175.915786743,104.430435181,170.533538818,103.220703125,65.3868026733,91.3214416504,177.873977661,55.7710418701,48.9931106567],[-538.530639648,-142.75843811,34.3543128967,-110.397674561,50.5011940002,76.7769622803,46.9977340698,67.1863021851,17.8910598755,60.2457542419,55.7710418701,146.155899048,61.6674232483],[232.136230469,104.118865967,49.2750358582,68.6048736572,105.3592453,64.0761032104,124.027069092,72.8682861328,29.2328605652,23.2023143768,48.9931106567,61.6674232483,138.646026611]],"icov":[[0.000712515029591,-0.00221043778583,0.00112329854164,-0.00203849840909,0.00134801294189,-0.00172404432669,0.00127738818992,-0.00149268726818,0.00157699431293,-0.00155773560982,0.00142270035576,-0.000837880827021,0.000288805837044],[-0.00221043778583,0.00834129285067,-0.00347395404242,0.00676150945947,-0.00459552183747,0.00631822971627,-0.00487014418468,0.00544878328219,-0.00605811784044,0.00680962763727,-0.00727681117132,0.0048328274861,-0.00204949663021],[0.00112329854164,-0.00347395404242,0.00260617397726,-0.00327683938667,0.00158450601157,-0.00336228800006,0.0022739674896,-0.00225908844732,0.00231068860739,-0.00231624790467,0.00235240510665,-0.00127996236552,0.000564680143725],[-0.00203849840909,0.00676150945947,-0.00327683938667,0.00708389747888,-0.00412949640304,0.00429394561797,-0.00338477757759,0.00419111829251,-0.00527229998261,0.00542249996215,-0.00493674818426,0.00476908078417,-0.00219904957339],[0.00134801294189,-0.00459552183747,0.00158450601157,-0.00412949640304,0.00548110250384,-0.00345137785189,0.000928621389903,-0.00263001397252,0.00219069095328,-0.00356984650716,0.00291076744907,-0.00245110248215,0.00085293117445],[-0.00172404432669,0.00631822971627,-0.00336228800006,0.00429394561797,-0.00345137785189,0.00931192468852,-0.0038000033237,0.00272380211391,-0.00414277054369,0.00363274617121,-0.00565044628456,0.00171101768501,-0.000999808893539],[0.00127738818992,-0.00487014418468,0.0022739674896,-0.00338477757759,0.000928621389903,-0.0038000033237,0.00591242965311,-0.00327923684381,0.00396887445822,-0.00438648415729,0.00313082989305,-0.00143704051152,-0.00069966429146],[-0.00149268726818,0.00544878328219,-0.00225908844732,0.00419111829251,-0.00263001397252,0.00272380211391,-0.00327923684381,0.00894944090396,-0.00467864656821,0.00347971916199,-0.00592677621171,0.00237094983459,-0.00245002284646],[0.00157699431293,-0.00605811784044,0.00231068860739,-0.00527229998261,0.00219069095328,-0.00414277054369,0.00396887445822,-0.00467864656821,0.013471624814,-0.00644580135122,0.00379722495563,-0.00329255103134,0.00121605943423],[-0.00155773560982,0.00680962763727,-0.00231624790467,0.00542249996215,-0.00356984650716,0.00363274617121,-0.00438648415729,0.00347971916199,-0.00644580135122,0.0138713149354,-0.00870688911527,0.00333771551959,-0.000606746471021],[0.00142270035576,-0.00727681117132,0.00235240510665,-0.00493674818426,0.00291076744907,-0.00565044628456,0.00313082989305,-0.00592677621171,0.00379722495563,-0.00870688911527,0.0186135787517,-0.00766579294577,0.00289168511517],[-0.000837880827021,0.0048328274861,-0.00127996236552,0.00476908078417,-0.00245110248215,0.00171101768501,-0.00143704051152,0.00237094983459,-0.00329255103134,0.00333771551959,-0.00766579294577,0.0168959498405,-0.00769061222672],[0.000288805837044,-0.00204949663021,0.000564680143725,-0.00219904957339,0.00085293117445,-0.000999808893539,-0.00069966429146,-0.00245002284646,0.00121605943423,-0.000606746471021,0.00289168511517,-0.00769061222672,0.0131270438433]],"mean":[-126.302574158,172.983016968,-74.0386962891,24.2740707397,-35.445274353,-6.33526706696,-18.1830406189,-5.60286188126,-12.7512378693,-10.8522529602,-2.37430882454,-6.66848230362,-4.28085327148]},"hfc":{"dmean":2.90720105171,"dmean2":4.42106342316,"dvar":22.7559928894,"dvar2":47.6511726379,"max":121.27091217,"mean":12.08548069,"median":10.3517751694,"min":1.08093619873e-16,"var":102.761375427},"melbands":{"dmean":[0.00146420358215,0.00167838064954,0.00159090734087,0.000618271238636,0.000360658712452,0.000374386640033,0.000162395212101,8.8185282948e-05,6.222648517e-05,5.14968123753e-05,3.4388347558e-05,4.39826289949e-05,3.42172679666e-05,1.15411221486e-05,7.89737623563e-06,6.94016625857e-06,3.36178300131e-06,3.42976295542e-06,2.75732622868e-06,3.0925405099e-06,3.42670705322e-06,3.46768797499e-06,2.30096611631e-06,1.36607150125e-06,1.35279924507e-06,1.41696364153e-06,1.14193233003e-06,9.85033238976e-07,9.58754185376e-07,8.21703849851e-07,7.21673984572e-07,7.2960608577e-07,5.55190240448e-07,3.52387502289e-07,2.53394063066e-07,3.85236745615e-07,3.54616076947e-07,3.49244771769e-07,2.17409166225e-07,7.72616601807e-08],"dmean2":[0.00173495034687,0.00259893294424,0.00244946894236,0.000966138439253,0.000568044080865,0.00063390226569,0.000256300379988,0.000142667558976,0.000103101367131,8.44787718961e-05,5.48523457837e-05,7.23212215235e-05,5.74732257519e-05,1.79738181032e-05,1.24284924823e-05,1.00451570688e-05,5.37503592568e-06,5.54591269974e-06,4.40335224994e-06,4.87870784127e-06,5.45095554116e-06,5.57053044759e-06,3.59034015673e-06,2.11978817788e-06,2.14484634853e-06,2.27012856158e-06,1.78976756615e-06,1.49729521581e-06,1.44938121593e-06,1.22580104289e-06,1.01675163933e-06,1.00749184639e-06,8.05522404335e-07,5.06317519466e-07,3.53677791054e-07,5.32461911007e-07,5.07006461703e-07,4.99376085372e-07,3.04533926965e-07,1.05268512129e-07],"dvar":[7.99878671387e-06,1.57112372108e-05,6.39845711703e-06,1.13394730761e-06,4.40766768861e-07,3.81917487857e-07,1.07112519743e-07,3.70784825066e-08,1.75482526288e-08,1.19237020257e-08,1.09678639504e-08,1.49736578692e-08,1.24949650626e-08,1.78130710182e-09,7.84135978371e-10,6.08231742749e-10,1.63095800754e-10,1.97660110501e-10,1.26818278101e-10,1.85821635856e-10,2.00480715362e-10,1.79947265422e-10,5.03408842389e-11,3.96303684314e-11,2.65256462628e-11,2.85030124503e-11,2.05252065344e-11,1.67843239307e-11,2.06756799181e-11,2.01904413327e-11,2.09364105913e-11,3.05011536861e-11,1.15466273695e-11,3.0060914695e-12,1.5827601816e-12,4.62426928347e-12,3.95803528841e-12,4.08456298298e-12,1.62416575415e-12,1.91591642724e-13],"dvar2":[1.50138521349e-05,4.89265112265e-05,1.73608095793e-05,2.93846483146e-06,1.14906367799e-06,1.10952942123e-06,2.70416649073e-07,9.5698553082e-08,4.78457664599e-08,3.28283391582e-08,3.01952738369e-08,4.22053432203e-08,3.52670070924e-08,4.29665547586e-09,1.98260674544e-09,1.19238052765e-09,3.82318926517e-10,5.12393849572e-10,3.04588326783e-10,4.56696375162e-10,5.1078952179e-10,4.51736176244e-10,1.12490496085e-10,9.3918872679e-11,6.57687446171e-11,7.19847723096e-11,4.91440950434e-11,3.76145191383e-11,4.76257956683e-11,4.3689302176e-11,3.96886933041e-11,6.26392271386e-11,2.40223136522e-11,5.73703020854e-12,2.86101155787e-12,7.76599704683e-12,7.38592173533e-12,8.20125131001e-12,3.02957355383e-12,3.13829122195e-13],"max":[0.0720768943429,0.062420681119,0.0439866110682,0.0164600331336,0.0128565598279,0.0100344233215,0.0070657893084,0.00518738850951,0.00335414824076,0.00156371109188,0.00212332652882,0.0019532085862,0.00243503786623,0.00126336887479,0.00084438349586,0.000601568259299,0.000505856354721,0.000465497723781,0.000330032373313,0.00038031823351,0.000464271724923,0.000341162871337,0.000229483470321,0.000258355546976,0.000138679344673,0.000148439736222,0.000110436616524,9.80274417088e-05,0.000134002722916,0.000152564563905,0.000225225900067,0.000244773516897,0.000129824722535,6.64681720082e-05,3.43275132764e-05,0.000117155177577,6.75495102769e-05,5.68078139622e-05,4.73432482977e-05,1.62509313668e-05],"mean":[0.013414086774,0.00588279590011,0.00370354927145,0.00149637658615,0.00085469573969,0.000636180571746,0.000280113250483,0.000161177158589,0.000111289366032,9.35793941608e-05,6.2251026975e-05,8.0938290921e-05,6.50577640045e-05,2.38529592025e-05,1.7726491933e-05,1.21982084238e-05,4.82337054564e-06,4.65836319563e-06,3.89332171835e-06,4.48605851489e-06,4.96560687679e-06,5.01738531966e-06,3.71624037143e-06,2.10633515962e-06,1.95826123672e-06,2.03775925911e-06,1.66706047366e-06,1.40908298363e-06,1.33653657031e-06,1.18268462757e-06,1.03049637801e-06,1.02223714293e-06,8.28049110169e-07,5.26095959685e-07,3.85351995646e-07,5.67446534205e-07,5.24759116161e-07,5.05972309384e-07,3.07124821575e-07,1.10545627763e-07],"median":[0.0132409343496,0.00416303845122,0.00247325794771,0.00104150618427,0.000480655726278,0.000369112880435,0.000138826682814,8.1590769696e-05,3.96239338443e-05,2.74480280495e-05,1.02698104456e-05,9.02440751815e-06,9.01457588043e-06,4.56429688711e-06,3.42219800586e-06,2.82303631138e-06,1.03862555534e-06,9.96927496999e-07,9.17295835734e-07,4.86128726607e-07,3.98287113512e-07,7.3510727816e-07,6.2957423097e-07,1.92109297359e-07,2.11116699234e-07,2.80749361536e-07,1.78005990392e-07,1.52648112817e-07,5.46152278957e-08,2.69085997928e-08,2.21161435832e-08,1.16783986925e-08,8.71278960091e-09,5.40921352155e-09,2.44784770231e-09,1.72399927667e-09,1.34840438815e-09,5.70152758339e-10,2.59803761837e-10,1.63923208341e-10],"min":[4.39629934226e-24,2.0910663392e-24,2.61361588864e-24,1.18387961141e-23,1.19210506407e-23,4.21990176081e-24,6.76451776101e-24,3.76829466979e-24,7.27319104992e-24,4.5609906223e-24,7.85239875894e-24,4.44841386024e-24,4.32397854662e-24,1.15320096858e-23,9.78580138547e-24,1.08653882998e-23,6.27065296902e-24,8.57616996201e-24,4.86835607453e-24,7.04710588106e-24,7.45326117331e-24,1.13015092624e-23,1.03928858612e-23,1.00207722836e-23,8.49488415661e-24,5.54148674622e-24,8.11653147811e-24,1.24956829564e-23,9.09769537278e-24,8.86820153596e-24,9.53792708955e-24,7.88665031058e-24,1.03104901285e-23,7.97822917307e-24,9.54611625461e-24,6.76026501187e-24,9.4683961005e-24,1.13791544747e-23,9.24111659624e-24,1.12028022528e-23],"var":[0.000157866728841,4.42126874987e-05,1.54984263645e-05,3.00854799207e-06,1.17935212529e-06,7.00918008079e-07,2.08862957152e-07,7.38722789606e-08,3.69886876683e-08,2.96152222745e-08,2.78640559515e-08,4.33469615757e-08,3.5591273928e-08,7.03535318891e-09,3.61519281178e-09,1.83476966953e-09,2.49539666708e-10,2.28631544252e-10,1.939538391e-10,2.57439208839e-10,2.58499804895e-10,2.54508081277e-10,1.1974668479e-10,7.08466618704e-11,4.06395438135e-11,3.58961853297e-11,3.11184689128e-11,2.91442529832e-11,3.46002358709e-11,3.98279881297e-11,4.6069380949e-11,5.34528914187e-11,2.34517023856e-11,6.62633966794e-12,3.73547330221e-12,1.24647609942e-11,9.54393855612e-12,8.97001830452e-12,3.71559380485e-12,4.42511695689e-13]},"melbands_crest":{"dmean":2.31954908371,"dmean2":3.62874054909,"dvar":7.18884420395,"dvar2":18.5683116913,"max":39.1867980957,"mean":21.5809803009,"median":21.4794273376,"min":1.95056474209,"var":40.4273872375},"melbands_flatness_db":{"dmean":0.0287110134959,"dmean2":0.0412629395723,"dvar":0.00150507281069,"dvar2":0.0029672998935,"max":1,"mean":0.445382744074,"median":0.435390532017,"min":0.00586212286726,"var":0.0204084478319},"melbands_kurtosis":{"dmean":14.0078821182,"dmean2":22.5169200897,"dvar":949.477416992,"dvar2":2281.21606445,"max":915.842895508,"mean":32.3728713989,"median":18.282907486,"min":-1.4393774271,"var":2353.59545898},"melbands_skewness":{"dmean":0.848300397396,"dmean2":1.33709299564,"dvar":1.26455414295,"dvar2":3.02525210381,"max":24.6701488495,"mean":3.75610494614,"median":3.30136752129,"min":-0.694036304951,"var":4.70307064056},"melbands_spread":{"dmean":1.68426513672,"dmean2":2.60788607597,"dvar":15.6821575165,"dvar2":36.4422874451,"max":147.536712646,"mean":5.62488937378,"median":3.59702277184,"min":0.175353437662,"var":94.9920501709},"mfcc":{"cov":[[14825.1220703,1106.94836426,-286.304290771,1338.9329834,324.515563965,-49.9284591675,-224.325332642,321.637298584,-26.7720565796,345.257537842,-186.376602173,42.5327110291,-17.9214706421],[1106.94836426,4085.20825195,-367.084564209,-167.831924438,-199.195739746,-56.6569328308,491.455596924,57.6201553345,95.6204223633,-3.67355799675,43.4385871887,13.4585380554,133.488586426],[-286.304290771,-367.084564209,1072.06286621,421.62298584,442.148010254,290.942779541,112.81539917,177.313690186,49.8035964966,112.620010376,87.6319122314,84.4573516846,21.2739810944],[1338.9329834,-167.831924438,421.62298584,848.162597656,468.472076416,277.493225098,115.668685913,184.977783203,126.78137207,140.391738892,33.3430595398,48.9176979065,27.0383758545],[324.515563965,-199.195739746,442.148010254,468.472076416,617.233581543,269.674316406,108.871406555,189.503768921,96.4679946899,130.976593018,75.9364318848,126.021156311,72.5249404907],[-49.9284591675,-56.6569328308,290.942779541,277.493225098,269.674316406,416.932861328,235.311859131,155.180770874,137.448577881,112.874389648,97.0991821289,102.554664612,84.7548599243],[-224.325332642,491.455596924,112.81539917,115.668685913,108.871406555,235.311859131,486.714691162,213.673568726,182.78565979,142.826934814,121.059799194,111.886932373,125.801139832],[321.637298584,57.6201553345,177.313690186,184.977783203,189.503768921,155.180770874,213.673568726,280.217498779,125.765586853,110.553466797,68.9217453003,90.8328857422,93.9420013428],[-26.7720565796,95.6204223633,49.8035964966,126.78137207,96.4679946899,137.448577881,182.78565979,125.765586853,180.835464478,94.6458511353,49.6446342468,52.2982330322,65.0982818604],[345.257537842,-3.67355799675,112.620010376,140.391738892,130.976593018,112.874389648,142.826934814,110.553466797,94.6458511353,190.85244751,94.642074585,65.8998260498,52.0457229614],[-186.376602173,43.4385871887,87.6319122314,33.3430595398,75.9364318848,97.0991821289,121.059799194,68.9217453003,49.6446342468,94.642074585,174.610687256,104.227012634,48.9350395203],[42.5327110291,13.4585380554,84.4573516846,48.9176979065,126.021156311,102.554664612,111.886932373,90.8328857422,52.2982330322,65.8998260498,104.227012634,246.61517334,103.258163452],[-17.9214706421,133.488586426,21.2739810944,27.0383758545,72.5249404907,84.7548599243,125.801139832,93.9420013428,65.0982818604,52.0457229614,48.9350395203,103.258163452,169.062973022]],"icov":[[0.000117266645248,-6.02898981015e-05,0.00010581414972,-0.000266182381893,0.000124888421851,-1.52332531798e-05,0.000214735060581,-0.000252359866863,0.000268955423962,-0.000394367583795,0.000249676115345,-0.000143334982567,5.69119474676e-05],[-6.02898981015e-05,0.00035282652243,2.69112788374e-05,9.8707008874e-05,-8.29079363029e-05,0.000235777130001,-0.000669719884172,0.000272965262411,-6.0039012169e-05,0.000394604750909,-0.000166121200891,0.000168373488123,-0.000193228421267],[0.00010581414972,2.69112788374e-05,0.00161801755894,-0.000445621786639,-0.000551790173631,-0.000559954263736,5.92990327277e-05,-0.000670120352879,0.0010506848339,-0.000371902307961,-4.27680715802e-05,-4.60326482425e-05,0.000453709159046],[-0.000266182381893,9.8707008874e-05,-0.000445621786639,0.00298536755145,-0.00161722896155,-0.000550635973923,-0.000191453989828,0.000227694792557,-0.0012307864381,0.00019992957823,0.000143966986798,0.000616736768279,0.000452233973192],[0.000124888421851,-8.29079363029e-05,-0.000551790173631,-0.00161722896155,0.00413975818083,-0.00102449674159,0.0011171658989,-0.00125212199055,0.000534223974682,-0.00105192011688,0.000398185482481,-0.00111392047256,-0.000307814334519],[-1.52332531798e-05,0.000235777130001,-0.000559954263736,-0.000550635973923,-0.00102449674159,0.00530306296423,-0.00185725220945,0.000727663689759,-0.00160687719472,0.000743863580283,-0.000959735945798,-2.18662680709e-05,-0.000589754956309],[0.000214735060581,-0.000669719884172,5.92990327277e-05,-0.000191453989828,0.0011171658989,-0.00185725220945,0.00614856509492,-0.00253280531615,-0.00181513512507,-0.0016599415103,-0.000531529891305,-0.000348478963133,-0.000564634276088],[-0.000252359866863,0.000272965262411,-0.000670120352879,0.000227694792557,-0.00125212199055,0.000727663689759,-0.00253280531615,0.00816774461418,-0.00256602023728,0.000130715066916,-0.00024897349067,-1.62469348197e-06,-0.00165498419665],[0.000268955423962,-6.0039012169e-05,0.0010506848339,-0.0012307864381,0.000534223974682,-0.00160687719472,-0.00181513512507,-0.00256602023728,0.0123659046367,-0.00347226648591,0.00152583909221,-8.86994967004e-05,-0.00058664829703],[-0.000394367583795,0.000394604750909,-0.000371902307961,0.00019992957823,-0.00105192011688,0.000743863580283,-0.0016599415103,0.000130715066916,-0.00347226648591,0.0114120552316,-0.00490499148145,0.00102932332084,-0.000482776842546],[0.000249676115345,-0.000166121200891,-4.27680715802e-05,0.000143966986798,0.000398185482481,-0.000959735945798,-0.000531529891305,-0.00024897349067,0.00152583909221,-0.00490499148145,0.0109366448596,-0.00353006878868,0.000897090067156],[-0.000143334982567,0.000168373488123,-4.60326482425e-05,0.000616736768279,-0.00111392047256,-2.18662680709e-05,-0.000348478963133,-1.62469348197e-06,-8.86994967004e-05,0.00102932332084,-0.00353006878868,0.00727475062013,-0.00319608743303],[5.69119474676e-05,-0.000193228421267,0.000453709159046,0.000452233973192,-0.000307814334519,-0.000589754956309,-0.000564634276088,-0.00165498419665,-0.00058664829703,-0.000482776842546,0.000897090067156,-0.00319608743303,0.00977852288634]],"mean":[-772.034973145,192.48475647,30.4615535736,34.8162307739,9.76098537445,3.63163709641,5.16890573502,3.50858473778,-3.53588914871,-0.279911577702,-4.46030521393,1.96416890621,0.087904535234]},"pitch_salience":{"dmean":0.0568215847015,"dmean2":0.0885745510459,"dvar":0.00380905414931,"dvar2":0.00982225779444,"max":0.932782948017,"mean":0.451684266329,"median":0.457228302956,"min":0.040377151221,"var":0.0201683212072},"silence_rate_20dB":{"dmean":0,"dmean2":0,"dvar":0,"dvar2":0,"max":1,"mean":1,"median":1,"min":1,"var":0},"silence_rate_30dB":{"dmean":0.0534636974335,"dmean2":0.106938518584,"dvar":0.0506082847714,"dvar2":0.11817997694,"max":1,"mean":0.674883008003,"median":1,"min":0,"var":0.219414293766},"silence_rate_60dB":{"dmean":0.00104014982935,"dmean2":0.00208051595837,"dvar":0.00103895249777,"dvar2":0.00249184505083,"max":1,"mean":0.0660426393151,"median":0,"min":0,"var":0.0616807378829},"spectral_centroid":{"dmean":102.913803101,"dmean2":150.91897583,"dvar":47507.6445313,"dvar2":82156.484375,"max":11531.2177734,"mean":506.960571289,"median":369.779266357,"min":88.9285812378,"var":274608.03125},"spectral_complexity":{"dmean":1.82400667667,"dmean2":2.89732646942,"dvar":7.0199432373,"dvar2":14.0546035767,"max":52,"mean":9.16515827179,"median":9,"min":0,"var":34.928237915},"spectral_contrast_coeffs":{"dmean":[0.0365229435265,0.0473851114511,0.0365993082523,0.0299248695374,0.0219970662147,0.0194341596216],"dmean2":[0.0575307868421,0.0788685381413,0.0610000379384,0.0499708242714,0.0355089195073,0.0306772831827],"dvar":[0.00125073303934,0.00162978749722,0.000939152669162,0.000677539908793,0.000399698736146,0.00034166732803],"dvar2":[0.00324401236139,0.00433812756091,0.00251167011447,0.00175947579555,0.000986899016425,0.00076342059765],"max":[-0.205034658313,-0.445394217968,-0.492718368769,-0.522775530815,-0.576130390167,-0.55528241396],"mean":[-0.616139769554,-0.703111231327,-0.757386207581,-0.793589890003,-0.79433041811,-0.788105964661],"median":[-0.664559841156,-0.699920356274,-0.764870941639,-0.79639261961,-0.795639574528,-0.782191574574],"min":[-0.977479398251,-0.975858330727,-0.989443004131,-0.979992926121,-0.96588498354,-0.961183905602],"var":[0.0222749300301,0.00620799604803,0.00730013009161,0.00401538051665,0.00344899855554,0.00320527888834]},"spectral_contrast_valleys":{"dmean":[0.27624347806,0.387192100286,0.380588918924,0.358461767435,0.327187716961,0.299869686365],"dmean2":[0.436994343996,0.637034595013,0.617666304111,0.560034155846,0.484358251095,0.444111734629],"dvar":[0.115005448461,0.166701570153,0.23028446734,0.225201949477,0.214956507087,0.183436259627],"dvar2":[0.259752601385,0.407448470592,0.515655696392,0.474463284016,0.425786375999,0.319570153952],"max":[-4.64620018005,-4.4046869278,-5.6330447197,-6.20267438889,-5.76603603363,-7.77079772949],"mean":[-7.14318704605,-7.25212049484,-8.403424263,-9.2307806015,-9.56296634674,-12.4558725357],"median":[-6.24877405167,-6.84535694122,-7.94724798203,-8.94851398468,-9.58746147156,-13.0720930099],"min":[-27.5546550751,-27.2414283752,-27.2934436798,-27.4575061798,-27.5256500244,-27.268781662],"var":[4.95368146896,2.64468622208,2.34937763214,2.32987618446,3.05355477333,2.87706232071]},"spectral_decrease":{"dmean":3.12449222051e-09,"dmean2":4.65148186635e-09,"dvar":2.15722251745e-17,"dvar2":5.71927961817e-17,"max":1.33402998253e-29,"mean":-2.02742498345e-08,"median":-1.9503872295e-08,"min":-7.61044347541e-08,"var":2.11366470841e-16},"spectral_energy":{"dmean":0.0119792362675,"dmean2":0.0178592465818,"dvar":0.000314019416692,"dvar2":0.000833894882817,"max":0.290333300829,"mean":0.0776156932116,"median":0.0745991393924,"min":1.02953403198e-20,"var":0.00307129020803},"spectral_energyband_high":{"dmean":0.000115788265248,"dmean2":0.000151587941218,"dvar":2.91726735213e-07,"dvar2":4.77785988551e-07,"max":0.0137215349823,"mean":0.000202497583814,"median":6.54252926324e-06,"min":7.42631040943e-21,"var":8.69720452101e-07},"spectral_energyband_low":{"dmean":0.00873592402786,"dmean2":0.0124756358564,"dvar":0.000237643762375,"dvar2":0.000642661296297,"max":0.270943880081,"mean":0.0590160638094,"median":0.0573577769101,"min":2.31684708663e-23,"var":0.00249111279845},"spectral_energyband_middle_high":{"dmean":0.000683970924001,"dmean2":0.00110793369822,"dvar":1.58784314408e-06,"dvar2":4.25432062912e-06,"max":0.0219370014966,"mean":0.00166295736562,"median":0.000607183261309,"min":1.31793873146e-21,"var":5.1703623285e-06},"spectral_energyband_middle_low":{"dmean":0.00663628475741,"dmean2":0.0103671755642,"dvar":9.58633827395e-05,"dvar2":0.000248714757618,"max":0.168775707483,"mean":0.0204440653324,"median":0.0168606061488,"min":3.02454193554e-22,"var":0.000334257725626},"spectral_entropy":{"dmean":0.234576761723,"dmean2":0.347140729427,"dvar":0.105275772512,"dvar2":0.212647810578,"max":9.80556106567,"mean":6.24805784225,"median":6.13730955124,"min":3.72881937027,"var":0.784597992897},"spectral_flux":{"dmean":0.0210843142122,"dmean2":0.0337068997324,"dvar":0.000612810719758,"dvar2":0.00144266313873,"max":0.376969486475,"mean":0.0697577595711,"median":0.0616406425834,"min":6.94630603038e-11,"var":0.00239107082598},"spectral_kurtosis":{"dmean":12.5677528381,"dmean2":21.145450592,"dvar":337.08013916,"dvar2":862.666320801,"max":437.397705078,"mean":32.0111846924,"median":19.0042171478,"min":-1.20082008839,"var":1671.66723633},"spectral_rms":{"dmean":0.00066030130256,"dmean2":0.00097680836916,"dvar":6.95087749136e-07,"dvar2":1.79687265245e-06,"max":0.016830092296,"mean":0.00792801752687,"median":0.00853109918535,"min":3.1692641133e-12,"var":1.28685342133e-05},"spectral_rolloff":{"dmean":126.207344055,"dmean2":213.272735596,"dvar":377124.3125,"dvar2":814424.5625,"max":18690.8203125,"mean":578.674438477,"median":236.865234375,"min":21.533203125,"var":3893234.5},"spectral_skewness":{"dmean":0.825054526329,"dmean2":1.35575985909,"dvar":0.938887536526,"dvar2":2.35099005699,"max":18.4233207703,"mean":3.74849319458,"median":3.27001214027,"min":-0.130142912269,"var":5.7341594696},"spectral_spread":{"dmean":426221.75,"dmean2":656022.4375,"dvar":393541582848,"dvar2":744991424512,"max":40476060,"mean":2703890.75,"median":1955795,"min":293075.125,"var":4322577874940.0},"spectral_strongpeak":{"dmean":0.134674146771,"dmean2":0.234793156385,"dvar":0.0791335329413,"dvar2":0.210466891527,"max":3.86712741852,"mean":0.465792179108,"median":0.355836838484,"min":0,"var":0.131478711963},"zerocrossingrate":{"dmean":0.00407761055976,"dmean2":0.0049728192389,"dvar":0.000106447820144,"dvar2":0.000134144851472,"max":0.505859375,"mean":0.0219723004848,"median":0.01171875,"min":0,"var":0.00213153380901}},"metadata":{"audio_properties":{"analysis_sample_rate":44100,"bit_rate":192000,"codec":"mp3","downmix":"mix","equal_loudness":0,"length":223.216323853,"lossless":false,"md5_encoded":"da444a52afac14660a8557202e269bda","replay_gain":-4.92772674561,"sample_rate":44100},"tags":{"acoustid_fingerprint":["AQADtEkYSpKWZMEfaBeoc0c4PC5OXEfPozx-4vAe3Mpx-DMeSqnBP-jR_Cn-4zl-BU2PXrgYZE9SnIe-I081NDtCH3qG8UfPI5USE5F0QyOJ9OCN1xQ8bUaH79iT-WgmBw--HFbIGB8D_zgfHB-P9_CNvjR2FE2cJR8e5EkHPWEKnniO5gj5dzh6nDqoPUcf-biE5oGfp2BIHsdzhDm0VcOJN9B_mAc4lQ1qZUZz_DiFF8eVUMJ8NJn2YzKu41KiBPcPRTrMEXmyLWh2PLh4VP_Q7MR35EJTU0CYMcJz4zva8UFepM-FUuKDZ8GP5kef4Q6PKTdqxWD-GH2YBvdxHfGkHd2aXNDSIz8uXThFW_CDE9-y4sJxnJJymMMpHHme4KEFKuuDR4b6EM-aoJcOV0ed4jYPnTneI_2O81Lw4pKOLF_QdEjU-TiVYb-GHk2NM8W15AijQjeaNMFRKzK0xNKL_MeTFRWFH1d44Y_wj7gZYv1hJzuykFICPTJydSn2EGeOH_lLNMXNFyF9PBdKXEox_-iV4w-cRzjyCdr5IszxZc2RX2iObiqeQ6vM5HDUEdrxDblinDnuVfhRP7CyXAjFfegNnYefo2JaXFmOdod4lM9xctBzdDsoo2dwBfiaQLkuhNOH5vlwqegbNONx5UkyJHtohNHx42iOWunRqwrCfHqC5AqPH64YDv85jLmM62iWxEcWNj90HzmakUEb7wgXJYKW_XiwLaF4nDF2ycOZbQhDVPRBsgmV4jmD-eiFRlaOS8GRR8uh5RGFcDneFGe2B78onEd_bPiJTwdDxPGhx8gL9jjGJjhbdN3hP8H07XgyVGIOP-hDHGX2JHiPJya-gMl5XFuCRw-a-agcFT_8IDuS0uhdVDquH6RG_D9KwtMPn0SrHHk8KBKaF2_w7cEf9PD0oGpQS8KUS8El3IFUpRt-Q7mLkpmFJnSIhznxDM9RbsFz9B7ORqi3HOau4fhGvEtxfPiDGsipF29YHN-L_jBa6UGNZsyLnhKi73CoQnvxyYSubzh6XWg-CX-g5Qh9Cf3RfFbxEj1-G9Sloj-uIJeg5ejkePhS41nRVNlR-4Z-PMfh48eD42yGH-WlHX4agtFyfBfeXOiPJj_0FyGZCLZR8Wh-lCxeGnuUB7maow98vEhHDVYf4Q4eF3-MC941PMuxs3CPnsnxCLGTEPqDN8iP8jCeHh-F_sKVHE9QtjjIx4mIpnrxH7-DnBCj4-HwNvjhH1KPh0a9Gc2IFyeuFz92SbhQLoco9biOciF0hRPeQTt8wnxQbx3yfKhP-KiV49-RM8O34z20a8QzuMoC59gXnI_gZymu44SfJUePyj-09DhOJSJ0Zg5aiHdw3Lha5CveKjhO_INf9Cd-5Dy0L4elC-GB60HzdgjZUsiRB71g9Mcn_MJR8vgH6xBOEvBpmMePH4eP46SJh8eHG4f-I8fN4zicH4dffNeR88JziPJRHnmOz0FIOQ4-_HhwHEdeHj9-uMfRHOeN_A1KZhDfAj_0HDoOSjl-oz7RQ3yOIvuG40d5mNxxHM6H_EKC48aDP_hhGfkPn_iP48eR7_iPw4CPf7iQF_cyaPnxI0-CV0f3ONjhHRdcHNeN_3gRSb1QH0d_8MeZE7eJKfmO4sfx46gf6PqhY8KdDXxwH5hI7MeND34HHYf540fa47B19BcypjsYC7-G4wt-5Dl84kf6Lzjx4z_0Hz_uA01-HNdxKsnRKcpx-MdHXIN_vEj14zl-3OCP5jgjvDHyOpgu_NCP9cYP__hulGXw4ywO_vjx7ejh_jgcscOP-9AhXsd5HB-0D9PZwUfJcML5occLXceIv8C