{"lowlevel":{"average_loudness":0.921433866024,"barkbands":{"dmean":[0.000431066786405,0.00472587626427,0.00190951430704,0.00082312466111,0.00178363616578,0.00107588095125,0.000725682592019,0.000747075071558,0.000600571802352,0.00045500358101,0.000264787347987,0.000420704280259,0.000327651068801,0.000329298811266,0.000386041268939,0.000330937036779,0.000297465652693,0.000199385380256,0.000149268904352,0.000100541088614,7.94110892457e-05,6.21932485956e-05,3.62179780495e-05,3.70295711036e-05,2.12585237023e-05,1.00402658063e-05,3.57062208423e-06],"dmean2":[0.000662058067974,0.00790237076581,0.00324453646317,0.00134832807817,0.00297227827832,0.00169320055284,0.00109011307359,0.00118763826322,0.000909667985979,0.000680857163388,0.000413850910263,0.000668836932164,0.000516477739438,0.000515627092682,0.000612885283772,0.000533158658072,0.000464226555778,0.000317801604979,0.000239957604208,0.000164286335348,0.000131420471007,0.000100517339888,5.53263962502e-05,5.33072307007e-05,3.03520209854e-05,1.38455652632e-05,4.89919648317e-06],"dvar":[7.55132816721e-07,0.000138515446451,1.87824916793e-05,1.82327357834e-06,1.39808798849e-05,3.30329407916e-06,2.1381517854e-06,2.58608542936e-06,2.24051859732e-06,1.38355426316e-06,5.77687956138e-07,1.00202078102e-06,6.66885057399e-07,5.98586609613e-07,8.51093886922e-07,4.40568243221e-07,5.25759503489e-07,2.38265613461e-07,9.46326750295e-08,4.00673449974e-08,3.05071168327e-08,2.27746355108e-08,6.45306075242e-09,9.34476496184e-09,3.07867220606e-09,4.19139140062e-10,4.67446706343e-11],"dvar2":[1.67066957601e-06,0.000391130743083,5.42211782886e-05,4.71551948067e-06,3.81052523153e-05,7.79352376412e-06,4.35312949776e-06,6.2842987063e-06,5.02247485201e-06,3.07091636387e-06,1.24790722111e-06,2.40660938289e-06,1.41804241593e-06,1.2022142073e-06,1.98579596145e-06,1.05075548618e-06,1.20962249639e-06,5.41487395367e-07,2.30925564892e-07,1.03262145501e-07,7.85062610476e-08,5.42015108351e-08,1.3615974126e-08,1.70422111978e-08,6.66189281517e-09,8.73215555419e-10,9.09422259721e-11],"max":[0.0127066634595,0.158190190792,0.0595639310777,0.0235244706273,0.052100546658,0.0381591022015,0.0381669178605,0.0292298868299,0.05436161533,0.0408562272787,0.0275800265372,0.0333104729652,0.023749999702,0.0353841297328,0.025823764503,0.0122204711661,0.0203096047044,0.0136823737994,0.00801846478134,0.00316732469946,0.00346912047826,0.00516634900123,0.00236490112729,0.00302828289568,0.0018909185892,0.000606789253652,0.000281692278804],"mean":[0.000822138565127,0.01107753627,0.00443947780877,0.00169702328276,0.00304426136427,0.00228374451399,0.00163193733897,0.00133559620008,0.00133827945683,0.00109132635407,0.000471202889457,0.000890808529221,0.000697310548276,0.000610918737948,0.000823079899419,0.000698432966601,0.000689592969138,0.000394470524043,0.000287396571366,0.000194339168957,0.000141268290463,0.000114641799883,8.32467339933e-05,9.26055945456e-05,4.91413229611e-05,2.21530262934e-05,6.6624502324e-06],"median":[0.000441626063548,0.00927056930959,0.00364557188004,0.00123204337433,0.00203549047001,0.00112950662151,0.000585246831179,0.000534229446203,0.000379652308766,0.000343815801898,0.000149097730173,0.000318742415402,0.000281773653114,0.000269882206339,0.000227320328122,0.000233243772527,0.000172883635969,0.000112660738523,0.000102983933175,7.88307515904e-05,5.96303725615e-05,4.86309145344e-05,4.05217870139e-05,4.40475778305e-05,2.30782825383e-05,9.12576797418e-06,1.52871643877e-06],"min":[1.08639210186e-23,5.76758232804e-23,2.6572243167e-23,1.34209016246e-23,5.11938005538e-23,2.18593830153e-23,5.3412516026e-23,4.5024040528e-23,7.01047054953e-23,7.39235495831e-23,2.79222019014e-23,3.00166686255e-23,1.50260306717e-22,7.55845624833e-23,1.95881155229e-22,1.11341115584e-22,1.9273055837e-22,1.25797540719e-22,2.82889180927e-22,3.57265839592e-22,3.45544199578e-22,5.75276701536e-22,5.94133430666e-22,9.30909889356e-22,1.38312423919e-21,1.4724943795e-21,2.51814962847e-21],"var":[1.40997792641e-06,0.000126138082123,1.95382363017e-05,3.3557084862e-06,1.42279304782e-05,1.05122435343e-05,9.57807787927e-06,5.42861471331e-06,7.88010220276e-06,4.89093872602e-06,2.0458508061e-06,4.42492319053e-06,2.00346198653e-06,1.30359683226e-06,2.98010786537e-06,1.27406985939e-06,2.29977013078e-06,6.91642355832e-07,2.24711115493e-07,8.35866273974e-08,5.23988035184e-08,4.80782347267e-08,1.95335640996e-08,3.50090338941e-08,8.55480308815e-09,1.25398724737e-09,1.52555773569e-10]},"barkbands_crest":{"dmean":1.89489841461,"dmean2":3.04953718185,"dvar":4.34836673737,"dvar2":12.2634553909,"max":26.3637809753,"mean":10.0243968964,"median":9.12840557098,"min":2.7955095768,"var":16.8955936432},"barkbands_flatness_db":{"dmean":0.0169545374811,"dmean2":0.0255396421999,"dvar":0.000432821107097,"dvar2":0.00100126769394,"max":0.58689314127,"mean":0.148204490542,"median":0.12584720552,"min":0.0196174196899,"var":0.00668464647606},"barkbands_kurtosis":{"dmean":3.46069836617,"dmean2":5.45887565613,"dvar":114.872375488,"dvar2":241.046813965,"max":361.715820313,"mean":7.45238685608,"median":1.53639042377,"min":-1.8909214735,"var":433.756286621},"barkbands_skewness":{"dmean":0.441794484854,"dmean2":0.687368571758,"dvar":0.381468802691,"dvar2":0.892779111862,"max":12.8128614426,"mean":1.82321190834,"median":1.41691493988,"min":-3.06867933273,"var":2.43910312653},"barkbands_spread":{"dmean":4.11815309525,"dmean2":6.33048629761,"dvar":33.1482543945,"dvar2":70.982460022,"max":93.8898468018,"mean":21.1800193787,"median":20.3874530792,"min":0.133996278048,"var":151.236602783},"dissonance":{"dmean":0.0188167206943,"dmean2":0.0314040929079,"dvar":0.000330246373778,"dvar2":0.000890694500413,"max":0.499999910593,"mean":0.456965595484,"median":0.465111136436,"min":0.232856824994,"var":0.00105019670445},"dynamic_complexity":3.47090625763,"erbbands":{"dmean":[0.174582481384,0.97477722168,2.0755341053,2.55908942223,4.73983669281,6.67871713638,5.91878318787,10.5656147003,9.02052879333,14.1915178299,15.6059999466,10.1703662872,15.6674098969,13.6572065353,11.9885826111,15.3262319565,12.8044023514,16.8841896057,18.4027576447,15.1631565094,18.6062679291,15.2398872375,9.95700454712,9.09147357941,5.89044475555,4.56008434296,3.59315991402,2.87265539169,2.31678438187,1.5297960043,1.02094233036,0.811442911625,0.632351100445,0.307597249746,0.119453042746,0.0495002456009,0.0178661644459,0.00490060448647,0.000693497946486,2.39574474108e-05],"dmean2":[0.29082852602,1.65030574799,3.57003068924,4.30791044235,7.78899240494,11.2209653854,9.51549434662,16.4959354401,14.0747318268,20.8489627838,25.1589126587,15.2557783127,22.9364948273,20.4801902771,18.0451431274,24.0856590271,20.0076560974,26.3539466858,29.4089202881,24.0261306763,30.1271247864,23.4849491119,15.5225763321,14.460814476,9.40934944153,7.46356678009,5.96614027023,4.79783964157,3.7505106926,2.44961261749,1.55856359005,1.20241248608,0.9184486866,0.447038412094,0.17061200738,0.0705577209592,0.0249130576849,0.00667700869963,0.000960977980867,3.45837433997e-05],"dvar":[0.151246935129,7.01059675217,24.484172821,23.3172988892,78.1801147461,228.902557373,104.449066162,403.783477783,292.114837646,1060.74682617,1299.25170898,663.938354492,2166.61572266,1090.68200684,1044.9095459,1218.52587891,1015.53240967,1472.5916748,1883.76904297,1279.50671387,1302.46838379,1579.28173828,608.143615723,391.925201416,121.835411072,95.1456680298,64.0448455811,45.045879364,31.1690750122,12.5789489746,5.08391618729,4.28668785095,2.77589392662,0.713064968586,0.089690618217,0.0126031376421,0.00127924850676,8.19670458441e-05,2.00271529138e-06,1.68675307055e-09],"dvar2":[0.422532856464,20.0215015411,70.7666168213,64.3407440186,208.708969116,620.977111816,265.519866943,938.706359863,636.375671387,2206.92333984,3182.99316406,1342.79333496,4400.390625,2438.54516602,2010.84020996,2806.05957031,2362.67163086,3135.01635742,4574.65234375,3040.82250977,3159.24560547,3509.24755859,1343.95129395,913.802612305,293.651824951,246.202438354,167.625091553,114.243431091,72.9514007568,29.1372470856,10.8790626526,8.21224498749,5.35570192337,1.52657306194,0.196402832866,0.0278115235269,0.00274268887006,0.000158832073794,4.02676823796e-06,3.52609053067e-09],"max":[5.95337533951,32.3560180664,71.0955505371,76.5431442261,141.965896606,260.90725708,232.864364624,461.267608643,473.83996582,1000.0357666,653.560302734,1273.58276367,1847.0267334,1244.92077637,1309.64477539,1109.54919434,977.908630371,2058.01416016,1586.59619141,1070.64697266,824.925598145,1122.5456543,925.927978516,540.867675781,218.277435303,152.432510376,165.135238647,141.048538208,190.614990234,89.7279052734,65.5843276978,57.4598045349,51.4410400391,23.5221290588,12.6264104843,4.391477108,1.1996897459,0.279764831066,0.0656061470509,0.00178819603752],"mean":[0.399514347315,2.14635968208,5.01920795441,5.81128501892,8.35397624969,9.91507530212,11.361492157,21.6411418915,19.2957725525,32.8166809082,28.3158187866,23.3423061371,37.4101409912,34.4606704712,27.4083652496,33.2143859863,29.965801239,35.8147583008,41.8472976685,34.1063117981,43.7587013245,38.3483963013,22.5723514557,19.4748916626,12.3276662827,9.07303524017,6.51176071167,4.97120952606,4.24668550491,3.06350564957,2.33449244499,1.9665722847,1.49142920971,0.714744985104,0.26114821434,0.106981016695,0.0377127639949,0.00996366422623,0.00128051789943,7.24796555005e-05],"median":[0.305916815996,1.81650018692,4.11855888367,4.73451900482,5.32696533203,5.67570781708,6.5176897049,9.11656570435,10.2227592468,9.57139778137,12.179567337,8.28469467163,16.6648254395,13.6267356873,10.4481096268,13.9846000671,13.524017334,16.1592330933,13.2059459686,11.7281761169,15.6821174622,9.9846572876,6.88493728638,6.3785610199,5.39496135712,3.81009197235,2.77658629417,2.12177658081,1.79102730751,1.38923859596,1.13057208061,0.894508063793,0.691829919815,0.33455452323,0.117417685688,0.0466756597161,0.0149815622717,0.00338310562074,0.000268049974693,5.51585144422e-05],"min":[1.90064516482e-21,1.14276592978e-20,2.99328455532e-20,4.7405342858e-20,1.3810741924e-19,1.5810575132e-19,1.08708722337e-19,2.0699580906e-19,8.28725837636e-19,5.74123108911e-19,1.08553620802e-18,1.64498864838e-18,2.24607846565e-18,1.64198639635e-18,1.23278159488e-18,1.81008376568e-18,6.70663234125e-18,4.0901339187e-18,9.66613981636e-18,7.27361419314e-18,6.82066456536e-18,1.18991122256e-17,7.76772474178e-18,1.35028880475e-17,1.50723276022e-17,1.37604001255e-17,1.45925413402e-17,1.40640126335e-17,2.36517754324e-17,1.35849079683e-17,1.8380054127e-17,2.01398262862e-17,1.40384941116e-17,1.25499983157e-17,1.20212934195e-17,5.37340041432e-18,2.82678634582e-18,1.24053465537e-18,3.47459206706e-19,3.80389958363e-20],"var":[0.174582123756,5.49596118927,24.114484787,33.4883041382,102.842971802,221.280044556,217.567153931,1234.78771973,908.009765625,5243.12158203,2591.06811523,2301.53637695,5714.60644531,3991.59375,4826.42675781,3844.40087891,2970.38793945,4537.62695313,7768.29296875,3956.50878906,4423.04199219,7404.14404297,2270.21606445,1101.53393555,305.650054932,195.24861145,103.084777832,80.1862335205,69.0283660889,27.8351726532,15.6727819443,15.2796545029,9.48178386688,2.05429124832,0.22564586997,0.0322890914977,0.00370100187138,0.000265960785327,6.2798530962e-06,5.183696139e-09]},"erbbands_crest":{"dmean":2.10078907013,"dmean2":3.29798841476,"dvar":4.13802909851,"dvar2":9.78554153442,"max":32.3914299011,"mean":9.13555622101,"median":8.11990833282,"min":2.00204014778,"var":18.7117366791},"erbbands_flatness_db":{"dmean":0.0141557343304,"dmean2":0.0199941303581,"dvar":0.000250341574429,"dvar2":0.000452904088888,"max":0.431615173817,"mean":0.152984336019,"median":0.141577780247,"min":0.0362130962312,"var":0.00397575087845},"erbbands_kurtosis":{"dmean":0.847184479237,"dmean2":1.2902534008,"dvar":2.45813107491,"dvar2":4.69093990326,"max":66.4504776001,"mean":1.07320821285,"median":0.0896879732609,"min":-1.79321205616,"var":21.5012454987},"erbbands_skewness":{"dmean":0.305704534054,"dmean2":0.457745045424,"dvar":0.113808378577,"dvar2":0.23377366364,"max":7.48487758636,"mean":0.230048120022,"median":0.152919590473,"min":-4.48153162003,"var":0.953486919403},"erbbands_spread":{"dmean":6.44131422043,"dmean2":9.68547439575,"dvar":69.9649505615,"dvar2":146.965820313,"max":143.679107666,"mean":36.3411254883,"median":32.3468971252,"min":3.95598888397,"var":370.305328369},"gfcc":{"cov":[[14083.8496094,-852.794067383,-1105.92663574,934.422973633,-337.181427002,1360.8482666,57.4440498352,773.009521484,130.117553711,207.259750366,55.2425270081,238.715545654,-26.4336929321],[-852.794067383,1067.39538574,-259.191802979,-260.746520996,151.895141602,-141.941680908,61.5374603271,-52.4476852417,68.2922134399,-58.1740074158,94.348526001,-63.8464698792,89.497543335],[-1105.92663574,-259.191802979,1791.09985352,640.58807373,94.6990661621,340.84866333,126.993873596,33.21118927,4.39045476913,41.5020523071,-42.8917427063,3.83632731438,-132.848892212],[934.422973633,-260.746520996,640.58807373,890.891906738,28.6116447449,276.998962402,32.9824371338,140.58744812,57.5577430725,12.3434524536,13.7597103119,-0.510493338108,-84.2272033691],[-337.181427002,151.895141602,94.6990661621,28.6116447449,246.198272705,-19.6827430725,13.9198122025,16.9069156647,38.913230896,-7.83353424072,6.36312770844,2.86696505547,4.76003217697],[1360.8482666,-141.941680908,340.84866333,276.998962402,-19.6827430725,467.097808838,112.352661133,96.2640075684,7.47798156738,34.6015014648,-8.93615436554,7.473508358,-43.7829666138],[57.4440498352,61.5374603271,126.993873596,32.9824371338,13.9198122025,112.352661133,177.097061157,23.1269054413,-13.4329252243,12.5750608444,7.64264059067,-8.26410293579,-18.4131679535],[773.009521484,-52.4476852417,33.21118927,140.58744812,16.9069156647,96.2640075684,23.1269054413,166.612594604,49.6901817322,-7.19079637527,20.8921031952,20.116317749,-16.3076305389],[130.117553711,68.2922134399,4.39045476913,57.5577430725,38.913230896,7.47798156738,-13.4329252243,49.6901817322,117.446784973,28.9617042542,10.4269857407,-5.36140203476,1.71590077877],[207.259750366,-58.1740074158,41.5020523071,12.3434524536,-7.83353424072,34.6015014648,12.5750608444,-7.19079637527,28.9617042542,96.9790039063,9.75512886047,-6.84733724594,-10.1661214828],[55.2425270081,94.348526001,-42.8917427063,13.7597103119,6.36312770844,-8.93615436554,7.64264059067,20.8921031952,10.4269857407,9.75512886047,86.1315231323,15.6847229004,1.37428772449],[238.715545654,-63.8464698792,3.83632731438,-0.510493338108,2.86696505547,7.473508358,-8.26410293579,20.116317749,-5.36140203476,-6.84733724594,15.6847229004,76.3211364746,19.1717586517],[-26.4336929321,89.497543335,-132.848892212,-84.2272033691,4.76003217697,-43.7829666138,-18.4131679535,-16.3076305389,1.71590077877,-10.1661214828,1.37428772449,19.1717586517,82.4654006958]],"icov":[[0.000237576416112,-0.000100446297438,0.000366982247215,-0.000232964142924,0.000172716376255,-0.000678155163769,0.000294336728984,-0.000760872208048,0.000340727041475,-0.000713320856448,0.000420990632847,-0.00071871757973,0.000148704944877],[-0.000100446297438,0.00217777653597,-0.000196082008188,0.000612304429524,-0.000990829779767,0.000245122180786,-0.0012343962444,0.00133997236844,-0.00201489846222,0.00251998682506,-0.0031799224671,0.00296531850472,-0.00219329074025],[0.000366982247215,-0.000196082008188,0.00151141535025,-0.000956385862082,-9.09247537493e-05,-0.00132072262932,9.13326293812e-05,-0.000563448586036,0.000598889251705,-0.00131820817478,0.00125779106747,-0.00174185459036,0.00121049198788],[-0.000232964142924,0.000612304429524,-0.000956385862082,0.00233309273608,-0.0003350196057,-1.13101323223e-05,9.92919667624e-05,-4.48610735475e-05,-0.00122608046513,0.00159593508579,-0.00169579358771,0.00175327318721,-2.74184967566e-05],[0.000172716376255,-0.000990829779767,-9.09247537493e-05,-0.0003350196057,0.00514217326418,4.61478011857e-05,1.02712556327e-05,-0.00105351093225,-0.000782941409852,-0.000536244129762,0.0013358888682,-0.00179090443999,0.000507953634951],[-0.000678155163769,0.000245122180786,-0.00132072262932,-1.13101323223e-05,4.61478011857e-05,0.00554490461946,-0.00254799984396,0.000554451718926,-0.000320170714986,0.0007413214189,-0.000157000104082,0.00160584412515,-0.00041327328654],[0.000294336728984,-0.0012343962444,9.13326293812e-05,9.92919667624e-05,1.02712556327e-05,-0.00254799984396,0.00832679774612,-0.00241872505285,0.00299821933731,-0.00264545413665,0.000822853879072,-0.000736278481781,0.00147904187907],[-0.000760872208048,0.00133997236844,-0.000563448586036,-4.48610735475e-05,-0.00105351093225,0.000554451718926,-0.00241872505285,0.0128866201267,-0.00642649782822,0.00609155744314,-0.00406903866678,0.000658489996567,0.0005112150684],[0.000340727041475,-0.00201489846222,0.000598889251705,-0.00122608046513,-0.000782941409852,-0.000320170714986,0.00299821933731,-0.00642649782822,0.014786567539,-0.0076248459518,0.00305961677805,-0.00104113912676,0.000225675656111],[-0.000713320856448,0.00251998682506,-0.00131820817478,0.00159593508579,-0.000536244129762,0.0007413214189,-0.00264545413665,0.00609155744314,-0.0076248459518,0.0173383876681,-0.0062881517224,0.0050852955319,-0.00119998096488],[0.000420990632847,-0.0031799224671,0.00125779106747,-0.00169579358771,0.0013358888682,-0.000157000104082,0.000822853879072,-0.00406903866678,0.00305961677805,-0.0062881517224,0.0182543545961,-0.00798287149519,0.003811692819],[-0.00071871757973,0.00296531850472,-0.00174185459036,0.00175327318721,-0.00179090443999,0.00160584412515,-0.000736278481781,0.000658489996567,-0.00104113912676,0.0050852955319,-0.00798287149519,0.0215635746717,-0.00777367595583],[0.000148704944877,-0.00219329074025,0.00121049198788,-2.74184967566e-05,0.000507953634951,-0.00041327328654,0.00147904187907,0.0005112150684,0.000225675656111,-0.00119998096488,0.003811692819,-0.00777367595583,0.0182500388473]],"mean":[-2.43520951271,101.488952637,-101.990562439,29.1653594971,-43.3653831482,14.9967699051,-33.5479240417,9.24228858948,-16.993560791,3.88169741631,-12.2377290726,0.486413955688,-9.03320217133]},"hfc":{"dmean":4.58493995667,"dmean2":7.07348489761,"dvar":52.6714439392,"dvar2":127.840827942,"max":100.736938477,"mean":21.0751991272,"median":17.8231391907,"min":1.14846709159e-16,"var":267.428894043},"melbands":{"dmean":[0.00139429757837,0.00110369478352,0.00045035322546,0.000431922759162,0.000208717756323,0.000222825488891,0.000142800607136,0.00015523674665,0.000113593770948,7.66668454162e-05,8.10103665572e-05,5.93271870457e-05,4.06693216064e-05,5.22462396475e-05,2.7755226256e-05,3.41031263815e-05,3.10722352879e-05,3.04092154693e-05,2.65698126896e-05,1.90461923921e-05,2.43232589128e-05,1.8736025595e-05,1.22241963254e-05,1.0277466572e-05,7.89314617577e-06,5.20140883964e-06,4.01937131755e-06,3.06850029119e-06,2.52773088505e-06,2.03751346817e-06,1.66986865224e-06,1.40689758155e-06,1.23939412333e-06,7.93636615981e-07,6.54571408631e-07,5.53991469587e-07,5.31280363703e-07,5.13013048931e-07,3.76731009055e-07,2.49037270805e-07],"dmean2":[0.00231548584998,0.00189845787827,0.00074537290493,0.000727829348762,0.000335998658556,0.000348529138137,0.000221152818995,0.000231313504628,0.000183623647899,0.000115281589387,0.000118682160974,8.90921219252e-05,6.1615879531e-05,8.30110366223e-05,4.41412594228e-05,5.29801327502e-05,4.83687399537e-05,4.885312228e-05,4.12644367316e-05,3.04743534798e-05,3.93150767195e-05,2.84975067188e-05,1.86658016901e-05,1.61636817211e-05,1.26573004309e-05,8.36053368403e-06,6.54652831145e-06,5.03862474943e-06,4.217219157e-06,3.41795384884e-06,2.81155394077e-06,2.29969054999e-06,2.03580702873e-06,1.27107375647e-06,1.02996455098e-06,8.42500469389e-07,8.09355469755e-07,7.64509081819e-07,5.69117617033e-07,3.70115117221e-07],"dvar":[1.0812529581e-05,7.85658085078e-06,6.03797843723e-07,9.31943702653e-07,1.29919584424e-07,1.66436748827e-07,6.69737971748e-08,1.1058116911e-07,7.22505077988e-08,3.93188130943e-08,5.39128350852e-08,2.15096509493e-08,1.2191894605e-08,1.66549973812e-08,3.74324837793e-09,6.34148644707e-09,5.3169619818e-09,4.92021046128e-09,5.15775155918e-09,1.73772252143e-09,2.43786901777e-09,2.36218866689e-09,1.21752041782e-09,7.58335561013e-10,3.14830744808e-10,1.13136847113e-10,5.69079020019e-11,4.56695237183e-11,3.35418880171e-11,2.02689028755e-11,1.65829641685e-11,1.30808315568e-11,8.82258675838e-12,3.25356235009e-12,2.16001630644e-12,1.71190102025e-12,2.12564297761e-12,1.74752692785e-12,1.06443478164e-12,4.79775073836e-13],"dvar2":[3.03141350741e-05,2.25233088713e-05,1.63395782238e-06,2.54914652942e-06,3.40211641969e-07,3.88744098245e-07,1.43476725611e-07,2.39214500652e-07,1.75138765712e-07,8.33337239214e-08,1.09793624858e-07,4.83970694631e-08,2.3929539239e-08,3.94037336093e-08,8.89891449418e-09,1.33190880547e-08,1.11756577326e-08,1.20931495928e-08,1.17972005498e-08,3.99488619962e-09,5.73624969746e-09,4.89188245467e-09,2.56292187473e-09,1.68822400504e-09,7.42005457077e-10,2.70183125872e-10,1.44149234216e-10,1.16688728125e-10,8.82108761036e-11,5.2271090234e-11,4.20702812864e-11,3.15084902613e-11,2.17250488432e-11,7.43634320788e-12,5.04150367286e-12,3.51440903289e-12,4.29162434756e-12,3.49997461568e-12,2.25388544633e-12,1.08524235605e-12],"max":[0.049031291157,0.0385598726571,0.0128176622093,0.0131393661723,0.00704342033714,0.00907661765814,0.00677766557783,0.00918994564563,0.00512067507952,0.00891290232539,0.00902685336769,0.00585728045553,0.00445562321693,0.00459142634645,0.00231890007854,0.00324421562254,0.00387950264849,0.00236842315644,0.00226307264529,0.00109516759403,0.00108049251139,0.00133075495251,0.00117850466631,0.000950297806412,0.000545656483155,0.000287011585897,0.000111428162199,0.000108498250484,0.000119308031572,0.000120245364087,0.000109828877612,0.000157363901963,7.42182455724e-05,4.88313562528e-05,4.4819284085e-05,4.28198291047e-05,4.40211624664e-05,3.75186536985e-05,3.04589939333e-05,2.33633072639e-05],"mean":[0.00325293373317,0.00275486428291,0.0011020062957,0.000660676974803,0.000404539197916,0.000463716540253,0.00031693346682,0.000346702930983,0.000198699344764,0.000172895292053,0.000193654283066,0.000146249090903,8.15252278699e-05,0.000109973472718,5.97288562858e-05,7.63880743762e-05,6.00571984251e-05,6.41712031211e-05,5.39443462912e-05,4.08232117479e-05,5.22190493939e-05,4.11042747146e-05,2.49203440035e-05,2.01442289836e-05,1.54299486894e-05,9.72996258497e-06,7.78458706918e-06,5.53283325644e-06,4.24869131166e-06,3.34156538884e-06,2.68626195066e-06,2.42586520471e-06,2.12565032598e-06,1.5364465753e-06,1.35510117616e-06,1.2321631857e-06,1.18470450161e-06,1.11605379516e-06,8.28134773201e-07,5.24670099367e-07],"median":[0.00260760658421,0.00235614832491,0.000915711803827,0.000409984844737,0.000245355826337,0.000203906238312,0.000165406148881,0.000111765242764,7.67571473261e-05,5.0056973123e-05,8.37521001813e-05,5.00343594467e-05,2.78649531538e-05,3.7173878809e-05,2.4285618565e-05,3.26076478814e-05,2.5128307243e-05,1.77297006303e-05,1.5862609871e-05,1.44135356095e-05,1.74221022462e-05,9.32248985919e-06,6.26027122053e-06,5.32089779881e-06,4.69342967335e-06,3.75964759769e-06,3.04577588395e-06,2.05184687729e-06,1.59210242145e-06,1.38620112011e-06,1.06514983145e-06,9.75882358034e-07,9.1374204203e-07,6.78783635522e-07,6.48419529625e-07,5.56121335649e-07,5.03764738369e-07,4.9759569265e-07,3.75514673578e-07,2.38126489194e-07],"min":[1.6555760709e-23,1.66428493752e-23,1.02973761048e-23,1.16764832497e-23,4.36596211843e-24,5.12787316854e-24,1.21949131703e-23,7.49223090202e-24,8.35637438115e-24,1.10857392388e-23,1.1428238978e-23,7.33521366087e-24,3.64773069107e-24,4.23288601688e-24,8.45508454622e-24,1.50639852942e-23,5.89781442825e-24,1.50893124624e-23,1.16964919177e-23,7.57130316372e-24,8.05719414968e-24,1.41968204778e-23,5.91236772866e-24,7.48099200071e-24,1.15013569176e-23,9.2746715837e-24,1.29371003312e-23,8.5731636131e-24,8.14998864682e-24,1.09938984745e-23,7.04409637671e-24,1.40037294163e-23,9.65869617211e-24,6.42028686653e-24,9.86374873151e-24,1.45581566377e-23,1.168439868e-23,1.06964213937e-23,8.63381202835e-24,1.131567326e-23],"var":[1.10621986096e-05,6.84054612066e-06,9.82072037914e-07,8.56571489294e-07,2.42976597065e-07,5.2552542229e-07,2.28075435871e-07,4.8544660558e-07,1.41215267035e-07,1.41928850894e-07,1.48654024201e-07,7.95543471099e-08,4.8628407967e-08,7.76582780304e-08,1.16518465987e-08,2.38094184368e-08,1.45095446769e-08,1.9797033346e-08,1.28513217845e-08,5.53008794313e-09,7.3154429181e-09,8.9971345929e-09,4.36811475879e-09,2.06262495972e-09,7.77746811398e-10,2.54514881393e-10,1.30154803601e-10,9.27496829339e-11,5.21204433779e-11,3.10571048046e-11,2.93151683484e-11,2.69777655076e-11,1.54013520687e-11,7.41587086878e-12,5.40017162931e-12,5.51679795596e-12,6.63897886319e-12,5.47493213959e-12,3.15764298389e-12,1.15094327298e-12]},"melbands_crest":{"dmean":2.41349935532,"dmean2":3.92916083336,"dvar":6.64451551437,"dvar2":18.3357810974,"max":37.1937484741,"mean":14.4283266068,"median":13.7531938553,"min":1.63270390034,"var":22.2398834229},"melbands_flatness_db":{"dmean":0.0206821337342,"dmean2":0.0317831151187,"dvar":0.00069587683538,"dvar2":0.0016420861939,"max":0.743557929993,"mean":0.234860137105,"median":0.21310018003,"min":0.000482409988763,"var":0.00886472687125},"melbands_kurtosis":{"dmean":6.57118415833,"dmean2":10.4654855728,"dvar":229.977005005,"dvar2":566.323242188,"max":504.885253906,"mean":17.9290046692,"median":6.86353969574,"min":-1.88065266609,"var":1389.32800293},"melbands_skewness":{"dmean":0.563373923302,"dmean2":0.87738776207,"dvar":0.600045382977,"dvar2":1.45712995529,"max":17.4871749878,"mean":2.85520267487,"median":2.3692855835,"min":-0.63130736351,"var":3.67788124084},"melbands_spread":{"dmean":4.51244163513,"dmean2":7.03082275391,"dvar":47.8455734253,"dvar2":100.038124084,"max":212.005828857,"mean":20.5145626068,"median":18.7050247192,"min":0.280942380428,"var":210.111282349},"mfcc":{"cov":[[11885.3417969,-346.232727051,-800.839294434,33.2422142029,-1.11903715134,231.090835571,201.115432739,477.868713379,300.65802002,262.616485596,182.712265015,172.491622925,193.242538452],[-346.232727051,1036.30993652,-222.806228638,-209.358428955,-7.04419231415,-59.4271125793,-4.7736492157,-23.524225235,-9.45261669159,16.5742893219,-2.22948312759,4.399766922,13.8478927612],[-800.839294434,-222.806228638,1226.0246582,444.49810791,161.0756073,334.675445557,215.433807373,117.868858337,78.8855361938,48.8531608582,85.9166488647,29.182888031,9.0396490097],[33.2422142029,-209.358428955,444.49810791,624.930419922,209.329940796,123.307373047,89.4959716797,112.127449036,41.956073761,54.9522247314,47.8132553101,41.1842155457,49.1196784973],[-1.11903715134,-7.04419231415,161.0756073,209.329940796,266.929626465,59.411693573,14.5989732742,68.606552124,41.3278236389,27.4488048553,13.8518371582,16.3309955597,29.6208953857],[231.090835571,-59.4271125793,334.675445557,123.307373047,59.411693573,297.045959473,139.613540649,52.0456161499,66.6545639038,45.0291290283,45.4736824036,10.1802177429,16.1027774811],[201.115432739,-4.7736492157,215.433807373,89.4959716797,14.5989732742,139.613540649,212.798751831,94.8441925049,32.3538818359,28.9402694702,42.9339752197,8.84806251526,-1.03031301498],[477.868713379,-23.524225235,117.868858337,112.127449036,68.606552124,52.0456161499,94.8441925049,178.508026123,50.2398719788,16.4441871643,35.1174964905,23.2809906006,5.26705026627],[300.65802002,-9.45261669159,78.8855361938,41.956073761,41.3278236389,66.6545639038,32.3538818359,50.2398719788,116.987709045,33.6933403015,11.7660741806,17.3602294922,13.6710262299],[262.616485596,16.5742893219,48.8531608582,54.9522247314,27.4488048553,45.0291290283,28.9402694702,16.4441871643,33.6933403015,103.647453308,39.2033843994,8.98599815369,19.363489151],[182.712265015,-2.22948312759,85.9166488647,47.8132553101,13.8518371582,45.4736824036,42.9339752197,35.1174964905,11.7660741806,39.2033843994,101.481719971,26.3705215454,-0.0105351377279],[172.491622925,4.399766922,29.182888031,41.1842155457,16.3309955597,10.1802177429,8.84806251526,23.2809906006,17.3602294922,8.98599815369,26.3705215454,89.0589447021,28.2643489838],[193.242538452,13.8478927612,9.0396490097,49.1196784973,29.6208953857,16.1027774811,-1.03031301498,5.26705026627,13.6710262299,19.363489151,-0.0105351377279,28.2643489838,86.5769958496]],"icov":[[0.000131696506287,7.29990570107e-05,0.000193670057342,4.57725445813e-06,9.48723536567e-05,-0.000186973324162,3.60379563062e-05,-0.000382734986488,-0.000131482447614,-0.000206733733648,-9.71048357314e-05,-8.23889058665e-05,-0.0002085306769],[7.29990570107e-05,0.00114486902021,0.000198469657334,0.000492610270157,-0.000354961521225,0.000117704432341,-0.000380672136089,-8.54772224557e-05,2.2191663902e-06,-0.000431697582826,-0.000106783772935,-0.000180132905371,-0.000391045468859],[0.000193670057342,0.000198469657334,0.00182002282236,-0.000781691283919,1.30345242724e-05,-0.00143615039997,-0.000448187929578,-0.000352303613909,-0.000315662822686,0.000128076833789,-0.000535117986146,-0.000159200790222,0.000141303258715],[4.57725445813e-06,0.000492610270157,-0.000781691283919,0.00314276828431,-0.00172999617644,0.000314310571412,-0.0002654340351,-0.000714105612133,0.000677221745718,-0.000886920839548,2.68443382083e-05,-0.0004790040839,-0.00096892460715],[9.48723536567e-05,-0.000354961521225,1.30345242724e-05,-0.00172999617644,0.00591386109591,-0.00090198480757,0.00178752606735,-0.0020205816254,-0.000741591153201,-0.000382720550988,0.000310104311211,0.000342552870279,-0.000795288709924],[-0.000186973324162,0.000117704432341,-0.00143615039997,0.000314310571412,-0.00090198480757,0.00719629181549,-0.00364177115262,0.00218188134022,-0.00226998631842,-0.000157920061611,-0.000771055347286,0.000717174028978,-0.000676275230944],[3.60379563062e-05,-0.000380672136089,-0.000448187929578,-0.0002654340351,0.00178752606735,-0.00364177115262,0.00957354716957,-0.00462425127625,0.00123005046044,-0.000823886482976,-0.000564126006793,0.000419052463258,0.000492029474117],[-0.000382734986488,-8.54772224557e-05,-0.000352303613909,-0.000714105612133,-0.0020205816254,0.00218188134022,-0.00462425127625,0.0108660552651,-0.00292160594836,0.00204029097222,-0.00147383008152,-0.000612825795542,0.0010841920739],[-0.000131482447614,2.2191663902e-06,-0.000315662822686,0.000677221745718,-0.000741591153201,-0.00226998631842,0.00123005046044,-0.00292160594836,0.0122747952119,-0.00321736070327,0.00203689141199,-0.00162856746465,0.000123395817354],[-0.000206733733648,-0.000431697582826,0.000128076833789,-0.000886920839548,-0.000382720550988,-0.000157920061611,-0.000823886482976,0.00204029097222,-0.00321736070327,0.0139252189547,-0.00504360347986,0.00182663195301,-0.00215667276643],[-9.71048357314e-05,-0.000106783772935,-0.000535117986146,2.68443382083e-05,0.000310104311211,-0.000771055347286,-0.000564126006793,-0.00147383008152,0.00203689141199,-0.00504360347986,0.0142963407561,-0.00409887684509,0.00254100235179],[-8.23889058665e-05,-0.000180132905371,-0.000159200790222,-0.0004790040839,0.000342552870279,0.000717174028978,0.000419052463258,-0.000612825795542,-0.00162856746465,0.00182663195301,-0.00409887684509,0.0144429821521,-0.00457422854379],[-0.0002085306769,-0.000391045468859,0.000141303258715,-0.00096892460715,-0.000795288709924,-0.000676275230944,0.000492029474117,0.0010841920739,0.000123395817354,-0.00215667276643,0.00254100235179,-0.00457422854379,0.0149076525122]],"mean":[-647.931945801,131.755706787,6.03434085846,20.6805858612,13.2301473618,8.04738903046,1.55996882915,4.23145198822,1.7883181572,4.34967470169,0.386555612087,2.44877934456,0.883241057396]},"pitch_salience":{"dmean":0.0573187693954,"dmean2":0.0932621285319,"dvar":0.00313443085179,"dvar2":0.00858545675874,"max":0.960312247276,"mean":0.511825501919,"median":0.514347732067,"min":0.111673511565,"var":0.0112388804555},"silence_rate_20dB":{"dmean":0,"dmean2":0,"dvar":0,"dvar2":0,"max":1,"mean":1,"median":1,"min":1,"var":0},"silence_rate_30dB":{"dmean":0.00832938961685,"dmean2":0.0166603550315,"dvar":0.00825955253094,"dvar2":0.022818133235,"max":1,"mean":0.994889259338,"median":1,"min":0,"var":0.00508483825251},"silence_rate_60dB":{"dmean":0.0053005204536,"dmean2":0.0106020448729,"dvar":0.00527109578252,"dvar2":0.0112488372251,"max":1,"mean":0.0753359869123,"median":0,"min":0,"var":0.0696609243751},"spectral_centroid":{"dmean":194.206161499,"dmean2":298.59375,"dvar":75342.1953125,"dvar2":156160.984375,"max":11101.4599609,"mean":1190.8560791,"median":1150.44042969,"min":107.196487427,"var":352949.84375},"spectral_complexity":{"dmean":3.1646001339,"dmean2":5.0935254097,"dvar":16.3962135315,"dvar2":36.9495887756,"max":55,"mean":18.7271442413,"median":18,"min":0,"var":92.558380127},"spectral_contrast_coeffs":{"dmean":[0.0409736335278,0.0445547960699,0.0346444435418,0.0293493717909,0.0227277111262,0.0188079234213],"dmean2":[0.068569034338,0.0729056298733,0.0559842064977,0.047528155148,0.0361135974526,0.0306288301945],"dvar":[0.00123397726566,0.00142847374082,0.000843994203024,0.000620560778771,0.000438978575403,0.00044409633847],"dvar2":[0.0033602619078,0.00370737304911,0.00211614347063,0.00154137006029,0.000985251856036,0.00111749430653],"max":[-0.243506237864,-0.405880689621,-0.464131772518,-0.521383166313,-0.529201328754,-0.590312600136],"mean":[-0.685092568398,-0.70339679718,-0.744782328606,-0.761169850826,-0.779268682003,-0.781448185444],"median":[-0.69543659687,-0.705342531204,-0.74734389782,-0.76360887289,-0.788662970066,-0.783999562263],"min":[-0.948497354984,-0.976239264011,-0.965934276581,-0.962046742439,-0.964444577694,-0.955552220345],"var":[0.00510207889602,0.00541417906061,0.00582087738439,0.00453038886189,0.00369954574853,0.00158494338393]},"spectral_contrast_valleys":{"dmean":[0.302331328392,0.346890062094,0.298049420118,0.292173087597,0.286266714334,0.234690204263],"dmean2":[0.501481235027,0.572526812553,0.482153892517,0.466323286295,0.437621504068,0.314801365137],"dvar":[0.0852793082595,0.115254499018,0.0843590274453,0.107397556305,0.142987012863,0.102222003043],"dvar2":[0.208256483078,0.276866257191,0.184678539634,0.23265363276,0.307469844818,0.167283058167],"max":[-4.99042463303,-4.52235126495,-5.40582704544,-5.5567779541,-5.43952608109,-7.67857694626],"mean":[-6.79761314392,-6.90297746658,-7.51505279541,-7.81852388382,-7.84399318695,-10.249920845],"median":[-6.35529947281,-6.66391849518,-7.21287250519,-7.53421115875,-7.56358480453,-9.86128044128],"min":[-27.7639923096,-26.9195709229,-27.2579784393,-27.0427951813,-27.4289321899,-27.3901023865],"var":[2.26005864143,1.31647384167,1.59364485741,1.54844653606,1.63752841949,1.97566843033]},"spectral_decrease":{"dmean":2.21793672317e-09,"dmean2":3.64607544157e-09,"dvar":1.72946144923e-17,"dvar2":4.64608854313e-17,"max":3.73634095561e-30,"mean":-8.77451178383e-09,"median":-8.33382962639e-09,"min":-5.66036533201e-08,"var":2.89428941233e-17},"spectral_energy":{"dmean":0.00864819530398,"dmean2":0.0141903851181,"dvar":0.000256367522525,"dvar2":0.000685776467435,"max":0.216785222292,"mean":0.0350285433233,"median":0.0332004874945,"min":1.04028309864e-20,"var":0.000454760796856},"spectral_energyband_high":{"dmean":0.000229637575103,"dmean2":0.000348301342456,"dvar":2.14517655195e-07,"dvar2":4.87721479203e-07,"max":0.00953916367143,"mean":0.000598492391873,"median":0.000331571442075,"min":7.82347827249e-21,"var":6.32625472008e-07},"spectral_energyband_low":{"dmean":0.00622139824554,"dmean2":0.0104617336765,"dvar":0.000212771832594,"dvar2":0.000591652409639,"max":0.200161069632,"mean":0.0172428749502,"median":0.0155172683299,"min":1.03358171389e-22,"var":0.000215948501136},"spectral_energyband_middle_high":{"dmean":0.0016043826472,"dmean2":0.00249096774496,"dvar":5.86625628785e-06,"dvar2":1.34473784783e-05,"max":0.0494848266244,"mean":0.006651468575,"median":0.00488764978945,"min":1.44316864574e-21,"var":4.52115054941e-05},"spectral_energyband_middle_low":{"dmean":0.00363745656796,"dmean2":0.00578444218263,"dvar":3.00119882013e-05,"dvar2":7.65797667555e-05,"max":0.0797624886036,"mean":0.0115140341222,"median":0.0100037269294,"min":2.74895634442e-22,"var":7.47177327867e-05},"spectral_entropy":{"dmean":0.146526634693,"dmean2":0.215510770679,"dvar":0.0354952663183,"dvar2":0.0699875727296,"max":9.78852844238,"mean":7.41460323334,"median":7.53251266479,"min":4.59178590775,"var":0.355077832937},"spectral_flux":{"dmean":0.0228206887841,"dmean2":0.0357905030251,"dvar":0.000863113615196,"dvar2":0.00172680069227,"max":0.346173942089,"mean":0.077929854393,"median":0.0701685845852,"min":1.01994267199e-10,"var":0.00240854499862},"spectral_kurtosis":{"dmean":2.12240004539,"dmean2":3.580514431,"dvar":19.4033374786,"dvar2":57.5067100525,"max":99.8640670776,"mean":6.68755674362,"median":4.6259355545,"min":-1.1930103302,"var":72.7585678101},"spectral_rms":{"dmean":0.000636667944491,"dmean2":0.00102317612618,"dvar":9.22532535697e-07,"dvar2":2.38349139181e-06,"max":0.0145429633558,"mean":0.00551390321925,"median":0.0056912843138,"min":3.18576567036e-12,"var":3.77125661544e-06},"spectral_rolloff":{"dmean":280.532073975,"dmean2":470.726470947,"dvar":405355.78125,"dvar2":810261.8125,"max":18669.2871094,"mean":1153.46057129,"median":904.39453125,"min":43.06640625,"var":1153023.125},"spectral_skewness":{"dmean":0.247817665339,"dmean2":0.402547478676,"dvar":0.122696101665,"dvar2":0.336756885052,"max":7.70790338516,"mean":1.82130253315,"median":1.68921852112,"min":-0.18374992907,"var":0.618213176727},"spectral_spread":{"dmean":462527,"dmean2":645773.6875,"dvar":430004240384,"dvar2":700635152384,"max":40958800,"mean":4529718.5,"median":4322022,"min":827588.875,"var":2749999349760.0},"spectral_strongpeak":{"dmean":0.397616863251,"dmean2":0.691839158535,"dvar":0.838504731655,"dvar2":2.13106799126,"max":12.3376092911,"mean":0.701061964035,"median":0.25685274601,"min":0,"var":1.50587058067},"zerocrossingrate":{"dmean":0.00711610401049,"dmean2":0.00835444405675,"dvar":9.78640455287e-05,"dvar2":0.000103784586827,"max":0.5048828125,"mean":0.0477896369994,"median":0.04541015625,"min":0.00244140625,"var":0.000782314396929}},"metadata":{"audio_properties":{"analysis_sample_rate":44100,"bit_rate":192000,"codec":"mp3","downmix":"mix","equal_loudness":0,"length":245.315917969,"lossless":false,"md5_encoded":"9352288839cd44c8c37646cbfdfc3407","replay_gain":-5.28868103027,"sample_rate":44100},"tags":{"acoustid_fingerprint":["AQADtGpT9Qiz8EXJFlruBNoV5DueZTms_PjRS2gelGgWZsd3-E5w5kic5sjHjPDe4IkVNE9yhDsbaOwRZiFXXD_uwHqCXEiqLMsawnvxxBt84blR2kGYKOR4_Dh8nMEnHZ6VCq8iNJdyaId-eGGU4XyQww_ORMiT8fBjnBTsLDnOQyPCLGTwL_i5wo2P0Sf-gYqy4eIxcWjqI2n-BOETEU02kcFtNC56XMekPzDHHPfREI8UcGoyoel29C8iZzl-Baoe-Bku_DfK8RnE40L7oQ_MCtoThN5h_eh-HNUPdzyuwDia43iO28gZQyf6IQ3RNceF3oP1oE8UtNEJbz1qFXmP5k_wQc-L8zCVQ-xxoWWM0Cp8yXja4TXyH1egT3gF_3AZeXhwyHQL49fwXYV-_MiHlzlc9D8-XMH-4N7R6sh05jgfvIe_D2c-pJx09OFR9YpBvRZ-HNF0XL2hm8YvPEPf48VnXIeqUR26-Eh_nHjhTEmMI1emEuaGX-jaQc_xJWGRK9PRixGapwuOo1YyonEW40d86MePxs1Q-_iF6-gJ33h2xMyFK0F_9DFM1BQKm7gOH2GPK9C34CKHasd76Mf3Il8Hf2g5_Mh_JBNfCXaChx-u4zPu4TB3JLOmDbGYpTiPH3_QXN9wcbiQNykcWYSOB7l3pFOOUyd00rAenEd8uJECl0f4rGgeGsWzBz8uiUF7pHHw1DgeKUFenDTuVIN-4g6eXAh9PA_6w5yFHLE0Bk51Eb0U40f5B74enCPSQzvxC3lP_Hg4oi-uBI-L42h-XBT6RWg64kUbKkazF__xbA4eFZdFoZFOPJlxWPzho9_xCr2RMDXySDr8D7V49JEq2BGP58cL90U_vAxyHO9eaDKaOhzxq1LQz3Au9EW9QZ2u4Bv-FD8spUfPBHqO5ghP9DoaUcc3Cz9-5UGbw8eDH2l1PCHOwzL6DUKtEt6SHbU7vA-qp4KP9yjz4jg_9Dyaf4EcRkfDCv1w4caPI3QF-_hy_PCD1rjwHKG3QMuDH7_w4x-eXNB4Is2FPjm6IX2GC94PTQ-FR0ff41IL79CP8pvw7dAu2Ed_PDRyH0X645OOG5p-_OiuDk0e5AluPD1u4-9xYjrcIzf0HpnQE5eP7x5yRbigl8g_9Dme0fgo4zxcS6jcDyS1EPk7vEEP5cqMn0hHE_3R1DlaJS8uFv8QRtygbxZ6_cAfNDr6EtD04BM0H6EO68I_NMeN3kdzET_CtAl6Q1_wPfiF7sLPw3EIPdLxFkf84x_yo2oOeT1-ofmDWh108XiE8DN89DiPij9sHClXHOYa5DuMijiPWOgZiFs03EO86PgNf3hRUZSIvLii4z90PbigH4Vr_BOOFtqF5uOCXLiOJkd_lHKmoeHxfsENP_iRZ12g88SNU6h0iJoutAuPkLBaIvyh3QgzjR2uHJf4o__g8ziuw5SbEdeO9Bk-yJEKk2vQpUf_QzxzWOFx4pwK69CjIzcPS8d19Bwqfvhh5sjL4z_yHh_RRD8efA5-fDqeI4n0IO1O_LA24sanw8yL6Id_aDMt9CTSUMGv4cfJHB_q_cCX4BuuicWlosnxpeiPPvLgH1dx70jbQ5cRagt_vMY_4XC3HBe-HZ4e4ZMaHNeOI8xRrjluFjruGL6Aeizi6Qw-Pejxo2HRC3dwIcwVaBcR5kebfTjOLYjnLBzkBzdCJ8Zv-AHusriPa0FOQR_eI90r3BX8EsePcOGHpPTxV8DnBSbZBOfxDvED8RmR48RDJzjHCi3SxBn0kUaO53APNFfxDPiJfwnaJ4bDZ3hDXGpg