{"lowlevel":{"average_loudness":0.877891838551,"barkbands":{"dmean":[0.000263113557594,0.00623751198873,0.00275129126385,0.000918282370549,0.000968859065324,0.000326861889334,0.000283685483737,0.000312190473778,0.000339864083799,0.000381613528589,0.000454521446954,0.000540602602996,0.000523220922332,0.000563606561627,0.000360856938642,0.000452036096249,0.000426291982876,0.000292884476949,0.000256747094681,0.000230136036407,0.000122856363305,0.000100708850368,6.65432453388e-05,4.69170663564e-05,2.56150469795e-05,1.33170688059e-05,2.95836957775e-06],"dmean2":[0.000346724467818,0.0102904886007,0.00462877424434,0.00148152175825,0.0016029891558,0.000555484788492,0.000481237802887,0.000518736313097,0.000545295246411,0.000605295994319,0.000734804256354,0.000868793053087,0.000839848886244,0.000944286526646,0.000584727677051,0.000748873280827,0.000710814900231,0.00048573318054,0.000420892902184,0.000397061259719,0.000208833400393,0.000174164844793,0.00011237536819,7.39119204809e-05,3.76823008992e-05,1.97184544959e-05,4.6013346946e-06],"dvar":[2.0032327086e-07,0.000145785903442,1.77011170308e-05,1.5367687638e-06,3.16436717185e-06,4.51994679906e-07,3.42710876566e-07,8.13440124148e-07,7.49183357129e-07,1.002152203e-06,1.2918652601e-06,1.34362494464e-06,1.40860618103e-06,1.15755074148e-06,8.73278395375e-07,5.94993252889e-07,5.15206863838e-07,3.52923194669e-07,1.35104386345e-07,1.33568249794e-07,4.67836791529e-08,3.08967500473e-08,1.59821347268e-08,1.08979598679e-08,3.39848860165e-09,1.16996679012e-09,7.68453078948e-11],"dvar2":[3.42420094057e-07,0.000365909596439,4.84671872982e-05,3.94621383748e-06,8.79325580172e-06,1.21860762192e-06,9.08506933683e-07,2.10784219234e-06,1.84682392046e-06,2.43478098128e-06,3.20828075928e-06,3.46386764249e-06,3.44871659763e-06,3.01133513858e-06,2.07977518585e-06,1.53895791755e-06,1.37358006214e-06,9.08183039883e-07,3.37615858825e-07,3.67194019191e-07,1.27773759573e-07,8.38536351466e-08,4.09789819855e-08,2.47674289966e-08,7.34313543305e-09,2.74566525071e-09,1.83344686655e-10],"max":[0.00481223408133,0.0999534502625,0.0536816269159,0.0132911652327,0.0273297633976,0.0162123627961,0.0150224007666,0.0247179027647,0.0266523901373,0.0356742329895,0.0317061841488,0.0286858696491,0.0345813371241,0.0245588142425,0.032346855849,0.0162055790424,0.0306982751936,0.0272746365517,0.00797816365957,0.0111938565969,0.00377014232799,0.00197310023941,0.00260737258941,0.00308438832872,0.00213776296005,0.000635678181425,0.000200547699933],"mean":[0.000466403493192,0.00742041040212,0.00375108164735,0.00134470756166,0.00154355820268,0.000495892891195,0.000424796453444,0.000452430016594,0.000601002888288,0.000610599294305,0.000754810811486,0.00104843080044,0.000873702869285,0.000985256512649,0.000640176062007,0.000848659372423,0.000874671095517,0.000557683466468,0.000579355284572,0.000504967174493,0.000257386069279,0.000180941526196,0.000127501771203,0.000107178668259,6.03113112447e-05,2.70290856861e-05,4.6007085075e-06],"median":[0.000108820844616,0.00332200853154,0.00219897460192,0.000898243801203,0.00100688729435,0.000241044908762,0.000214608968236,0.000156409412739,0.000216930668103,0.000221760230488,0.000277075974736,0.000325866538333,0.000296345213428,0.000528213218786,0.000311668554787,0.000459762115497,0.000553493737243,0.0003478419967,0.000374359282432,0.000360432488378,0.000178261776455,9.93359572021e-05,6.54163304716e-05,5.29543431185e-05,2.91589785775e-05,1.21315060824e-05,1.22664778246e-06],"min":[9.67663171365e-24,6.73484949123e-24,3.58034752374e-25,4.32325358345e-24,8.19989672085e-24,1.39571093145e-23,4.39385111244e-23,2.95227817454e-23,6.30470004792e-23,6.27326741183e-23,3.71086827802e-23,3.97560463356e-23,7.49159492236e-23,8.67515196855e-23,6.96525430462e-23,9.70895292266e-23,1.7665398964e-22,1.17844497508e-22,1.77458236488e-22,3.90142154243e-22,3.6054580964e-22,4.87454344193e-22,5.79127402983e-22,1.00991997619e-21,9.42400147e-22,1.5967693808e-21,2.35314708916e-21],"var":[5.3504686548e-07,0.000149885905557,2.16184525925e-05,2.36439700529e-06,3.78102868126e-06,7.42002612242e-07,5.61109629871e-07,1.16517207971e-06,1.81723260084e-06,1.8563798676e-06,2.16216403714e-06,4.28816201747e-06,2.89106401397e-06,2.37395738623e-06,1.92735456039e-06,1.41806469856e-06,1.15448710858e-06,6.27174813417e-07,4.1572869236e-07,2.76433667068e-07,8.0483282261e-08,4.86270259614e-08,3.06769756264e-08,3.0535776574e-08,8.62682902891e-09,2.01650585119e-09,1.12931906882e-10]},"barkbands_crest":{"dmean":2.91364359856,"dmean2":4.76926851273,"dvar":8.48778820038,"dvar2":20.72306633,"max":25.9735870361,"mean":8.93456459045,"median":7.79398441315,"min":2.18517446518,"var":18.8807544708},"barkbands_flatness_db":{"dmean":0.021214671433,"dmean2":0.0333099402487,"dvar":0.000543688598555,"dvar2":0.00133916037157,"max":0.450931459665,"mean":0.110307984054,"median":0.0985051766038,"min":0.0222383402288,"var":0.00268151890486},"barkbands_kurtosis":{"dmean":2.5083334446,"dmean2":4.0452466011,"dvar":33.975818634,"dvar2":85.1075897217,"max":177.010864258,"mean":2.24492311478,"median":-0.330339252949,"min":-1.88771820068,"var":61.9126052856},"barkbands_skewness":{"dmean":0.578014671803,"dmean2":0.899228334427,"dvar":0.442553967237,"dvar2":1.06231582165,"max":8.60743141174,"mean":1.06568527222,"median":0.771679878235,"min":-7.42085599899,"var":1.68960404396},"barkbands_spread":{"dmean":6.55305719376,"dmean2":10.4153690338,"dvar":52.1661148071,"dvar2":126.859672546,"max":138.413711548,"mean":32.1994132996,"median":32.3707885742,"min":0.364588469267,"var":263.932250977},"dissonance":{"dmean":0.0108842793852,"dmean2":0.0186768379062,"dvar":0.0002108343906,"dvar2":0.00061034061946,"max":0.500000059605,"mean":0.48261615634,"median":0.487704336643,"min":0.225620910525,"var":0.000313971104333},"dynamic_complexity":3.70812296867,"erbbands":{"dmean":[0.198274731636,1.41290903091,3.00082349777,3.21001315117,3.04171323776,3.43022990227,2.76202297211,2.71633267403,3.96282148361,5.2422618866,6.05275964737,8.40403842926,11.0293750763,11.9980096817,18.1468372345,21.5808410645,22.9860610962,25.1168174744,19.6644134521,21.1684913635,22.6970062256,22.2792625427,16.3189048767,15.9183654785,10.114991188,10.3578557968,7.09734010696,4.04134893417,4.16667985916,2.46045875549,1.81287932396,1.16905784607,0.693742692471,0.349380195141,0.1630833745,0.0659583956003,0.0247246641666,0.00502005498856,0.000543579983059,2.10191774386e-05],"dmean2":[0.317172527313,2.41817879677,5.10168790817,5.14854001999,4.89831972122,5.8536658287,4.66579866409,4.61062717438,6.70754432678,8.79434967041,10.0922651291,13.4907312393,17.5855484009,19.1382904053,29.184627533,34.5522232056,36.6838417053,41.5806083679,32.6293067932,34.2248954773,37.6324310303,36.9229011536,27.0185222626,26.0839805603,16.8936443329,17.7715148926,12.2002916336,6.86540794373,7.25201511383,4.20461082458,3.0529923439,1.87936091423,1.07973051071,0.524844765663,0.242092728615,0.0986304208636,0.0374538823962,0.00746370619163,0.000845762901008,3.29458489432e-05],"dvar":[0.144077926874,8.06558036804,23.5597190857,20.1888427734,17.4701728821,58.3967781067,24.5170288086,36.968711853,71.4561691284,144.455368042,379.668487549,544.191711426,767.498474121,894.348144531,2118.23339844,2203.15014648,2752.60009766,2273.24414063,1617.88256836,2666.61987305,1474.80163574,1407.8503418,1262.42370605,525.90222168,265.241455078,249.314544678,134.911605835,52.5593757629,56.5725326538,21.5227489471,11.5510492325,6.18557548523,2.68278980255,0.676743149757,0.130181387067,0.0240761861205,0.00459002284333,0.000201723552891,2.67493760475e-06,1.92941107535e-09],"dvar2":[0.32784986496,21.3493423462,65.6399841309,51.5276908875,47.4775810242,163.661209106,66.3676376343,97.213218689,187.359939575,368.316711426,1023.26635742,1349.94836426,1887.36865234,2065.66064453,5435.19775391,5707.91015625,6755.93505859,5839.75390625,4016.81494141,6567.45117188,3829.22900391,3740.84472656,3294.95532227,1321.23486328,699.569702148,681.161132813,371.406311035,143.039260864,155.597213745,57.2858695984,29.2108383179,14.2237625122,5.97895956039,1.47883701324,0.28685811162,0.0545557104051,0.0111467354,0.000471462146379,6.39004974801e-06,4.60674698388e-09],"max":[3.20617461205,22.2084331512,61.0398750305,53.9465866089,55.4121322632,125.299362183,116.008499146,167.236740112,235.534164429,311.256896973,645.375610352,645.83795166,729.192504883,1170.8302002,1139.60522461,943.328308105,1604.99731445,1380.29516602,998.350097656,2154.52783203,838.977478027,1554.8182373,1737.85791016,433.189697266,412.325256348,379.176513672,204.806777954,107.259109497,88.7310562134,86.0660324097,65.3128509521,61.0898590088,48.0184173584,31.9907341003,10.5410690308,3.36370968819,1.295109272,0.344099402428,0.0372793488204,0.00127004040405],"mean":[0.258515805006,1.49068200588,3.89900994301,5.2039732933,4.91921806335,4.66485404968,4.11025714874,4.13033628464,5.95879459381,7.99631738663,9.48824119568,14.5115356445,19.0235881805,21.1746177673,34.2370681763,44.5234260559,41.9950256348,46.9752731323,38.3003463745,41.6361961365,46.8745651245,48.2047958374,33.5320930481,35.0133056641,22.8449954987,23.3234653473,15.3441009521,8.29684734344,7.05657434464,4.61266374588,3.45643353462,2.46151256561,1.60194635391,0.809451341629,0.365057557821,0.13787136972,0.0465229190886,0.00960038416088,0.000825635390356,5.13002160005e-05],"median":[0.0765243768692,0.729542911053,2.355281353,3.38540124893,3.46986746788,2.83926439285,2.14209985733,2.00255680084,2.97273659706,3.71876955032,3.65776658058,5.12330913544,7.50990772247,7.97181558609,11.4253349304,15.3902082443,16.3988723755,26.4682350159,21.6621932983,23.7825393677,28.3337554932,29.8160896301,22.0249290466,23.9240188599,15.6709136963,16.4148216248,10.8651361465,5.66044378281,3.76505494118,2.27233791351,1.82605266571,1.24966645241,0.741726160049,0.393694400787,0.175474464893,0.0645358711481,0.0193577669561,0.00388419954106,0.000210806931136,3.85266394005e-05],"min":[3.42617058614e-22,8.91320734433e-22,6.19774666504e-22,7.33458948887e-21,3.55254104435e-20,2.33168902241e-20,3.19353205692e-20,1.80491442969e-19,4.38203013704e-19,6.77724016815e-19,9.63668722347e-19,1.27943985471e-18,1.55736892161e-18,1.55629482758e-18,1.63440425206e-18,1.6363993083e-18,3.47294137645e-18,4.99471009886e-18,4.2179436631e-18,4.8657042513e-18,4.89572139495e-18,1.06565454976e-17,7.16546859985e-18,7.47375219671e-18,1.35953974457e-17,1.47938258161e-17,1.45619058791e-17,1.60456048546e-17,1.85680160319e-17,1.39444105887e-17,1.80450476332e-17,2.32885984758e-17,1.36483510669e-17,1.01167853325e-17,6.2563354817e-18,5.93222585178e-18,3.09150585533e-18,9.09175614555e-19,3.59371408858e-19,3.46086229061e-20],"var":[0.195454210043,6.63530302048,23.0022449493,38.3581237793,27.9031772614,52.0824356079,33.1139068604,64.4448318481,123.732894897,236.896484375,480.377746582,1208.14868164,1637.31103516,1791.07958984,4037.67797852,7452.63916016,6010.90234375,5213.23242188,3701.88989258,6098.83935547,3849.38134766,3347.24731445,2117.75854492,1504.18017578,621.311401367,577.810974121,256.820861816,86.1258468628,78.495262146,36.4601135254,23.1521873474,16.4987506866,7.30309772491,1.70818090439,0.30044695735,0.0474999211729,0.00686645042151,0.000341561593814,3.79946118301e-06,3.10999448416e-09]},"erbbands_crest":{"dmean":2.19501399994,"dmean2":3.6811876297,"dvar":5.26285362244,"dvar2":14.0810918808,"max":34.0063476563,"mean":7.67652416229,"median":6.64464330673,"min":2.00148534775,"var":14.4742660522},"erbbands_flatness_db":{"dmean":0.014836971648,"dmean2":0.0225507356226,"dvar":0.000292864948278,"dvar2":0.000643112696707,"max":0.544894635677,"mean":0.149144113064,"median":0.142194971442,"min":0.026994144544,"var":0.00250183488242},"erbbands_kurtosis":{"dmean":0.89488863945,"dmean2":1.43522131443,"dvar":3.06763958931,"dvar2":7.5219874382,"max":78.1802368164,"mean":0.909834980965,"median":0.49391695857,"min":-1.69523561001,"var":5.95733308792},"erbbands_skewness":{"dmean":0.298509806395,"dmean2":0.46780192852,"dvar":0.0874023586512,"dvar2":0.201407432556,"max":3.29448843002,"mean":-0.369634330273,"median":-0.421736836433,"min":-3.69061994553,"var":0.455485165119},"erbbands_spread":{"dmean":7.05673503876,"dmean2":11.0539646149,"dvar":60.4703826904,"dvar2":133.741043091,"max":161.113189697,"mean":34.7512702942,"median":30.3206214905,"min":0.412968605757,"var":341.63293457},"gfcc":{"cov":[[17602.9941406,-271.086425781,-538.46875,1545.35461426,-399.336669922,1159.87011719,-247.26940918,157.628768921,-345.648345947,146.4894104,-68.4327087402,85.8775787354,15.4896879196],[-271.086425781,1561.68945313,34.5475234985,351.698577881,326.241546631,-100.008666992,260.324951172,-35.3299217224,112.355072021,-186.163238525,6.79089450836,-169.683761597,24.1524238586],[-538.46875,34.5475234985,1195.60656738,341.637573242,139.385009766,223.317596436,-0.242802500725,37.4760246277,-32.127910614,-26.0491256714,-78.2102508545,12.0548858643,-34.5294075012],[1545.35461426,351.698577881,341.637573242,762.830078125,165.226272583,156.719314575,51.3116912842,-13.8096313477,67.8342590332,-26.0537776947,-11.0748577118,-69.6532058716,12.3087415695],[-399.336669922,326.241546631,139.385009766,165.226272583,320.902435303,-0.239771485329,75.5665817261,5.40744829178,35.3943786621,-12.3821058273,-17.1400527954,-52.992893219,-7.42332553864],[1159.87011719,-100.008666992,223.317596436,156.719314575,-0.239771485329,326.91293335,24.8924179077,39.3882637024,-28.4120044708,19.971452713,-2.03172254562,22.7512722015,-11.5371208191],[-247.26940918,260.324951172,-0.242802500725,51.3116912842,75.5665817261,24.8924179077,175.859222412,29.4114933014,48.5208435059,-35.004283905,5.20633554459,-28.6732254028,2.16471076012],[157.628768921,-35.3299217224,37.4760246277,-13.8096313477,5.40744829178,39.3882637024,29.4114933014,115.63394928,18.5887184143,7.52147054672,3.87682342529,22.2657680511,-1.58114600182],[-345.648345947,112.355072021,-32.127910614,67.8342590332,35.3943786621,-28.4120044708,48.5208435059,18.5887184143,127.128059387,11.8716697693,21.2924594879,-27.2586288452,2.9966635704],[146.4894104,-186.163238525,-26.0491256714,-26.0537776947,-12.3821058273,19.971452713,-35.004283905,7.52147054672,11.8716697693,101.286750793,22.2552680969,20.4715003967,2.05123138428],[-68.4327087402,6.79089450836,-78.2102508545,-11.0748577118,-17.1400527954,-2.03172254562,5.20633554459,3.87682342529,21.2924594879,22.2552680969,72.972946167,28.1878128052,14.0761289597],[85.8775787354,-169.683761597,12.0548858643,-69.6532058716,-52.992893219,22.7512722015,-28.6732254028,22.2657680511,-27.2586288452,20.4715003967,28.1878128052,89.6962738037,25.8891277313],[15.4896879196,24.1524238586,-34.5294075012,12.3087415695,-7.42332553864,-11.5371208191,2.16471076012,-1.58114600182,2.9966635704,2.05123138428,14.0761289597,25.8891277313,60.8399581909]],"icov":[[0.000196756169316,-0.000190544946236,0.000413849280449,-0.000599549442995,0.000366379681509,-0.000589409493841,0.000349478737917,-0.000431226391811,0.000636854965705,-0.000508289143909,0.000720937154256,-0.00049485481577,0.000320561521221],[-0.000190544946236,0.00185634673107,-0.000474364671391,0.000327054003719,-0.00126760138664,0.000966594030615,-0.00152576901019,0.000571340380702,-0.000596961181145,0.00281014363281,-0.00245677097701,0.0028040332254,-0.00161618029233],[0.000413849280449,-0.000474364671391,0.00214309711009,-0.0017289002426,0.000340413302183,-0.00178752175998,0.00102113792673,-0.0010148921283,0.00126421242021,-0.000879125786014,0.00304110627621,-0.00253277993761,0.00163043232169],[-0.000599549442995,0.000327054003719,-0.0017289002426,0.00406129145995,-0.00164249702357,0.000576257472858,-0.000354245887138,0.00176638981793,-0.00306852906942,0.00187112309504,-0.00266890483908,0.00308864680119,-0.00242146058008],[0.000366379681509,-0.00126760138664,0.000340413302183,-0.00164249702357,0.00546427117661,-0.000546998518985,-0.000398635864258,-0.00118318130262,0.0015277992934,-0.00310583692044,0.00238871132024,-0.000445628364105,0.00114829000086],[-0.000589409493841,0.000966594030615,-0.00178752175998,0.000576257472858,-0.000546998518985,0.00649507483467,-0.0028598504141,0.000170433078893,6.937818398e-05,0.0003754820209,-0.00273600965738,0.000909300753847,0.000136367088999],[0.000349478737917,-0.00152576901019,0.00102113792673,-0.000354245887138,-0.000398635864258,-0.0028598504141,0.0101512465626,-0.0026934267953,-0.00159947306383,0.00111654575448,0.000982852769084,-0.000305389490677,8.94929544302e-05],[-0.000431226391811,0.000571340380702,-0.0010148921283,0.00176638981793,-0.00118318130262,0.000170433078893,-0.0026934267953,0.0118379946798,-0.00400044443086,0.000985344406217,-3.61887796316e-05,-0.00319202477112,0.000771546445321],[0.000636854965705,-0.000596961181145,0.00126421242021,-0.00306852906942,0.0015277992934,6.937818398e-05,-0.00159947306383,-0.00400044443086,0.0141800465062,-0.00443865545094,-0.00170214939862,0.00287861959077,0.000185751327081],[-0.000508289143909,0.00281014363281,-0.000879125786014,0.00187112309504,-0.00310583692044,0.0003754820209,0.00111654575448,0.000985344406217,-0.00443865545094,0.0173680074513,-0.00701136840507,0.00309531507082,-0.00224745087326],[0.000720937154256,-0.00245677097701,0.00304110627621,-0.00266890483908,0.00238871132024,-0.00273600965738,0.000982852769084,-3.61887796316e-05,-0.00170214939862,-0.00701136840507,0.0249776300043,-0.0129827391356,0.00286022876389],[-0.00049485481577,0.0028040332254,-0.00253277993761,0.00308864680119,-0.000445628364105,0.000909300753847,-0.000305389490677,-0.00319202477112,0.00287861959077,0.00309531507082,-0.0129827391356,0.0275725442916,-0.0119788544253],[0.000320561521221,-0.00161618029233,0.00163043232169,-0.00242146058008,0.00114829000086,0.000136367088999,8.94929544302e-05,0.000771546445321,0.000185751327081,-0.00224745087326,0.00286022876389,-0.0119788544253,0.0230968333781]],"mean":[-4.3788819313,75.060760498,-129.658615112,43.4972419739,-37.0348014832,18.4983634949,-29.2115726471,10.5706605911,-22.6863288879,1.87284326553,-15.3888559341,-1.09441685677,-13.2126255035]},"hfc":{"dmean":6.15124559402,"dmean2":9.92761325836,"dvar":77.8132858276,"dvar2":197.919540405,"max":154.033660889,"mean":23.6804943085,"median":18.6828556061,"min":1.22349647596e-16,"var":346.687438965},"melbands":{"dmean":[0.00172120262869,0.00160464446526,0.000514734594617,0.000238751163124,0.000103327336546,6.20588907623e-05,5.84108347539e-05,6.13382726442e-05,4.9636742915e-05,5.35726030648e-05,5.64994297747e-05,4.87646793772e-05,5.93566146563e-05,6.15799945081e-05,5.51009834453e-05,5.25192190253e-05,5.24887873325e-05,3.79029515898e-05,2.90053158096e-05,3.46779597749e-05,2.69979736913e-05,2.60047363554e-05,1.9277438696e-05,1.32280765683e-05,1.44229570651e-05,8.29505734146e-06,7.68882910052e-06,7.84784970165e-06,5.70431529923e-06,3.02783837469e-06,2.3760469503e-06,2.5929837193e-06,1.82165661045e-06,1.39579219649e-06,1.22101596389e-06,8.76063040778e-07,7.14409338798e-07,5.84981592056e-07,3.83193082598e-07,2.95724817079e-07],"dmean2":[0.0028133825399,0.0027085817419,0.000823184556793,0.000397589290515,0.000172925516381,0.000105397870357,9.87685925793e-05,0.000101908211946,8.22174042696e-05,8.6047941295e-05,9.01609600987e-05,7.79947877163e-05,9.53459384618e-05,9.89700711216e-05,8.82602471393e-05,8.4810271801e-05,8.71092779562e-05,6.31048169453e-05,4.72011997772e-05,5.70800366404e-05,4.49250801466e-05,4.33621353295e-05,3.18937527481e-05,2.18720433622e-05,2.37935219047e-05,1.3773156752e-05,1.31297410917e-05,1.34988849823e-05,9.90793250821e-06,5.19986633662e-06,4.02433079216e-06,4.52621088698e-06,3.1454035252e-06,2.40049166678e-06,2.08631809073e-06,1.43280726661e-06,1.15377997645e-06,9.31394367853e-07,5.96209190462e-07,4.50809949371e-07],"dvar":[1.12604520837e-05,7.53419271859e-06,4.70587224299e-07,2.13069142774e-07,3.39816850214e-08,1.80323169729e-08,1.50756704898e-08,2.14656612485e-08,2.39911894795e-08,2.22610356815e-08,2.07066346292e-08,1.57568713632e-08,2.50744882635e-08,1.88604314388e-08,1.83543988896e-08,1.35209345942e-08,1.0186226973e-08,6.50089360121e-09,6.11155570596e-09,3.97531119134e-09,2.29699170795e-09,2.08633332832e-09,1.38997258148e-09,6.184021073e-10,4.56879450939e-10,1.76528486273e-10,1.80383680215e-10,1.33191291329e-10,8.4351609031e-11,3.03881642072e-11,1.59573725761e-11,2.0916776991e-11,1.03356758915e-11,7.13606864572e-12,5.04702096088e-12,3.08645773869e-12,2.59197047506e-12,1.76904552205e-12,9.71493827225e-13,5.08526326517e-13],"dvar2":[2.72621564363e-05,2.0461549866e-05,1.21171740375e-06,5.99120994593e-07,9.112243049e-08,4.7797186653e-08,3.96130559466e-08,5.39601323624e-08,6.44516333637e-08,5.48239782461e-08,5.08686071043e-08,3.64558907506e-08,6.28833589644e-08,4.91913887402e-08,4.66506939745e-08,3.3659141252e-08,2.58923922303e-08,1.65848987876e-08,1.46686662816e-08,1.00552659532e-08,6.01427840863e-09,5.57802337653e-09,3.56204687968e-09,1.53934265334e-09,1.14912479532e-09,4.63344529411e-10,4.88074636262e-10,3.66641106364e-10,2.33619290579e-10,8.36942182225e-11,4.33914917886e-11,5.77084977027e-11,2.75881643919e-11,1.92970951718e-11,1.31664878653e-11,7.28111841652e-12,6.08271245872e-12,4.09616177782e-12,2.21416483238e-12,1.17178315662e-12],"max":[0.0271020326763,0.0262814946473,0.00823836307973,0.00731079746038,0.00419390946627,0.00360153405927,0.00351684400812,0.00458212103695,0.00494438130409,0.00440378207713,0.00370186474174,0.00448629492894,0.00463277893141,0.00371494027786,0.00475806090981,0.00303089316003,0.00283077033237,0.0020689428784,0.0024251092691,0.00154492794536,0.00104745710269,0.00204399018548,0.00168150966056,0.000804236857221,0.000377508753445,0.000252707599429,0.000531248340849,0.000190604565432,0.00017605710309,9.28425724851e-05,5.3375337302e-05,5.32253434358e-05,5.46843039047e-05,5.97957332502e-05,4.33082204836e-05,4.01430916099e-05,4.68061152787e-05,4.07229963457e-05,3.80357450922e-05,3.13125092362e-05],"mean":[0.0021554029081,0.0020666369237,0.000892691023182,0.000358006247552,0.00015569916286,9.58758100751e-05,8.86312191142e-05,9.22279359656e-05,7.81992275734e-05,9.17764482438e-05,9.40789032029e-05,8.15979292383e-05,0.000103655089333,0.000121547425806,0.000101710065792,8.71464944794e-05,9.02712199604e-05,6.57767377561e-05,5.07414952153e-05,6.23860614724e-05,5.26591029484e-05,5.16081963724e-05,3.81099198421e-05,2.46289673669e-05,2.99330476992e-05,1.69411941897e-05,1.54414865392e-05,1.61346706591e-05,1.11103863674e-05,5.99581244387e-06,4.41267002316e-06,4.14398982684e-06,3.07601089844e-06,2.43493354901e-06,2.12577583625e-06,1.63708159562e-06,1.42471890285e-06,1.23049289869e-06,8.25955453365e-07,6.28987720575e-07],"median":[0.000830819131806,0.00125899899285,0.000639075180516,0.000236921099713,8.49823845783e-05,4.72644787806e-05,4.55291119579e-05,3.98593365389e-05,2.97267615679e-05,3.11832118314e-05,3.56480668415e-05,2.88234987238e-05,3.68631881429e-05,3.64961306332e-05,3.42900057149e-05,2.82278851955e-05,4.74637563457e-05,3.44681757269e-05,2.30617843044e-05,3.18843158311e-05,3.03058986901e-05,3.11742332997e-05,2.44615584961e-05,1.53070923261e-05,1.95824468392e-05,1.03601232695e-05,1.1070277651e-05,1.0893376384e-05,7.50297022023e-06,3.98317206418e-06,2.86925046566e-06,2.16940566133e-06,1.48661661115e-06,1.18145680972e-06,1.13912824418e-06,7.85207589615e-07,7.0170796107e-07,5.68499046949e-07,3.54611017883e-07,2.98665668197e-07],"min":[2.69112344473e-24,5.89705919254e-25,3.9659891291e-24,2.56824928684e-24,8.90619426044e-25,3.55361169646e-24,7.52972072768e-24,7.12186149588e-24,9.69232846795e-24,7.28097237388e-24,7.36913546865e-24,6.33886301048e-24,5.49439253904e-24,4.68729948057e-24,4.74415150272e-24,6.92945122135e-24,9.64060522497e-24,5.78418887561e-24,4.77600767823e-24,7.90435550474e-24,5.29059702949e-24,9.78812458083e-24,8.92768322593e-24,5.70169650746e-24,5.50476960981e-24,8.38451699395e-24,9.68851669205e-24,8.8736588757e-24,8.75469786233e-24,8.82108839611e-24,9.00657326076e-24,1.10847744619e-23,8.16726943381e-24,7.86872107993e-24,8.60206747667e-24,9.20593734417e-24,1.36263146934e-23,8.87035907053e-24,9.81827090032e-24,8.06631338175e-24],"var":[1.29459631353e-05,6.87713145453e-06,8.99331098481e-07,2.19545185587e-07,4.6306212198e-08,3.17415569384e-08,2.60858978862e-08,3.6053911856e-08,3.08537622118e-08,5.09340196686e-08,4.29021618231e-08,3.03040117444e-08,4.18146086645e-08,5.90803495015e-08,4.37286509225e-08,2.87987091951e-08,2.12224566809e-08,1.26580683713e-08,1.30376243135e-08,9.01967656119e-09,5.70256997179e-09,4.43294245756e-09,2.48738873943e-09,1.2278691397e-09,1.198619759e-09,4.20145584989e-10,3.16958320701e-10,2.96304591973e-10,1.4556189587e-10,4.7790039287e-11,2.63019016289e-11,2.80988825957e-11,1.64092541638e-11,1.11253610491e-11,8.68430934803e-12,7.36804280782e-12,6.21099829554e-12,4.29447666664e-12,2.35210982635e-12,1.05966559312e-12]},"melbands_crest":{"dmean":3.80891919136,"dmean2":5.99526119232,"dvar":11.2741651535,"dvar2":26.6897754669,"max":36.6646461487,"mean":14.6112785339,"median":13.9666080475,"min":1.87203252316,"var":36.1338691711},"melbands_flatness_db":{"dmean":0.029001455754,"dmean2":0.045260772109,"dvar":0.000921071041375,"dvar2":0.00222365721129,"max":0.458696484566,"mean":0.173144608736,"median":0.158439517021,"min":0.00398423615843,"var":0.00471628643572},"melbands_kurtosis":{"dmean":7.79503250122,"dmean2":12.5964078903,"dvar":243.06892395,"dvar2":615.268432617,"max":329.966888428,"mean":11.824429512,"median":3.65769314766,"min":-1.87171936035,"var":512.061279297},"melbands_skewness":{"dmean":0.865011513233,"dmean2":1.35609424114,"dvar":1.03039371967,"dvar2":2.41544055939,"max":14.9636678696,"mean":2.48367643356,"median":1.99591064453,"min":-7.41854095459,"var":4.08791685104},"melbands_spread":{"dmean":9.59183216095,"dmean2":15.0228357315,"dvar":101.127151489,"dvar2":233.958099365,"max":190.804153442,"mean":35.1384963989,"median":33.7217216492,"min":0.916108071804,"var":418.217010498},"mfcc":{"cov":[[11777.6796875,275.648162842,-109.718818665,516.635803223,239.81628418,557.24395752,268.152435303,98.845916748,-3.36983370781,-25.3279972076,-43.1743927002,123.000511169,77.0008621216],[275.648162842,1102.31030273,2.58397841454,352.499694824,147.724517822,105.252342224,130.382507324,128.995452881,78.8750457764,33.8400726318,-3.33242630959,14.5585689545,-48.8103752136],[-109.718818665,2.58397841454,827.215026855,175.289596558,209.620162964,149.549789429,89.0926208496,100.82648468,57.2926177979,-0.320595294237,12.855969429,6.78343343735,-47.2817955017],[516.635803223,352.499694824,175.289596558,576.126647949,227.336975098,148.623519897,53.3876228333,61.6188545227,71.7311248779,56.7227935791,2.33082008362,23.6137676239,-12.4915571213],[239.81628418,147.724517822,209.620162964,227.336975098,291.011322021,132.462966919,64.1886978149,39.5736961365,45.5312347412,36.3639526367,10.991850853,7.78680324554,-9.35261535645],[557.24395752,105.252342224,149.549789429,148.623519897,132.462966919,226.809738159,87.2017440796,39.3747673035,35.5191612244,33.6650695801,15.254570961,15.5237674713,-4.81903409958],[268.152435303,130.382507324,89.0926208496,53.3876228333,64.1886978149,87.2017440796,141.357345581,68.4781265259,35.1002655029,6.28467750549,6.46855258942,10.1252241135,-3.08549880981],[98.845916748,128.995452881,100.82648468,61.6188545227,39.5736961365,39.3747673035,68.4781265259,140.890029907,50.5799598694,9.75890254974,14.0909786224,18.2441310883,-1.49468755722],[-3.36983370781,78.8750457764,57.2926177979,71.7311248779,45.5312347412,35.5191612244,35.1002655029,50.5799598694,88.6026611328,40.210357666,9.48374176025,9.45202350616,-1.5712698698],[-25.3279972076,33.8400726318,-0.320595294237,56.7227935791,36.3639526367,33.6650695801,6.28467750549,9.75890254974,40.210357666,82.5106430054,32.7418861389,10.5374364853,-3.56143140793],[-43.1743927002,-3.33242630959,12.855969429,2.33082008362,10.991850853,15.254570961,6.46855258942,14.0909786224,9.48374176025,32.7418861389,67.181350708,22.9485931396,-1.0617518425],[123.000511169,14.5585689545,6.78343343735,23.6137676239,7.78680324554,15.5237674713,10.1252241135,18.2441310883,9.45202350616,10.5374364853,22.9485931396,69.0781173706,27.713142395],[77.0008621216,-48.8103752136,-47.2817955017,-12.4915571213,-9.35261535645,-4.81903409958,-3.08549880981,-1.49468755722,-1.5712698698,-3.56143140793,-1.0617518425,27.713142395,70.8222122192]],"icov":[[0.000106041734398,3.06685797113e-05,8.34388629301e-05,-8.13213264337e-05,2.21419941226e-05,-0.000275561615126,-9.36324940994e-05,-4.66329402116e-05,0.000104046375782,0.000114147951535,0.000118942152767,-0.000161031464813,-8.40423524551e-07],[3.06685797113e-05,0.00142922485247,0.000465592689579,-0.000789999379776,-0.000163043048815,6.91135574016e-05,-0.000891610397957,-0.000794791616499,-0.000131943394081,0.000194095729967,0.000378446595278,-0.000417400035076,0.00122655881569],[8.34388629301e-05,0.000465592689579,0.00192830408923,-0.000245775067015,-0.00100741616916,-0.000748004531488,-0.000164752898854,-0.00100623280741,-0.000504945637658,0.00130307592917,-9.81069533736e-05,-0.00048042050912,0.00150267372373],[-8.13213264337e-05,-0.000789999379776,-0.000245775067015,0.00331006385386,-0.00167398736812,-0.000684991071466,0.00125193432905,-0.000139526746352,-0.000674028589856,-0.00102423131466,0.00100028014276,-0.000666706531774,-4.2956588004e-05],[2.21419941226e-05,-0.000163043048815,-0.00100741616916,-0.00167398736812,0.00651165051386,-0.0017080019461,-0.000828540883958,0.000710102554876,-0.000266921386356,-0.000849657051731,-0.000334303913405,0.000832322519273,-0.000761031871662],[-0.000275561615126,6.91135574016e-05,-0.000748004531488,-0.000684991071466,-0.0017080019461,0.00858048349619,-0.00376183446497,0.000936685712077,0.000443456548965,-0.00224945344962,-0.000412407069234,-0.000191041894141,-9.34929121286e-05],[-9.36324940994e-05,-0.000891610397957,-0.000164752898854,0.00125193432905,-0.000828540883958,-0.00376183446497,0.0126418992877,-0.00390466116369,-0.00178189703729,0.00178975367453,-0.000236245847191,0.000249411823461,-0.000349564797943],[-4.66329402116e-05,-0.000794791616499,-0.00100623280741,-0.000139526746352,0.000710102554876,0.000936685712077,-0.00390466116369,0.0122166797519,-0.00533692771569,0.00220857723616,-0.00231890403666,-0.00117040856276,-0.000532341888174],[0.000104046375782,-0.000131943394081,-0.000504945637658,-0.000674028589856,-0.000266921386356,0.000443456548965,-0.00178189703729,-0.00533692771569,0.0201655384153,-0.00996358692646,0.00355588807724,-0.00041957461508,-0.000691543740686],[0.000114147951535,0.000194095729967,0.00130307592917,-0.00102423131466,-0.000849657051731,-0.00224945344962,0.00178975367453,0.00220857723616,-0.00996358692646,0.0224003661424,-0.00977036356926,0.00047133321641,0.00113276171032],[0.000118942152767,0.000378446595278,-9.81069533736e-05,0.00100028014276,-0.000334303913405,-0.000412407069234,-0.000236245847191,-0.00231890403666,0.00355588807724,-0.00977036356926,0.0224933195859,-0.00750814937055,0.00297376164235],[-0.000161031464813,-0.000417400035076,-0.00048042050912,-0.000666706531774,0.000832322519273,-0.000191041894141,0.000249411823461,-0.00117040856276,-0.00041957461508,0.00047133321641,-0.00750814937055,0.0214168522507,-0.00894654355943],[-8.40423524551e-07,0.00122655881569,0.00150267372373,-4.2956588004e-05,-0.000761031871662,-9.34929121286e-05,-0.000349564797943,-0.000532341888174,-0.000691543740686,0.00113276171032,0.00297376164235,-0.00894654355943,0.019415454939]],"mean":[-636.676147461,99.4418106079,-20.0856456757,29.993144989,12.4563312531,13.1612358093,8.31263542175,8.83097267151,2.49934434891,4.38873291016,-0.593658030033,3.32450413704,-0.465293973684]},"pitch_salience":{"dmean":0.0785086750984,"dmean2":0.127969518304,"dvar":0.00548409717157,"dvar2":0.013748915866,"max":0.940206050873,"mean":0.557629942894,"median":0.569822430611,"min":0.118888676167,"var":0.0150331845507},"silence_rate_20dB":{"dmean":0,"dmean2":0,"dvar":0,"dvar2":0,"max":1,"mean":1,"median":1,"min":1,"var":0},"silence_rate_30dB":{"dmean":0,"dmean2":0,"dvar":0,"dvar2":0,"max":1,"mean":1,"median":1,"min":1,"var":0},"silence_rate_60dB":{"dmean":0.00178270775359,"dmean2":0.00356576871127,"dvar":0.00177947548218,"dvar2":0.00375126348808,"max":1,"mean":0.0564468204975,"median":0,"min":0,"var":0.0532487928867},"spectral_centroid":{"dmean":247.392623901,"dmean2":384.148803711,"dvar":73479.7421875,"dvar2":163267.796875,"max":11245.6767578,"mean":1957.51135254,"median":2053.27490234,"min":197.188171387,"var":377872.53125},"spectral_complexity":{"dmean":4.4088344574,"dmean2":6.99425506592,"dvar":26.0257015228,"dvar2":60.729724884,"max":59,"mean":25.4671230316,"median":25,"min":0,"var":189.87020874},"spectral_contrast_coeffs":{"dmean":[0.0503373034298,0.0433801449835,0.0355922244489,0.0305170528591,0.022707445547,0.018247069791],"dmean2":[0.084540463984,0.0731600746512,0.058562155813,0.0501211173832,0.0362024009228,0.0291663538665],"dvar":[0.0016336197732,0.00118549971376,0.000852667784784,0.000628946989309,0.000451135798357,0.000309933035169],"dvar2":[0.00444351602346,0.00334975076839,0.00222854316235,0.00160000252072,0.00100482464768,0.000757816596888],"max":[-0.2840911448,-0.515871703625,-0.509150326252,-0.515101015568,-0.438097178936,-0.587231516838],"mean":[-0.692292451859,-0.781813621521,-0.787725925446,-0.778897762299,-0.781856715679,-0.744482040405],"median":[-0.695666909218,-0.788234353065,-0.793379068375,-0.782665371895,-0.791797399521,-0.744531989098],"min":[-0.978768825531,-0.960202634335,-0.973721325397,-0.962664186954,-0.965288817883,-0.962037563324],"var":[0.00467200716957,0.00378469238058,0.00419349130243,0.00342337763868,0.00294574233703,0.00292572658509]},"spectral_contrast_valleys":{"dmean":[0.399204045534,0.365751564503,0.304215431213,0.288776576519,0.260403692722,0.261554092169],"dmean2":[0.652249038219,0.607948660851,0.492160230875,0.462890386581,0.405425697565,0.38739028573],"dvar":[0.130895614624,0.107124648988,0.0853760018945,0.093198440969,0.108493573964,0.127600878477],"dvar2":[0.301489770412,0.270350128412,0.198081091046,0.215613484383,0.235458642244,0.260588377714],"max":[-5.25668096542,-4.91015720367,-5.31544542313,-5.22698736191,-5.1700463295,-7.81853294373],"mean":[-7.24037790298,-7.1337518692,-7.33448553085,-7.36756277084,-7.21132278442,-10.2736558914],"median":[-6.74963235855,-6.91627120972,-7.12516880035,-7.11686563492,-6.84737539291,-9.82999801636],"min":[-26.6037750244,-27.518491745,-27.4093780518,-27.480381012,-27.2955665588,-27.2439785004],"var":[2.72410178185,1.50067806244,1.59451639652,1.70184886456,2.01332688332,2.37945055962]},"spectral_decrease":{"dmean":2.46248332836e-09,"dmean2":3.93068599891e-09,"dvar":1.39453039438e-17,"dvar2":3.40586985007e-17,"max":1.01585522144e-28,"mean":-6.198785929e-09,"median":-5.03300512378e-09,"min":-3.22741655623e-08,"var":2.32486042932e-17},"spectral_energy":{"dmean":0.00963622424752,"dmean2":0.0153511250392,"dvar":0.000208478741115,"dvar2":0.000508380355313,"max":0.126981899142,"mean":0.0255435090512,"median":0.0209617950022,"min":1.07140641542e-20,"var":0.000370640220353},"spectral_energyband_high":{"dmean":0.000413994101109,"dmean2":0.000693642708939,"dvar":4.92127639973e-07,"dvar2":1.29697014017e-06,"max":0.0115186478943,"mean":0.00106413767207,"median":0.000781759852543,"min":7.54405359196e-21,"var":1.14113629479e-06},"spectral_energyband_low":{"dmean":0.00805506110191,"dmean2":0.0129985054955,"dvar":0.000182285832125,"dvar2":0.000452563137515,"max":0.114354327321,"mean":0.0125201586634,"median":0.00787642039359,"min":1.01399234124e-23,"var":0.000221886948566},"spectral_energyband_middle_high":{"dmean":0.00217297323979,"dmean2":0.00343961198814,"dvar":8.38153027871e-06,"dvar2":2.02184310183e-05,"max":0.0652190968394,"mean":0.00788632780313,"median":0.00569296255708,"min":1.22335287004e-21,"var":5.40239270777e-05},"spectral_energyband_middle_low":{"dmean":0.00213234941475,"dmean2":0.00343727716245,"dvar":8.6524114522e-06,"dvar2":2.28008029808e-05,"max":0.044270914048,"mean":0.00509416079149,"median":0.00413709133863,"min":2.6099333045e-22,"var":1.91744766198e-05},"spectral_entropy":{"dmean":0.1151394099,"dmean2":0.173574775457,"dvar":0.018639985472,"dvar2":0.0408826172352,"max":9.80955123901,"mean":7.78288698196,"median":7.83895635605,"min":5.10416936874,"var":0.117337569594},"spectral_flux":{"dmean":0.0240381676704,"dmean2":0.0370145440102,"dvar":0.000982590019703,"dvar2":0.0019368781941,"max":0.302362889051,"mean":0.0871690437198,"median":0.0781148076057,"min":6.88783752256e-11,"var":0.00238798093051},"spectral_kurtosis":{"dmean":1.48320364952,"dmean2":2.52828645706,"dvar":6.21669721603,"dvar2":17.0967826843,"max":90.9925537109,"mean":4.45098972321,"median":3.79677963257,"min":-1.20956146717,"var":16.6830749512},"spectral_rms":{"dmean":0.000837136933114,"dmean2":0.00130255916156,"dvar":1.08265919607e-06,"dvar2":2.51643223237e-06,"max":0.0111303534359,"mean":0.0046154325828,"median":0.00452222675085,"min":3.23307049535e-12,"var":3.6182839267e-06},"spectral_rolloff":{"dmean":521.597290039,"dmean2":860.941162109,"dvar":625747.25,"dvar2":1454170.125,"max":19466.015625,"mean":2121.0456543,"median":2088.72070313,"min":64.599609375,"var":3771700},"spectral_skewness":{"dmean":0.197735339403,"dmean2":0.329087823629,"dvar":0.0540245808661,"dvar2":0.146035119891,"max":6.52533864975,"mean":1.35072159767,"median":1.32100749016,"min":-0.331506729126,"var":0.20764914155},"spectral_spread":{"dmean":394376,"dmean2":571978,"dvar":330348068864,"dvar2":601730711552,"max":40832696,"mean":4128259.25,"median":3917949,"min":627816.75,"var":2312268414980.0},"spectral_strongpeak":{"dmean":0.474662333727,"dmean2":0.841676056385,"dvar":0.915400803089,"dvar2":2.45610618591,"max":14.2103013992,"mean":0.634779334068,"median":0.241875886917,"min":0,"var":1.20586538315},"zerocrossingrate":{"dmean":0.00983303785324,"dmean2":0.0117714181542,"dvar":0.000122434154036,"dvar2":0.0001752745884,"max":0.50341796875,"mean":0.0742234438658,"median":0.07080078125,"min":0.00439453125,"var":0.00174770574085}},"metadata":{"audio_properties":{"analysis_sample_rate":44100,"bit_rate":192000,"codec":"mp3","downmix":"mix","equal_loudness":0,"length":234.448974609,"lossless":false,"md5_encoded":"c367718f34fe6e5ceaec256c76948a4b","replay_gain":-5.72143363953,"sample_rate":44100},"tags":{"acoustid_fingerprint":["AQADtBGTZEySiAli0S6eoznx0ahu5JmgRUOs9cGrCq_GFMcVbXCozPifodpaIzcLW8csHfpRkrrQdAuenFCOsEN_4Q-eZcd1gkebH_4nXEkWJDxyfGzw7US_48fu4bZQcXthPUeoXjju48mCo7k0hEfJwMwu4GYyIVW5QFERfweTL7hwmCwXMLSO3oV_I_eR_BhTMkd1hTj5CLWDZjtOoz_RODf-4wzCHT6hHxVOGjna4IeP4zB3fOqHA35xwjuQFtuh6SOe4-M0ooeoMriP42SKE5e9IZSzoAsvhMnxqyhZGGIeHNFJBo405MnDw0dxaOlG1AlxicNHsdCSVGiP40Lf44HYHfVxHZEOp6VxBcdx_Mcv_EeeCT3CH_6O4zr85njG4zKCD-KP_7iP__ghjsOPWoJ24UUa8cfO4epgcfiQQz_sHHlE4SpxFz7OUCglYirSMygbrbg_aDu2_HhwlD0U7kIv5K3gHN-FIx156B1-XMeNf8ejH_px9zjhTce54q8RHyQTEj8c6RfxJcJ9PLKKG7aIHkfzoy_4o8_hIVJPHJUFXZApBT9-6MYPT0c-HDf847yFssN7HUcTfAo8hgilTiJ-aD98whWhXdB-GNqPXEcPH-FltIR_aD7CHod1w8cJHOmhH_cOq8SLfPARXTxOQ8EHHxE-4cWP-9h0HD4RXipuXCS0vwhT4ugDf3nwbMTho0f44sZx6Dl85PjwHL7wDe8DX0dffIkEhOchdugVtIPPI-dhnMeRY_yOQ6xxEmngF3exH-2II3wIPw6-Ib8KV7CFfC_6Gj3EN4h0vMRjVE3QPD6yQ7tY5McXDT88XuiOH8yTo9mL0Cp8otVRnRCdSEYs8saNnYEVBv-Hf8WL73iJ3IR4Iuc-VHdwHZd0jPTRE34RO0dy9MiH67guoSdEZ8ePR9mhH-nxhjgfXMKl4UjPQrqRF1SLajyuo_qOL4d_PIJ_nMipEcqJVBfx45yF_sNH1Orh40T64wnEH6EebTgaHT1x1eiFb9GFq8iH7UcvBscz9MZ_6BdyZehRVYSPXge9oy_SbofuIxfOw3DMC0dGE76hH1stCxqJQyf6T_AP2dB54T9cpwL8ozyOEl-mQzxSZXiON73gH6UUfKuGkIfPDOeiQ6-OH59yCc6OHWGX47iEZ8iSEx_JQbzRpjnCw_pxHz8c52B_XNkDx8eJTTxRHpV5-FmiCTkeH2Lcw8-OXMYvA66Gu_iRkoH6TcjZ4McftJuOHpcMP0RO7If-oM_wdnjE4_jBTBH-4w6loz-YH-LA3Gg4Br3iIdcJJh96CT0DjznO47pxakE-QoyIXrgvhCecwzd-_Hg5-DmuDC8P_4Pfo83y48ctVOZhTwi1tYKuDD_ifQqahypK6TjRU_DKoTraVIZ_xKiP_tATww6PH49wfKuhK8OvGOdxHSmnIzxuBvuOX0F_OD00PDwuH70PvfhwI4cPnOdw-D1yCTYOd0fO40fsw2o41D4e9IReHu5xHt4x4eKO0Doe-MXx48eH8Ee7HCIrhBaDH2jkxXgHh4uOT4d9Ifygl3i1Bs1R60K_HI4YvcKhS4WWF5eOcSfCZZGOpjuu4FSRJyMuMYemXUV6dM1wHBUr_IieD8qOc3AfHOmRR_gPnzhhHd-hBy_OwS1S4r1QUqhyFv6LyeNwGoXPGN8jHM3e4SGH6MfRLoePO7h0_MYl4dA1wT9yHT8c9URvHEeXw8e1IPfhSicUQ_vR7ki7o0ffo3FV5NqHc4GG1DyOi8R_7A--4Dr65MhL9LCyQP-OWBIDn3gEv8cfwXg7mDtxBciXQY-RG9XxZiQq9_BO4njwqDjOoLqQHz0_XNIF8ccv5M