{"lowlevel":{"average_loudness":0.279564231634,"barkbands":{"dmean":[0.000440738367615,0.00796317867935,0.00408317893744,0.00180243956856,0.00189585925546,0.00113507418428,0.000592985947151,0.000299328821711,0.000231333091506,0.000148473467561,7.50279286876e-05,8.47378687467e-05,8.54410536704e-05,4.19934694946e-05,3.73537477572e-05,3.58842626156e-05,4.94126034027e-05,1.36259677674e-05,1.57594768098e-05,1.75716868398e-05,9.02955889615e-06,4.84604242956e-06,2.45388423536e-06,2.46684999183e-06,2.86175418296e-06,1.88006617918e-06,4.81665665575e-07],"dmean2":[0.000704717531335,0.0139814233407,0.00713594444096,0.00313834380358,0.00305429613218,0.0018474975368,0.00103539065458,0.000487712677568,0.000371101516066,0.000227587574045,0.000118344025395,0.000128047715407,0.000133822977659,6.99394586263e-05,6.19522979832e-05,6.00796629442e-05,8.38940759422e-05,2.31897683989e-05,2.59422831732e-05,3.08586568281e-05,1.62114520208e-05,8.03765851742e-06,3.89734259443e-06,3.82927964893e-06,4.60700402982e-06,2.93355014946e-06,7.6417541095e-07],"dvar":[5.35383378519e-07,0.000129164764076,9.68925160123e-05,2.3501303076e-05,1.87706209545e-05,1.19742189781e-05,4.35437914348e-06,1.3422666143e-06,5.68033158288e-07,4.08786121397e-07,8.32676150253e-08,6.22080023049e-08,1.24698857462e-07,6.02084497814e-08,2.66699711204e-08,5.05954886876e-08,1.02271762614e-07,6.23492235619e-09,1.13267626389e-08,1.10215436777e-08,3.52669426995e-09,1.4294464501e-09,1.61483604266e-10,2.0038129489e-10,3.92965354701e-10,1.59386337462e-10,7.57856277733e-12],"dvar2":[1.36052801736e-06,0.000382598285796,0.000284413603367,6.83646139805e-05,5.00268724863e-05,3.18836027873e-05,1.4240667042e-05,3.190733878e-06,1.51800793446e-06,8.61252317463e-07,1.92966368218e-07,1.5443451673e-07,2.83576952143e-07,1.85804040598e-07,7.30100069291e-08,1.45637187643e-07,2.96436382996e-07,1.80713080056e-08,2.94404820522e-08,3.07905132502e-08,1.05015063312e-08,4.09541112134e-09,3.89898002773e-10,4.27964275129e-10,9.63515156549e-10,3.54211604492e-10,1.69196479743e-11],"max":[0.0190882086754,0.175042659044,0.245911240578,0.162437647581,0.0904784947634,0.0996370241046,0.0680616945028,0.0363518819213,0.0205672383308,0.025172945112,0.0148880500346,0.00860630255193,0.0202145464718,0.0115818195045,0.00500364927575,0.00702927354723,0.0100651513785,0.00330363330431,0.00500426581129,0.00339208450168,0.0014134083176,0.00190829986241,0.000390961096855,0.000398418109398,0.000739067152608,0.000380001263693,6.91145760356e-05],"mean":[0.00154797779396,0.0133183989674,0.00523158116266,0.00239680567756,0.00373827083968,0.00197240500711,0.00112871348392,0.000528129399754,0.000460428476799,0.000286344176857,0.000154400942847,0.000231177997193,0.000237172469497,7.16089489288e-05,6.76611380186e-05,6.71834932291e-05,7.91257625679e-05,2.7839674658e-05,3.17416743201e-05,2.94208657579e-05,1.37001625262e-05,8.34635193314e-06,4.59008970211e-06,4.0280583562e-06,3.82327016268e-06,2.67986933977e-06,8.12160294572e-07],"median":[0.000368431879906,0.00735768070444,0.00151435192674,0.000809822930023,0.00125087995548,0.000273807963822,0.000164400829817,4.64252516394e-05,8.80765728652e-05,2.96372909361e-05,3.46217639162e-05,2.49696386163e-05,3.35988297593e-05,1.25267069961e-05,1.42216467793e-05,9.34223226068e-06,8.54555219121e-06,2.90992807095e-06,2.05847300094e-06,1.6894230157e-06,6.34121533949e-07,2.34251317011e-07,1.00084037058e-07,4.23000763305e-08,4.9792081569e-08,3.30948886074e-08,3.04790903627e-09],"min":[7.51189690857e-25,2.80165626819e-24,2.84262950639e-24,5.92095970581e-25,5.62416922985e-24,1.35142585795e-23,7.75121630379e-24,4.7085285164e-24,1.57986530329e-23,2.14288747981e-23,2.12001051356e-23,2.96371886648e-23,2.85343895183e-23,2.08874622039e-23,5.50666311265e-23,7.55835148761e-23,8.63972958955e-23,1.2088898311e-22,1.58965330008e-22,1.52831450531e-22,2.78455605935e-22,3.24702570192e-22,4.07616016517e-22,5.98661012635e-22,8.0597986844e-22,1.39839658632e-21,2.06493502826e-21],"var":[6.91419563736e-06,0.000253589416388,0.000126256418298,2.71740973403e-05,4.88434852741e-05,2.90240059257e-05,1.27743269331e-05,3.53944960807e-06,1.70333544247e-06,1.0991217323e-06,1.99644333065e-07,4.15031507828e-07,1.03807064988e-06,7.6490515255e-08,5.25938901319e-08,9.95118867309e-08,1.6397142133e-07,1.54517287854e-08,3.346815447e-08,2.35335182452e-08,4.3134003036e-09,2.18892970416e-09,4.52429343989e-10,4.41549879993e-10,5.07600961264e-10,2.25419766187e-10,1.50621806694e-11]},"barkbands_crest":{"dmean":3.13975000381,"dmean2":5.4974656105,"dvar":6.93524599075,"dvar2":21.2585296631,"max":26.1788349152,"mean":13.8332204819,"median":13.241145134,"min":3.50945234299,"var":22.366979599},"barkbands_flatness_db":{"dmean":0.0274981688708,"dmean2":0.0470226369798,"dvar":0.000575034646317,"dvar2":0.00165018218104,"max":0.577625393867,"mean":0.293902635574,"median":0.298903405666,"min":0.0554202087224,"var":0.00624307431281},"barkbands_kurtosis":{"dmean":8.78183269501,"dmean2":15.2037534714,"dvar":245.119567871,"dvar2":728.412353516,"max":376.793579102,"mean":17.8558197021,"median":10.1821489334,"min":-1.93162202835,"var":596.017272949},"barkbands_skewness":{"dmean":0.778725922108,"dmean2":1.32836794853,"dvar":0.659254252911,"dvar2":1.95175087452,"max":16.1454544067,"mean":2.74342942238,"median":2.50760602951,"min":-6.84798669815,"var":4.0044798851},"barkbands_spread":{"dmean":1.75741219521,"dmean2":2.92648673058,"dvar":5.37581825256,"dvar2":13.7995119095,"max":107.376808167,"mean":6.64833831787,"median":4.31360197067,"min":0.19803597033,"var":66.9099655151},"dissonance":{"dmean":0.027057711035,"dmean2":0.0464537888765,"dvar":0.000787399185356,"dvar2":0.00227069598623,"max":0.500000059605,"mean":0.430489897728,"median":0.442811846733,"min":0.0850731357932,"var":0.00251921499148},"dynamic_complexity":6.14288902283,"erbbands":{"dmean":[0.279012650251,1.73014163971,4.53717565536,4.99355983734,5.62525320053,7.16406822205,9.36815261841,7.74767589569,7.42934608459,6.80061292648,6.74048042297,5.34865856171,2.53912186623,5.44391298294,2.55820989609,3.21579909325,4.24664592743,2.12177872658,1.52752971649,2.01390504837,1.72702598572,2.39249515533,1.20755565166,0.983604192734,0.528946876526,0.842716634274,0.557529568672,0.266510874033,0.139751747251,0.0798674747348,0.0623955130577,0.0519880279899,0.0435564517975,0.0351985655725,0.0193429645151,0.0102138612419,0.00292163225822,0.000671987480018,0.000104147133243,1.39888907142e-05],"dmean2":[0.494877576828,3.03023195267,7.96915006638,8.676445961,9.57237243652,11.3729896545,15.1109981537,12.7223472595,12.8463935852,11.677022934,11.3287534714,8.50579166412,3.88669013977,8.53851795197,3.98491215706,4.85162878036,6.55901956558,3.39374375343,2.57716226578,3.34289884567,2.94082427025,4.05927324295,1.99981343746,1.60102236271,0.905026435852,1.48999333382,1.00830686092,0.465023428202,0.230845704675,0.130967959762,0.0961824208498,0.0812117010355,0.066818356514,0.0572079159319,0.0309523884207,0.0162179246545,0.00452159671113,0.00104287883732,0.000165495090187,2.40115095949e-05],"dvar":[0.14006190002,7.84954595566,104.884170532,150.715713501,221.079727173,290.901153564,1021.25756836,576.53112793,715.121276855,501.375457764,852.467956543,263.693450928,69.0778579712,585.189941406,67.2338485718,81.6993865967,320.370422363,45.9219932556,104.204612732,94.7835845947,160.012634277,274.387878418,68.7057952881,36.4677696228,9.64643859863,26.0721721649,16.3697452545,2.69491147995,0.69169819355,0.138812884688,0.112467773259,0.0929482132196,0.0644039139152,0.0561851970851,0.017609719187,0.00573483295739,0.000357859942596,1.44257601278e-05,3.58861797167e-07,5.00106955847e-10],"dvar2":[0.437368273735,22.7246456146,304.840362549,427.108459473,631.942565918,753.314880371,2491.07910156,1660.13415527,2245.64575195,1479.13256836,2232.78442383,665.005126953,172.807662964,1192.65893555,155.306976318,203.101211548,733.20703125,125.653465271,317.232025146,262.168243408,472.745147705,813.416748047,191.781692505,94.7870254517,27.1755218506,72.9103851318,48.4236450195,7.93160486221,1.9623093605,0.358238041401,0.243516221642,0.20909807086,0.137605220079,0.139167398214,0.0419820323586,0.0126376794651,0.000862064945977,3.37723795383e-05,8.10406902474e-07,1.3811426447e-09],"max":[4.44692993164,48.2100563049,243.402786255,289.042510986,363.65222168,397.986694336,1265.56481934,751.537658691,1017.92303467,675.46887207,984.770751953,442.028320312,283.597259521,1011.81164551,250.120651245,310.132110596,934.844055176,182.042022705,516.642700195,268.339477539,479.116516113,705.175170898,298.363616943,238.608627319,109.026893616,145.151077271,92.0512390137,68.1570739746,35.8741493225,9.05680751801,10.9781599045,9.76574802399,7.17470407486,8.0721282959,4.55729818344,2.66883802414,0.596793651581,0.0990199670196,0.0155932074413,0.000478048110381],"mean":[0.465547591448,2.63246536255,6.25874471664,7.42295694351,9.41280269623,14.2570428848,15.7229576111,14.1431083679,13.7452011108,15.431344986,12.2698707581,11.1033639908,5.8717250824,10.7317304611,6.16970539093,9.81685161591,12.2732372284,4.62568855286,3.03292274475,4.00378990173,3.42954683304,4.10294246674,2.3140141964,2.05903506279,1.17150592804,1.36824941635,0.786958992481,0.450362801552,0.279403656721,0.153506755829,0.120420448482,0.0849952027202,0.0668513700366,0.0467214249074,0.0259019639343,0.0132936928421,0.00434802984819,0.00112088257447,0.000183146781637,3.76071620849e-05],"median":[0.233826994896,1.24884355068,2.1891977787,2.81563186646,3.39860010147,4.12397146225,2.96619868279,2.02126502991,2.54751467705,2.30178570747,1.37687408924,2.19205260277,1.12965321541,1.55949294567,1.23755252361,1.28170394897,1.84020709991,0.982095718384,0.758814334869,0.728586494923,0.490203410387,0.443599998951,0.222334161401,0.146980598569,0.0932880267501,0.078188881278,0.0417736060917,0.0185833238065,0.00985702034086,0.00459722010419,0.00279427156784,0.00117837800644,0.000676827097777,0.000591375282966,0.00033521122532,0.00016937473265,6.61338999635e-05,1.12447496576e-05,9.96063135972e-06,2.11198239413e-05],"min":[1.15185733335e-22,4.01390831124e-22,3.18787814818e-21,3.31447838327e-21,1.14574386076e-20,2.46308714739e-20,7.08910974805e-20,1.12501681487e-19,1.26249966105e-19,2.18845261808e-19,3.29440136887e-19,3.16167041682e-19,8.50083485956e-19,9.21734594398e-19,1.22294062714e-18,9.77488118648e-19,1.75661232935e-18,1.64447300467e-18,1.92915351973e-18,3.46311881347e-18,5.11191290626e-18,4.33999250812e-18,5.79807204567e-18,6.20167497323e-18,8.24121450494e-18,8.15890258936e-18,1.12903379004e-17,1.0921895112e-17,1.30153833632e-17,1.24063021541e-17,1.20926170678e-17,1.06908610854e-17,1.0120886494e-17,8.50144800719e-18,6.19209746251e-18,4.3869213594e-18,2.50676381531e-18,1.02974577083e-18,2.53165709206e-19,2.92722448988e-20],"var":[0.349437773228,14.1430034637,150.931884766,215.04069519,320.304443359,845.385742188,2611.95898438,1470.87939453,1755.2611084,2154.47070312,2098.12231445,880.028808594,241.951660156,1582.54077148,236.7628479,670.260131836,2379.05639648,120.819625854,135.635879517,233.115280151,272.463989258,431.536560059,152.804229736,115.004066467,33.3087463379,53.7647972107,16.7892799377,4.4297451973,1.62912344933,0.403766036034,0.332987695932,0.197522550821,0.132028385997,0.0757273435593,0.0219870619476,0.0074008544907,0.000506172887981,2.65188373305e-05,6.80437381106e-07,1.96412175413e-09]},"erbbands_crest":{"dmean":2.37974333763,"dmean2":3.8260717392,"dvar":4.70328521729,"dvar2":12.8100185394,"max":33.1236457825,"mean":10.906337738,"median":9.71770763397,"min":2.75411677361,"var":26.9931430817},"erbbands_flatness_db":{"dmean":0.0142043288797,"dmean2":0.0219977200031,"dvar":0.000184497373994,"dvar2":0.000461834104499,"max":0.535976111889,"mean":0.227741315961,"median":0.22095516324,"min":0.0537705086172,"var":0.00423563411459},"erbbands_kurtosis":{"dmean":1.31986773014,"dmean2":2.08170628548,"dvar":5.5608959198,"dvar2":13.2396249771,"max":86.0072479248,"mean":1.79336202145,"median":0.297987937927,"min":-1.84346449375,"var":27.6345062256},"erbbands_skewness":{"dmean":0.359215706587,"dmean2":0.560663759708,"dvar":0.110057868063,"dvar2":0.285417675972,"max":6.47768354416,"mean":0.651926755905,"median":0.6550360322,"min":-4.39297533035,"var":1.16893136501},"erbbands_spread":{"dmean":4.51246356964,"dmean2":7.21706914902,"dvar":22.1932125092,"dvar2":56.3900680542,"max":142.462783813,"mean":26.4419612885,"median":26.1603717804,"min":0.726054012775,"var":204.708129883},"gfcc":{"cov":[[25751.421875,2103.54003906,-1609.78869629,1903.49108887,-387.816253662,-32.7525138855,-300.31237793,113.257049561,-109.273445129,59.6035499573,-499.40802002,-217.904663086,-101.506217957],[2103.54003906,2125.359375,-295.811553955,-108.926513672,202.541259766,-163.621109009,128.660476685,-174.135482788,94.4047698975,-112.808486938,113.512641907,-133.540542603,153.015258789],[-1609.78869629,-295.811553955,1239.73205566,-53.8081817627,-99.6383132935,-5.64566993713,-57.9174537659,33.5057449341,-4.55446100235,31.5837020874,19.9782123566,31.7441482544,-18.6016979218],[1903.49108887,-108.926513672,-53.8081817627,643.890380859,160.53302002,15.4164495468,3.70794153214,6.11056041718,-4.86482524872,3.47766923904,-78.5079803467,-33.6644058228,9.04747676849],[-387.816253662,202.541259766,-99.6383132935,160.53302002,461.510986328,116.947349548,78.7961502075,1.6040815115,-5.07615423203,-59.5672912598,38.912853241,-36.2610397339,9.32042980194],[-32.7525138855,-163.621109009,-5.64566993713,15.4164495468,116.947349548,231.295669556,54.9933433533,25.9261875153,-43.9653511047,-12.4243392944,4.78624391556,13.5130386353,-33.8966941833],[-300.31237793,128.660476685,-57.9174537659,3.70794153214,78.7961502075,54.9933433533,137.084442139,4.6854801178,26.1379642487,-16.0723724365,29.9542579651,-10.7980861664,28.9743366241],[113.257049561,-174.135482788,33.5057449341,6.11056041718,1.6040815115,25.9261875153,4.6854801178,133.868850708,32.7822799683,10.0793809891,-11.743596077,0.571772933006,-26.8143215179],[-109.273445129,94.4047698975,-4.55446100235,-4.86482524872,-5.07615423203,-43.9653511047,26.1379642487,32.7822799683,113.017112732,28.5076026917,12.6387672424,-22.9746170044,20.0582523346],[59.6035499573,-112.808486938,31.5837020874,3.47766923904,-59.5672912598,-12.4243392944,-16.0723724365,10.0793809891,28.5076026917,82.7424163818,5.52553844452,6.12249612808,-10.3387432098],[-499.40802002,113.512641907,19.9782123566,-78.5079803467,38.912853241,4.78624391556,29.9542579651,-11.743596077,12.6387672424,5.52553844452,94.6411361694,20.1387252808,15.8071498871],[-217.904663086,-133.540542603,31.7441482544,-33.6644058228,-36.2610397339,13.5130386353,-10.7980861664,0.571772933006,-22.9746170044,6.12249612808,20.1387252808,83.4241485596,11.9064073563],[-101.506217957,153.015258789,-18.6016979218,9.04747676849,9.32042980194,-33.8966941833,28.9743366241,-26.8143215179,20.0582523346,-10.3387432098,15.8071498871,11.9064073563,102.118652344]],"icov":[[0.000130758358864,-0.000332070019795,0.000142272925586,-0.000492268009111,0.000407393061323,-0.000351632828824,0.000388338929042,-0.000494215404615,0.000301629683236,-0.000293728895485,0.000293177348794,-0.00014782170183,0.000186091958312],[-0.000332070019795,0.00173457455821,-0.000247346382821,0.00139782309998,-0.00121354777366,0.00136624637526,-0.00123554095626,0.00213005114347,-0.00128053198569,0.00175259250682,-0.00164291472174,0.00172235874925,-0.00114148564171],[0.000142272925586,-0.000247346382821,0.00102353747934,-0.000535986444447,0.000592058058828,-0.000439499126514,0.000774699728936,-0.000670309062116,0.000296728947433,-0.000288096693112,-0.000188955949852,-6.23757296125e-05,9.93082285277e-05],[-0.000492268009111,0.00139782309998,-0.000535986444447,0.00402004923671,-0.00272950157523,0.00177981320303,-0.0016928013647,0.00198305514641,-0.000866776856128,3.37662786478e-05,0.00116079999134,0.000732969725505,-0.00128817756195],[0.000407393061323,-0.00121354777366,0.000592058058828,-0.00272950157523,0.00512866955251,-0.00302653363906,0.00112104287837,-0.00177441677079,0.000567391340155,0.00152089132462,-0.00179346918594,0.0010761882877,0.000510972575285],[-0.000351632828824,0.00136624637526,-0.000439499126514,0.00177981320303,-0.00302653363906,0.00843222811818,-0.00481475051492,0.000427652470535,0.00235920608975,-0.000268222793238,7.21312244423e-05,-0.000715720234439,0.00150084018242],[0.000388338929042,-0.00123554095626,0.000774699728936,-0.0016928013647,0.00112104287837,-0.00481475051492,0.012648508884,-0.00179954408668,-0.00222548446618,0.00107989879325,-0.00207170168869,0.00113999645691,-0.00249913334846],[-0.000494215404615,0.00213005114347,-0.000670309062116,0.00198305514641,-0.00177441677079,0.000427652470535,-0.00179954408668,0.0123840291053,-0.00627894047648,0.00274566351436,-0.000131470471388,-0.00011597986304,0.00163072906435],[0.000301629683236,-0.00128053198569,0.000296728947433,-0.000866776856128,0.000567391340155,0.00235920608975,-0.00222548446618,-0.00627894047648,0.0163248609751,-0.00707587739453,-0.000174115615664,0.00326786795631,-0.0022135307081],[-0.000293728895485,0.00175259250682,-0.000288096693112,3.37662786478e-05,0.00152089132462,-0.000268222793238,0.00107989879325,0.00274566351436,-0.00707587739453,0.018566666171,-0.00463834404945,0.000634573632851,0.00112675270066],[0.000293177348794,-0.00164291472174,-0.000188955949852,0.00116079999134,-0.00179346918594,7.21312244423e-05,-0.00207170168869,-0.000131470471388,-0.000174115615664,-0.00463834404945,0.0180000830442,-0.00656356476247,0.000900434912182],[-0.00014782170183,0.00172235874925,-6.23757296125e-05,0.000732969725505,0.0010761882877,-0.000715720234439,0.00113999645691,-0.00011597986304,0.00326786795631,0.000634573632851,-0.00656356476247,0.0185927469283,-0.00522317970172],[0.000186091958312,-0.00114148564171,9.93082285277e-05,-0.00128817756195,0.000510972575285,0.00150084018242,-0.00249913334846,0.00163072906435,-0.0022135307081,0.00112675270066,0.000900434912182,-0.00522317970172,0.0144274299964]],"mean":[-162.086730957,178.850952148,-82.5031585693,16.0474090576,-18.3769435883,4.44332742691,-17.633556366,-1.66732740402,-15.200012207,-0.0275872349739,-6.44419908524,-3.26264762878,-3.69491267204]},"hfc":{"dmean":1.75733423233,"dmean2":2.95215964317,"dvar":10.732293129,"dvar2":29.1770610809,"max":82.0169830322,"mean":6.63340091705,"median":2.89407372475,"min":1.10164489698e-16,"var":107.977836609},"melbands":{"dmean":[0.00226327171549,0.00220603682101,0.000829037744552,0.000468759360956,0.000297668506391,0.000178312184289,0.000120887329103,7.00885575498e-05,5.84764529776e-05,3.0180783142e-05,1.30262360472e-05,2.3196791517e-05,8.99532915355e-06,8.91953550308e-06,1.19181131595e-05,6.99466090737e-06,4.14848545915e-06,2.50954735748e-06,3.26835561282e-06,2.45419164457e-06,2.04264915737e-06,2.37926542468e-06,2.59854209617e-06,4.99916382068e-07,9.19503861496e-07,4.39178307943e-07,5.5540459698e-07,5.91678599449e-07,4.33914294717e-07,1.84547886306e-07,1.75137842007e-07,1.01128236452e-07,5.64990614293e-08,5.07793309623e-08,3.56437368509e-08,4.02272029021e-08,3.09862464576e-08,3.07956291579e-08,3.1758027319e-08,3.02316927048e-08],"dmean2":[0.00397683586925,0.00385731481947,0.00143499777187,0.00076541386079,0.000477153487736,0.000293587741908,0.000209941295907,0.000118752825074,9.87017847365e-05,4.77515241073e-05,1.99118676392e-05,3.63038416253e-05,1.41334421642e-05,1.38307777888e-05,1.7596545149e-05,1.11833951451e-05,6.72737360219e-06,4.28829753218e-06,5.42353109267e-06,4.03047397413e-06,3.50104187419e-06,4.02666228183e-06,4.3284635467e-06,8.27562075756e-07,1.49344407419e-06,7.29981934455e-07,9.4384733984e-07,1.03905244941e-06,7.89701005033e-07,3.25223538766e-07,3.04096516857e-07,1.69265675254e-07,9.04308024019e-08,8.68251532893e-08,5.6793002301e-08,6.1910739646e-08,4.9981515815e-08,4.77132715559e-08,5.1118338007e-08,4.99055623493e-08],"dvar":[9.09681693884e-06,1.990365854e-05,4.08153937315e-06,1.24551127101e-06,7.84970097811e-07,2.83421996983e-07,1.80589807997e-07,5.25162171527e-08,6.29602183722e-08,7.93119170339e-09,1.98058858203e-09,1.10401865427e-08,9.47196987511e-10,7.61500584812e-10,1.71086944611e-09,6.52830844938e-10,1.86189993978e-10,4.94977614451e-10,2.89207380266e-10,1.75764944266e-10,2.88505136448e-10,2.884703032e-10,4.73510619603e-10,6.26299446332e-12,3.27826307767e-11,1.11588819782e-11,1.22850375706e-11,1.46262533335e-11,1.11497764146e-11,1.16810684389e-12,1.76989282605e-12,5.00781274088e-13,8.54193696028e-14,6.17385374595e-14,3.33832692935e-14,5.97425619175e-14,3.43966324065e-14,3.17546519407e-14,4.1204402222e-14,4.34340368847e-14],"dvar2":[2.7600039175e-05,5.79961815674e-05,1.15589609777e-05,3.34159608428e-06,1.9314727524e-06,8.04629507911e-07,5.79491427288e-07,1.44413547787e-07,1.69671565686e-07,1.97534326674e-08,5.04319741523e-09,2.25481784355e-08,2.18823181797e-09,1.93452454056e-09,3.9228131854e-09,1.55463353302e-09,5.21689691446e-10,1.5407930487e-09,7.92161669594e-10,4.70872230096e-10,8.59140536491e-10,8.75800487687e-10,1.32237065742e-09,1.79354187752e-11,8.42802980183e-11,2.98193379711e-11,3.31895552708e-11,4.0252759459e-11,3.29363238072e-11,3.43262310937e-12,5.15922634475e-12,1.44460853869e-12,2.22965621118e-13,1.71609064849e-13,7.6730227803e-14,1.30109844339e-13,8.19012826309e-14,7.03224506621e-14,9.53150454614e-14,1.12209029503e-13],"max":[0.033806361258,0.104533225298,0.0556612759829,0.024259455502,0.0340454317629,0.0143802305683,0.0154975885525,0.00675837835297,0.00750719057396,0.00240257102996,0.00162386312149,0.00438308296725,0.00128465495072,0.0006273809704,0.00215963367373,0.00107599690091,0.000397726922529,0.00114658649545,0.000501415517647,0.000432020809967,0.000657262396999,0.000761723669712,0.00076453119982,9.28017179831e-05,0.000224856747082,0.00017798099725,0.000118802083307,0.000116338793305,7.42770134821e-05,2.39924102061e-05,6.71297384542e-05,3.28560927301e-05,1.02506410258e-05,5.23875360159e-06,6.63490254738e-06,8.37466177472e-06,6.15993667452e-06,4.58551949123e-06,5.86723035667e-06,7.6223227552e-06],"mean":[0.00391648663208,0.00341892009601,0.0013212421909,0.00091904879082,0.000535309896804,0.000321480707498,0.000226497635595,0.000156113455887,0.000105051673017,6.2129147409e-05,2.77679027931e-05,4.43445751444e-05,1.99815549422e-05,2.04286043299e-05,3.637102418e-05,1.80539645953e-05,7.63743173593e-06,4.37507014794e-06,5.63595813219e-06,4.95362974107e-06,3.63746471521e-06,3.95663982999e-06,4.08102914662e-06,1.14641864002e-06,1.7821533902e-06,8.51886113651e-07,9.83978452496e-07,8.65411891482e-07,5.44936540336e-07,3.04800238382e-07,2.63327677885e-07,1.80934421223e-07,9.94643514218e-08,8.35110114394e-08,6.87953658485e-08,6.43781632448e-08,4.79366271122e-08,4.60182967288e-08,4.44681766965e-08,3.80148357237e-08],"median":[0.00215986324474,0.00147702998947,0.000531393918209,0.000305545429001,0.000125272214063,4.45932273578e-05,4.00032477046e-05,2.28063090617e-05,1.1595732758e-05,1.32582281367e-05,4.66124629384e-06,5.83293603995e-06,4.10836855735e-06,3.04979676002e-06,4.16951115767e-06,2.8246936381e-06,1.41837358569e-06,9.7516635833e-07,1.05114702365e-06,8.04756155048e-07,4.63273806872e-07,4.72639044347e-07,2.62192088485e-07,1.34235619953e-07,1.09680613036e-07,6.57892655909e-08,5.44452873896e-08,4.44419079315e-08,2.85251520182e-08,1.31464350517e-08,8.74351258062e-09,5.5635989149e-09,3.09655656672e-09,1.91446303255e-09,1.6120893509e-09,9.97751659071e-10,5.39444156011e-10,4.48563075572e-10,4.13502343477e-10,4.95925411848e-10],"min":[1.24511202039e-24,1.05040517455e-24,6.54224140982e-25,1.07232091379e-24,1.99446992692e-24,2.58006878978e-24,1.64242536518e-24,2.46404194455e-24,1.63628891481e-24,2.3169992579e-24,4.06380590919e-24,3.38757856402e-24,3.3017733745e-24,3.57299045903e-24,2.48240978187e-24,4.35177169404e-24,2.04705145056e-24,1.86748462043e-24,4.19498519469e-24,3.77875812084e-24,5.52358354797e-24,4.39792597345e-24,4.22231291417e-24,3.93738306052e-24,4.44870416106e-24,5.83279177927e-24,4.5436889305e-24,4.87405362242e-24,6.24650672557e-24,6.36316899826e-24,5.66931850047e-24,7.04492704724e-24,3.80253438852e-24,6.23388928982e-24,6.61199071613e-24,7.19530444616e-24,5.45315917395e-24,6.24505877138e-24,5.06613020878e-24,6.38005732695e-24],"var":[2.05084579648e-05,3.20043945976e-05,6.18099238636e-06,3.34784340339e-06,2.06101890399e-06,6.94652328548e-07,4.77952482925e-07,2.16561417687e-07,1.57374302034e-07,2.60451411549e-08,6.15789330638e-09,2.94629227682e-08,2.75444422826e-09,2.44201525668e-09,1.85414119613e-08,3.83291887118e-09,3.95238508588e-10,5.11743536435e-10,5.09325415177e-10,4.92786256245e-10,4.07317235496e-10,4.07696959526e-10,8.7467033616e-10,2.20911448856e-11,9.58743570645e-11,2.87205450394e-11,3.0358323494e-11,2.55472275279e-11,1.02639615557e-11,1.75000357087e-12,2.41686987264e-12,8.62111543178e-13,2.04943755109e-13,1.30387440753e-13,1.00332692458e-13,1.27419234018e-13,6.54771985871e-14,6.25963446658e-14,6.67404093145e-14,5.29560526289e-14]},"melbands_crest":{"dmean":3.68885421753,"dmean2":6.40688896179,"dvar":9.16700363159,"dvar2":27.7816734314,"max":36.8235855103,"mean":18.6556358337,"median":18.2168121338,"min":1.54105448723,"var":35.5391998291},"melbands_flatness_db":{"dmean":0.031175788492,"dmean2":0.053369153291,"dvar":0.000728466256987,"dvar2":0.00210047583096,"max":0.750181376934,"mean":0.412458121777,"median":0.420797437429,"min":0.0034595488105,"var":0.00935300160199},"melbands_kurtosis":{"dmean":12.3067007065,"dmean2":21.0435810089,"dvar":312.598602295,"dvar2":898.434875488,"max":435.462280273,"mean":30.088388443,"median":19.3461990356,"min":-1.83911108971,"var":1194.27453613},"melbands_skewness":{"dmean":0.839660704136,"dmean2":1.41926240921,"dvar":0.631781876087,"dvar2":1.82780480385,"max":18.2073822021,"mean":3.60702252388,"median":3.31211614609,"min":-4.08795118332,"var":4.64619350433},"melbands_spread":{"dmean":1.96261262894,"dmean2":3.28923392296,"dvar":10.0893239975,"dvar2":25.247636795,"max":187.066513062,"mean":7.26939439774,"median":4.00607395172,"min":0.321580260992,"var":192.048950195},"mfcc":{"cov":[[11240.5097656,1835.88220215,-694.54675293,707.801147461,-324.984191895,-60.5022239685,-225.206298828,-112.421508789,39.9310035706,77.0433502197,-26.7348232269,-150.094680786,-18.3423519135],[1835.88220215,2326.58056641,50.2141342163,173.762802124,119.840209961,9.66357898712,33.8703651428,-35.9762840271,24.8857822418,-1.82212519646,-14.2681188583,-3.13098955154,-6.01893234253],[-694.54675293,50.2141342163,793.211364746,-47.1474571228,19.0270118713,-31.1708583832,-22.5679836273,6.43061923981,-16.1294612885,13.0692186356,35.3340530396,15.9115867615,-7.9822936058],[707.801147461,173.762802124,-47.1474571228,356.583251953,105.504150391,42.2580909729,-14.2330379486,0.884223341942,39.9392547607,35.062461853,-5.17576122284,-37.4168663025,3.73307704926],[-324.984191895,119.840209961,19.0270118713,105.504150391,318.150177002,108.325050354,99.6201095581,63.7673149109,20.4982719421,25.2323589325,-16.7929058075,17.2743968964,26.5587730408],[-60.5022239685,9.66357898712,-31.1708583832,42.2580909729,108.325050354,183.769073486,99.8614044189,40.8190574646,15.3778333664,-25.0025367737,-11.1095952988,23.525302887,20.5678749084],[-225.206298828,33.8703651428,-22.5679836273,-14.2330379486,99.6201095581,99.8614044189,157.514785767,73.8237457275,5.0393743515,-16.0726928711,-19.1061477661,30.5959129333,32.7292900085],[-112.421508789,-35.9762840271,6.43061923981,0.884223341942,63.7673149109,40.8190574646,73.8237457275,110.446083069,24.1333274841,-5.08993721008,1.33061885834,14.7408494949,23.9824619293],[39.9310035706,24.8857822418,-16.1294612885,39.9392547607,20.4982719421,15.3778333664,5.0393743515,24.1333274841,77.5830612183,37.3281402588,1.70209407806,-3.8849875927,-2.42502164841],[77.0433502197,-1.82212519646,13.0692186356,35.062461853,25.2323589325,-25.0025367737,-16.0726928711,-5.08993721008,37.3281402588,107.821685791,29.2046051025,-33.8956832886,-9.40792942047],[-26.7348232269,-14.2681188583,35.3340530396,-5.17576122284,-16.7929058075,-11.1095952988,-19.1061477661,1.33061885834,1.70209407806,29.2046051025,84.005241394,34.1702346802,-23.6460399628],[-150.094680786,-3.13098955154,15.9115867615,-37.4168663025,17.2743968964,23.525302887,30.5959129333,14.7408494949,-3.8849875927,-33.8956832886,34.1702346802,112.272018433,21.4141616821],[-18.3423519135,-6.01893234253,-7.9822936058,3.73307704926,26.5587730408,20.5678749084,32.7292900085,23.9824619293,-2.42502164841,-9.40792942047,-23.6460399628,21.4141616821,94.5781173706]],"icov":[[0.000146676538861,-0.000123291683849,0.000116304385301,-0.000300345476717,0.000351952505298,-0.000183574666153,0.000255471677519,-0.000274840480415,0.000306980364257,-0.000340007187333,0.000248347205343,-0.000147271464812,3.41299819411e-05],[-0.000123291683849,0.000578798295464,-0.000148816368892,3.1768293411e-05,-0.000499718356878,0.000476765271742,-0.000677960691974,0.000788150238805,-0.000641759368591,0.000685502775013,-0.000424708530772,0.000263585126959,-4.36168738815e-05],[0.000116304385301,-0.000148816368892,0.00142658117693,1.04025357359e-05,-2.26340989684e-06,-2.56312159763e-05,0.000613406940829,-0.000539814180229,0.000598603102844,-0.000390567205613,-0.000249833654379,-0.000161892632605,1.45862868521e-05],[-0.000300345476717,3.1768293411e-05,1.04025357359e-05,0.0044805384241,-0.00219453452155,-0.000529045355506,0.00106810661964,0.000895678764209,-0.00223646359518,0.00107770052273,-0.00148545065895,0.00199722568505,-0.000871374213602],[0.000351952505298,-0.000499718356878,-2.26340989684e-06,-0.00219453452155,0.00656029302627,-0.0028215139173,-0.000209866047953,-0.00316861690953,0.00310145900585,-0.00493503594771,0.0040100319311,-0.00302194152027,0.00104577816091],[-0.000183574666153,0.000476765271742,-2.56312159763e-05,-0.000529045355506,-0.0028215139173,0.0110789295286,-0.00732639757916,0.00364905619062,-0.00457788538188,0.00591444363818,-0.00399949634448,0.00226734532043,-0.00103587599006],[0.000255471677519,-0.000677960691974,0.000613406940829,0.00106810661964,-0.000209866047953,-0.00732639757916,0.0172768998891,-0.00964351929724,0.0051788687706,-0.00519546726719,0.00663113547489,-0.00478432700038,0.000491910963319],[-0.000274840480415,0.000788150238805,-0.000539814180229,0.000895678764209,-0.00316861690953,0.00364905619062,-0.00964351929724,0.0185899473727,-0.00905292108655,0.00754432892427,-0.00793535914272,0.00507839210331,-0.0039800144732],[0.000306980364257,-0.000641759368591,0.000598603102844,-0.00223646359518,0.00310145900585,-0.00457788538188,0.0051788687706,-0.00905292108655,0.0226375367492,-0.0130292745307,0.00881537422538,-0.00673623476177,0.00379907921888],[-0.000340007187333,0.000685502775013,-0.000390567205613,0.00107770052273,-0.00493503594771,0.00591444363818,-0.00519546726719,0.00754432892427,-0.0130292745307,0.0234213247895,-0.0154086155817,0.0121340174228,-0.00471737701446],[0.000248347205343,-0.000424708530772,-0.000249833654379,-0.00148545065895,0.0040100319311,-0.00399949634448,0.00663113547489,-0.00793535914272,0.00881537422538,-0.0154086155817,0.0275108404458,-0.0150234233588,0.00849284697324],[-0.000147271464812,0.000263585126959,-0.000161892632605,0.00199722568505,-0.00302194152027,0.00226734532043,-0.00478432700038,0.00507839210331,-0.00673623476177,0.0121340174228,-0.0150234233588,0.0192687064409,-0.00646545086056],[3.41299819411e-05,-4.36168738815e-05,1.45862868521e-05,-0.000871374213602,0.00104577816091,-0.00103587599006,0.000491910963319,-0.0039800144732,0.00379907921888,-0.00471737701446,0.00849284697324,-0.00646545086056,0.0145987384021]],"mean":[-802.494262695,204.281219482,12.3819704056,29.1731891632,19.0938796997,14.2800254822,10.8154668808,3.85052394867,3.64139246941,0.611836612225,1.22010171413,5.28474092484,2.19127750397]},"pitch_salience":{"dmean":0.0853110700846,"dmean2":0.146331682801,"dvar":0.00518322456628,"dvar2":0.0156010268256,"max":0.82511895895,"mean":0.465040832758,"median":0.474455088377,"min":0.0809464678168,"var":0.0179404728115},"silence_rate_20dB":{"dmean":0.000288101407932,"dmean2":0.000576285819989,"dvar":0.000288021168672,"dvar2":0.000864107802045,"max":1,"mean":0.999855995178,"median":1,"min":0,"var":0.000144007615745},"silence_rate_30dB":{"dmean":0.0288101416081,"dmean2":0.057628583163,"dvar":0.027980549261,"dvar2":0.0678546130657,"max":1,"mean":0.955782830715,"median":1,"min":0,"var":0.0422601923347},"silence_rate_60dB":{"dmean":0.0158455781639,"dmean2":0.0316957198083,"dvar":0.0155950337648,"dvar2":0.0404896065593,"max":1,"mean":0.117096357048,"median":0,"min":0,"var":0.103380128741},"spectral_centroid":{"dmean":81.3050994873,"dmean2":133.258529663,"dvar":26739.2851562,"dvar2":55227.8984375,"max":11651.7304688,"mean":529.828735352,"median":374.546447754,"min":105.580497742,"var":812277.875},"spectral_complexity":{"dmean":1.3062517643,"dmean2":2.25039625168,"dvar":2.11734223366,"dvar2":5.62461090088,"max":47,"mean":7.87728643417,"median":6,"min":0,"var":38.3574180603},"spectral_contrast_coeffs":{"dmean":[0.0486754588783,0.0411962792277,0.0286924429238,0.0225742682815,0.0158054530621,0.0121989082545],"dmean2":[0.0831520855427,0.0695791617036,0.047415997833,0.0369591936469,0.0259906314313,0.0201908331364],"dvar":[0.00156075425912,0.00110883451998,0.000519819674082,0.000311351410346,0.000165326302522,0.000133659559651],"dvar2":[0.00462553510442,0.00322020542808,0.00143597647548,0.000848387775477,0.000451219006209,0.000350557151251],"max":[-0.344578534365,-0.451029568911,-0.511253356934,-0.523658335209,-0.620217978954,-0.626836895943],"mean":[-0.685505747795,-0.741017878056,-0.779951274395,-0.788125455379,-0.814666330814,-0.799256563187],"median":[-0.686921179295,-0.74874162674,-0.791162550449,-0.798430383205,-0.819543123245,-0.795831620693],"min":[-0.987782537937,-0.975458323956,-0.976098001003,-0.969634413719,-0.966330289841,-0.963012814522],"var":[0.0066997022368,0.00543770985678,0.00433310866356,0.00424747634679,0.00205828552134,0.00250242627226]},"spectral_contrast_valleys":{"dmean":[0.348356634378,0.313712954521,0.250974297523,0.202203631401,0.170736923814,0.164384573698],"dmean2":[0.599070906639,0.528050482273,0.421878933907,0.33790114522,0.282558560371,0.25877431035],"dvar":[0.0883508324623,0.0960647761822,0.0641127228737,0.0569875799119,0.0677434653044,0.074041210115],"dvar2":[0.234777390957,0.22885209322,0.13564658165,0.110897034407,0.129054948688,0.134727627039],"max":[-4.6845407486,-4.53257226944,-5.43355941772,-6.08574533463,-6.0199379921,-8.57614707947],"mean":[-7.16586589813,-7.74379920959,-8.59116363525,-9.24942684174,-9.86888980865,-13.0120782852],"median":[-6.72138357162,-7.43794965744,-8.2441034317,-8.83277797699,-9.51974487305,-13.0869817734],"min":[-28.4692115784,-27.9787044525,-27.7872772217,-27.6890506744,-27.4432125092,-27.4192771912],"var":[5.1848783493,4.96746253967,4.68558979034,4.52913761139,4.27194166183,3.00542426109]},"spectral_decrease":{"dmean":3.17088311164e-09,"dmean2":5.50874235117e-09,"dvar":2.33316796964e-17,"dvar2":6.68565752246e-17,"max":4.08271521703e-16,"mean":-8.22489720775e-09,"median":-4.97565588731e-09,"min":-1.09127910264e-07,"var":8.22890523024e-17},"spectral_energy":{"dmean":0.0120981251821,"dmean2":0.0210098028183,"dvar":0.000339669379173,"dvar2":0.000973185116891,"max":0.419303923845,"mean":0.0316442549229,"median":0.019079355523,"min":9.83694655117e-21,"var":0.00122348638251},"spectral_energyband_high":{"dmean":2.6718056688e-05,"dmean2":4.46593330707e-05,"dvar":2.23027960544e-08,"dvar2":6.03509846542e-08,"max":0.00399769051,"mean":5.18111773999e-05,"median":2.37361973632e-06,"min":7.07277955486e-21,"var":5.18153733253e-08},"spectral_energyband_low":{"dmean":0.0107495067641,"dmean2":0.0187920555472,"dvar":0.000289540883387,"dvar2":0.000843348912895,"max":0.343143343925,"mean":0.0214299242944,"median":0.0123016890138,"min":1.59443714193e-23,"var":0.000659320212435},"spectral_energyband_middle_high":{"dmean":0.00030351273017,"dmean2":0.000468772806926,"dvar":9.58967802944e-07,"dvar2":2.237826493e-06,"max":0.0413886941969,"mean":0.00124750076793,"median":0.00029435439501,"min":1.30978304566e-21,"var":9.36095875659e-06},"spectral_energyband_middle_low":{"dmean":0.00396263226867,"dmean2":0.00666694855317,"dvar":7.1756876423e-05,"dvar2":0.000202095965506,"max":0.2011308074,"mean":0.0102862501517,"median":0.00405268510804,"min":1.75769935312e-22,"var":0.000263503403403},"spectral_entropy":{"dmean":0.170353993773,"dmean2":0.276693671942,"dvar":0.0269680153579,"dvar2":0.0717368945479,"max":9.82469844818,"mean":6.40843296051,"median":6.43833351135,"min":4.19412946701,"var":0.469192713499},"spectral_flux":{"dmean":0.021258668974,"dmean2":0.0347862504423,"dvar":0.000583446060773,"dvar2":0.00153866189066,"max":0.426438510418,"mean":0.0722303465009,"median":0.0594456940889,"min":6.28379154266e-11,"var":0.00289118569344},"spectral_kurtosis":{"dmean":8.53623008728,"dmean2":14.8180999756,"dvar":107.812843323,"dvar2":310.395843506,"max":190.149795532,"mean":25.8157253265,"median":17.3595504761,"min":-1.25355255604,"var":663.022521973},"spectral_rms":{"dmean":0.000951705616899,"dmean2":0.00164603523444,"dvar":1.04944604118e-06,"dvar2":3.04545142171e-06,"max":0.0202256515622,"mean":0.00476856483147,"median":0.00431439513341,"min":3.09790582943e-12,"var":8.13316819404e-06},"spectral_rolloff":{"dmean":100.38469696,"dmean2":176.301559448,"dvar":150619.109375,"dvar2":279024.5,"max":21619.3359375,"mean":648.694458008,"median":236.865234375,"min":43.06640625,"var":5850302},"spectral_skewness":{"dmean":0.579000890255,"dmean2":0.999497175217,"dvar":0.342012465,"dvar2":0.999313414097,"max":11.3050374985,"mean":3.45551037788,"median":2.96854639053,"min":-0.065375097096,"var":2.78928279877},"spectral_spread":{"dmean":325554.09375,"dmean2":532467.8125,"dvar":390272319488,"dvar2":772743168000,"max":42346564,"mean":2680767.5,"median":2115575.75,"min":454571.65625,"var":12150436266000.0},"spectral_strongpeak":{"dmean":0.195687621832,"dmean2":0.342702567577,"dvar":0.119725815952,"dvar2":0.324081093073,"max":7.71056985855,"mean":0.385860413313,"median":0.237401142716,"min":1.95704799588e-10,"var":0.246274203062},"zerocrossingrate":{"dmean":0.00316229276359,"dmean2":0.00422619003803,"dvar":3.45986154571e-05,"dvar2":3.50695154339e-05,"max":0.75244140625,"mean":0.0244490858167,"median":0.0126953125,"min":0.00146484375,"var":0.00459295371547}},"metadata":{"audio_properties":{"analysis_sample_rate":44100,"bit_rate":239430,"codec":"mp3","downmix":"mix","equal_loudness":0,"length":161.175506592,"lossless":false,"md5_encoded":"18cfada1acd1d4e31fc95d0b04994343","replay_gain":-7.00256919861,"sample_rate":44100},"tags":{"acoustid_id":["9334a479-24f6-459e-ab48-4e1b67ba4caf"],"album":["Journey"],"albumartist":["Austin Wintory"],"albumartistsort":["Wintory, Austin"],"artist":["Austin Wintory"],"artistsort":["Wintory, Austin"],"artistwebpage":["http://austinwintory.com/"],"date":["2012"],"discnumber":["1/1"],"file_name":"10 Descent.mp3","media":["Digital Media"],"musicbrainz album release country":["XW"],"musicbrainz album status":["official"],"musicbrainz album type":["album/soundtrack"],"musicbrainz_albumartistid":["78f15956-c5e1-46d6-a46b-fa6f46681ec8"],"musicbrainz_albumid":["1f3abcda-15a7-4465-92c6-9926cdc4f247"],"musicbrainz_artistid":["78f15956-c5e1-46d6-a46b-fa6f46681ec8"],"musicbrainz_recordingid":["3783b6ab-fcd8-4a0a-bb86-bcafad69bceb"],"musicbrainz_releasegroupid":["d1850227-c7c7-42c8-b469-6e99023412de"],"originaldate":["2012"],"script":["Latn"],"title":["Descent"],"tracknumber":["10/18"]},"version":{"essentia":"2.1-beta2","essentia_build_sha":"26c37b627ab5a2028d412893e0969599b764ad4d","essentia_git_sha":"v2.1_beta2","extractor":"music 1.0"}},"rhythm":{"beats_count":333,"beats_loudness":{"dmean":0.0199431218207,"dmean2":0.0328890047967,"dvar":0.000474606291391,"dvar2":0.00125651143026,"max":0.193939879537,"mean":0.0350934006274,"median":0.0243001952767,"min":0,"var":0.00123121112119},"beats_loudness_band_ratio":{"dmean":[0.132496908307,0.108846746385,0.0514851436019,0.0341908670962,0.007966584526,0.0076373917982],"dmean2":[0.219079077244,0.184647679329,0.0879784822464,0.0583836883307,0.014204104431,0.00967096444219],"dvar":[0.01314501184