{"lowlevel":{"average_loudness":0.650170147419,"barkbands":{"dmean":[0.000358987395884,0.00292521435767,0.000901042425539,0.000618206395302,0.00171701272484,0.00154587044381,0.000703013211023,0.000662341364659,0.000277741113678,0.000379187986255,0.000321035884554,0.000105060447822,0.00015938722936,5.10157224198e-05,0.000103213045804,4.35882211605e-05,6.13784141024e-05,1.51784424816e-05,1.67374382727e-05,5.19509694641e-06,1.69862619259e-06,5.07985362219e-07,1.20727790431e-07,7.4729094024e-08,2.60241197481e-08,9.47541156648e-09,2.44102471569e-09],"dmean2":[0.000657315249555,0.00529218045995,0.00134200882167,0.000952515809331,0.00259315292351,0.00200090743601,0.00096723344177,0.000645189778879,0.000363292725524,0.000508999859449,0.00044142693514,0.00015994606656,0.000238972847001,8.24836461106e-05,0.000168269922142,6.90057859174e-05,0.000103568258055,2.54291226156e-05,2.8741065762e-05,8.83159646037e-06,2.91198375635e-06,8.72420685027e-07,2.00558972097e-07,1.17965242907e-07,4.35411884325e-08,1.6128987923e-08,4.32323199462e-09],"dvar":[8.74844317877e-07,3.3262767829e-05,3.70934799321e-06,8.94666300155e-07,1.36102235047e-05,9.30319492909e-06,7.47654485167e-06,5.27968359165e-06,4.78269271298e-07,4.16807182546e-07,5.68799066514e-07,4.18513188549e-08,1.62940338555e-07,2.66863882104e-08,4.59837856681e-08,1.21778551687e-08,2.12488018292e-08,1.63867586167e-09,1.51886947464e-09,1.27195712296e-10,1.15089058075e-11,1.40915263399e-12,7.60604280297e-14,3.86098047793e-14,4.84194822298e-15,3.46896334908e-16,1.09132006166e-17],"dvar2":[2.88775640911e-06,0.000107714236947,8.41051041789e-06,2.30267869483e-06,3.50852569682e-05,1.91277922568e-05,1.71630272234e-05,4.97751034345e-06,8.24107303288e-07,7.59552790441e-07,1.06776963094e-06,9.4167376119e-08,3.77556375497e-07,5.76977576827e-08,1.08590512582e-07,3.0910911164e-08,5.98105103222e-08,4.41291936326e-09,4.36724700847e-09,3.48675227579e-10,3.26036038445e-11,4.23977172814e-12,2.04857086698e-13,8.9824828619e-14,1.32694233341e-14,9.70259829816e-16,3.39020437276e-17],"max":[0.0201693326235,0.062914416194,0.0312186405063,0.0219044908881,0.10701803118,0.0967773124576,0.0828603506088,0.0845387354493,0.022451326251,0.012804986909,0.029452111572,0.00386514794081,0.00843424163759,0.00564366625622,0.00438338005915,0.00332760438323,0.00308074103668,0.000793718383648,0.000669742701575,0.000202931056265,5.34009886906e-05,3.84000777558e-05,7.26582220523e-06,7.57819771025e-06,2.25601888815e-06,6.13447525666e-07,4.7420389393e-08],"mean":[0.000774875341449,0.00496304687113,0.0018116296269,0.00148253841326,0.00491320481524,0.00499459076673,0.00179018487688,0.00270624482073,0.000637019460555,0.000803934992291,0.000818268337753,0.00021840572299,0.00026445207186,8.10290002846e-05,0.00016277161194,7.83571740612e-05,0.000102305457403,2.94699693768e-05,3.18820348184e-05,1.11982853923e-05,4.01240777137e-06,1.31520653213e-06,3.56184955308e-07,2.60503554728e-07,1.22383340795e-07,5.92725371007e-08,6.22923534976e-09],"median":[1.53007949848e-05,6.38136771158e-05,0.000227518452448,0.00073654926382,0.00219586095773,0.00162783986889,0.000273225683486,0.000362996244803,0.000225953932386,0.000393136782805,0.000155494781211,8.80507868715e-05,6.18401245447e-05,1.5501427697e-05,4.05068640248e-05,7.33680190024e-06,2.64924274234e-05,2.4492992452e-06,3.8208982005e-06,2.55329769061e-06,1.21979826417e-06,3.20869105508e-07,7.33766896133e-08,6.28040623951e-08,4.41023857434e-08,3.49752156126e-08,4.40139036328e-09],"min":[7.75371728868e-25,1.58818230326e-24,3.16121364537e-25,2.92002642474e-24,1.36648821031e-23,1.5922141319e-23,1.10264768521e-23,1.02515914067e-23,2.08456083997e-23,2.90379446776e-23,1.18947571178e-23,1.58124281221e-23,5.27369103032e-23,4.03188449489e-23,3.660956733e-23,6.08374705034e-23,1.02935304079e-22,7.70404589265e-23,1.3059408008e-22,1.89152588226e-22,2.37881397244e-22,3.36947155567e-22,4.24008419909e-22,6.73912436003e-22,9.29265322627e-22,1.29566614626e-21,1.89624289182e-21],"var":[4.21639242631e-06,8.57910490595e-05,1.15506281873e-05,5.16422505825e-06,5.43521273357e-05,8.32404984976e-05,3.19517712342e-05,5.3103598475e-05,1.81651682851e-06,1.52724680902e-06,4.36580057794e-06,1.32678295017e-07,3.42184165447e-07,5.59763364549e-08,9.37282180757e-08,4.16754666333e-08,4.12529210791e-08,4.20215773289e-09,3.82031339896e-09,3.9296071952e-10,4.32780200565e-11,5.5061380802e-12,4.05689858877e-13,2.75658022884e-13,4.5394850395e-14,6.10171067928e-15,4.13503353051e-17]},"barkbands_crest":{"dmean":2.23459339142,"dmean2":3.62235283852,"dvar":4.66412591934,"dvar2":14.3649101257,"max":25.5058441162,"mean":12.9687995911,"median":12.2589817047,"min":4.30595397949,"var":21.9936542511},"barkbands_flatness_db":{"dmean":0.0180723164231,"dmean2":0.0298363436013,"dvar":0.000276253646007,"dvar2":0.000847861985676,"max":0.624063432217,"mean":0.295309692621,"median":0.292215615511,"min":0.0577155314386,"var":0.00737585499883},"barkbands_kurtosis":{"dmean":3.55046582222,"dmean2":5.80639600754,"dvar":63.8451538086,"dvar2":206.904418945,"max":288.386688232,"mean":8.39111709595,"median":3.87358570099,"min":-1.95365083218,"var":266.886138916},"barkbands_skewness":{"dmean":0.482677131891,"dmean2":0.768732905388,"dvar":0.246175348759,"dvar2":0.721987843513,"max":12.8148422241,"mean":1.84302961826,"median":1.64700698853,"min":-7.06793308258,"var":2.06315636635},"barkbands_spread":{"dmean":1.51313912868,"dmean2":2.38892626762,"dvar":7.08156299591,"dvar2":19.3696918488,"max":142.753646851,"mean":7.40072107315,"median":5.34703063965,"min":0.30309265852,"var":101.920051575},"dissonance":{"dmean":0.0314090400934,"dmean2":0.0523990020156,"dvar":0.000806177500635,"dvar2":0.00210756179877,"max":0.500000059605,"mean":0.406472146511,"median":0.41343292594,"min":0.181036159396,"var":0.00291446154006},"dynamic_complexity":4.60303926468,"erbbands":{"dmean":[0.116871707141,0.582226216793,1.03893530369,1.52466678619,3.3852186203,6.0149102211,12.5914745331,12.2310171127,9.98866939545,12.0439386368,10.6584682465,8.03488254547,5.00196170807,14.2062883377,13.8156003952,4.91915798187,7.62781333923,3.05196237564,5.58844852448,2.60051226616,2.13201808929,2.28047966957,1.38753294945,0.978673219681,0.65662252903,0.277280449867,0.0978939682245,0.0375795029104,0.018008608371,0.00785589497536,0.00406624330208,0.00216027954593,0.000884246837813,0.000372446491383,0.000174883301952,6.28166235401e-05,1.7865711925e-05,3.99830059905e-06,2.94300025416e-06,7.10330186848e-06],"dmean2":[0.212942302227,1.05142366886,1.63855731487,2.26760601997,5.73501682281,9.37996006012,14.0688934326,17.9139137268,13.0687179565,13.8218050003,10.8789548874,10.2683372498,6.84333992004,19.397233963,18.4939136505,7.3429441452,11.4122314453,4.86320209503,9.1223077774,4.2291636467,3.4144282341,3.87183451653,2.36974239349,1.68212783337,1.11734879017,0.471435576677,0.168396010995,0.0639714971185,0.0308643616736,0.0133994715288,0.00671315239742,0.00347029557452,0.00139640423004,0.000624660460744,0.000295756093692,0.000105916107714,3.02242624457e-05,6.78830883771e-06,4.5719116315e-06,1.1106841157e-05],"dvar":[0.0589244663715,1.42906880379,4.84929227829,4.51634740829,57.3121299744,287.152648926,911.492370605,831.275512695,1184.90087891,2033.05664062,653.609558105,384.246582031,81.2490463257,579.192565918,1389.32751465,82.0782928467,375.821594238,75.1166610718,133.531860352,58.0881614685,22.7115192413,40.6826210022,9.76054000854,6.27808046341,2.54801797867,0.344712674618,0.0479657799006,0.00566829415038,0.0027243536897,0.00049576559104,0.000107979605673,3.25139189954e-05,4.57438954982e-06,7.55636335725e-07,1.90234956676e-07,1.77842895965e-08,9.8238084334e-10,4.52588695687e-11,1.38805191299e-11,8.18485557108e-11],"dvar2":[0.187978208065,4.62995100021,12.0827856064,9.88301753998,189.511810303,750.496337891,772.716796875,2149.02270508,2299.61254883,2648.11108398,624.232421875,670.748352051,148.63684082,1083.4362793,2698.2800293,171.035751343,853.205627441,162.870193481,310.140197754,145.107223511,56.4863471985,113.494033813,28.7578659058,17.892168045,7.0903878212,0.921903431416,0.133026465774,0.0163010824472,0.00826353672892,0.00145199918188,0.000286987720756,7.65596851124e-05,1.12895668281e-05,2.08104643207e-06,5.23861160673e-07,5.02661130497e-08,2.68735966813e-09,1.25684587737e-10,3.57651616656e-11,2.1570933928e-10],"max":[1.96087121964,16.5397548676,33.5713691711,60.9425582886,139.561630249,567.234985352,1520.50927734,758.451843262,1471.81262207,1534.30908203,828.439208984,648.408630371,209.122207642,517.403442383,1452.48583984,194.69883728,391.912719727,289.547393799,262.449951172,201.194091797,102.610351562,177.624511719,54.8652877808,41.2415466309,41.1787071228,11.0892868042,5.475461483,1.53441751003,1.84367418289,0.536872386932,0.265598505735,0.215713217854,0.0645686537027,0.0253453422338,0.0162766445428,0.00402287486941,0.00104247103445,0.00024012682843,8.19626802695e-05,0.000192059669644],"mean":[0.153540670872,1.06132936478,2.1688849926,4.23700809479,7.60591173172,15.9182958603,44.1590499878,34.3061676025,30.1606388092,41.752784729,42.9104652405,20.4018211365,12.2806310654,31.5772190094,36.8663978577,11.5388307571,12.9885587692,5.87969684601,9.00469303131,5.07828950882,4.16878271103,3.94163918495,2.69017028809,1.78200113773,1.25460088253,0.617314100266,0.2569668293,0.0973531380296,0.0480288676918,0.0224366355687,0.0117765944451,0.0067996699363,0.00329126277938,0.001553933369,0.00076757685747,0.000324314809404,0.000108569423901,2.16298576561e-05,1.32016330099e-05,2.97273363685e-05],"median":[0.00329917646013,0.0121825113893,0.196989133954,2.08407402039,3.47962760925,6.27029705048,11.4692220688,9.91441059113,6.38190031052,4.79262733459,10.2994766235,9.33902835846,6.93285179138,16.7456188202,7.66428661346,4.87613296509,3.40938901901,1.69287657738,2.68625879288,0.89908772707,0.917360067368,1.00473225117,0.464351296425,0.153813719749,0.232052743435,0.156786218286,0.0724357515574,0.0316584482789,0.012134286575,0.00462190806866,0.00207397318445,0.00145572796464,0.000910090864636,0.000562023895327,0.000303421460558,0.000164518816746,7.19574818504e-05,1.53837881953e-05,9.81262746791e-06,2.19106186705e-05],"min":[1.30545827036e-22,3.71515090921e-22,9.62834698915e-22,8.90955833884e-21,2.20728945933e-20,3.52464631689e-20,6.63502507338e-20,1.10933721862e-19,1.88643088186e-19,1.97695546015e-19,3.86150373063e-19,5.15334142006e-19,9.2486278468e-19,1.08214797283e-18,8.81645286011e-19,1.39460293812e-18,2.7475184549e-18,2.14008292157e-18,2.61311049755e-18,2.78836525394e-18,3.43082547556e-18,5.90354253686e-18,4.29390696747e-18,8.43633069501e-18,6.19277078753e-18,8.22452613608e-18,1.13227881959e-17,1.07328578722e-17,1.21139641179e-17,1.26530484764e-17,1.29286104626e-17,1.24615743626e-17,1.22165320323e-17,8.7742439014e-18,6.73075416868e-18,4.17495219153e-18,2.34056420509e-18,9.65611045823e-19,2.38686817312e-19,2.66501825234e-20],"var":[0.0881158187985,4.62698936462,15.9097480774,40.7768478394,135.405090332,779.932678223,11659.1972656,5328.53564453,7730.28955078,16926.859375,8464.82714844,1482.81335449,327.430053711,2261.83984375,10355.265625,353.399414062,784.125061035,188.503295898,261.497650146,152.69090271,71.3289718628,75.9819412231,25.6508159637,13.3670349121,6.07387590408,1.11737513542,0.193560749292,0.0240574926138,0.00888222455978,0.001961593749,0.00053560041124,0.000205609336263,3.51775997842e-05,6.72773148835e-06,1.60228853474e-06,2.22269534333e-07,1.75300982619e-08,6.09885753011e-10,1.25233518e-10,6.75449030041e-10]},"erbbands_crest":{"dmean":2.22471094131,"dmean2":3.30877709389,"dvar":3.9843313694,"dvar2":9.48985290527,"max":30.0601539612,"mean":12.5919065475,"median":11.4616947174,"min":2.54109716415,"var":26.4317131042},"erbbands_flatness_db":{"dmean":0.0117843095213,"dmean2":0.0173952840269,"dvar":0.000105622413685,"dvar2":0.000256971950876,"max":0.431184381247,"mean":0.288825333118,"median":0.286850631237,"min":0.0302974022925,"var":0.00379055226222},"erbbands_kurtosis":{"dmean":1.22521066666,"dmean2":1.88720619678,"dvar":4.41647434235,"dvar2":10.9211015701,"max":77.3574829102,"mean":2.14648103714,"median":0.346803188324,"min":-1.7467675209,"var":47.1643257141},"erbbands_skewness":{"dmean":0.336345732212,"dmean2":0.496993601322,"dvar":0.0893011689186,"dvar2":0.199570447206,"max":7.47114133835,"mean":0.876962423325,"median":0.724854469299,"min":-1.62446665764,"var":0.979427099228},"erbbands_spread":{"dmean":2.97820067406,"dmean2":4.48000860214,"dvar":13.404964447,"dvar2":32.3317680359,"max":171.486251831,"mean":18.5887260437,"median":15.9357624054,"min":2.19945478439,"var":210.883377075},"gfcc":{"cov":[[28913.796875,4967.22070312,-6478.00732422,-709.288146973,-1033.1229248,-751.177062988,75.3422393799,373.027160645,310.689239502,79.4053039551,250.920196533,-42.1191711426,151.562347412],[4967.22070312,2316.70751953,-401.28616333,-533.606201172,-32.6561660767,-250.402542114,-24.5732822418,-402.132781982,-241.847106934,-249.097595215,-21.7368297577,-155.836334229,103.380981445],[-6478.00732422,-401.28616333,3099.21875,724.008972168,696.871826172,507.814239502,-10.3741979599,-222.425354004,-102.34954071,61.4897155762,115.288871765,22.2091522217,-41.1980209351],[-709.288146973,-533.606201172,724.008972168,823.280029297,354.449523926,344.314056396,106.348648071,211.446456909,160.792388916,226.106964111,151.35067749,101.936790466,-70.9142456055],[-1033.1229248,-32.6561660767,696.871826172,354.449523926,454.966094971,263.003387451,72.7454452515,3.87433767319,40.4053001404,83.6195526123,103.955718994,41.9050750732,25.2561683655],[-751.177062988,-250.402542114,507.814239502,344.314056396,263.003387451,336.039306641,125.920173645,82.5939407349,74.1535263062,119.763687134,132.858184814,82.5177383423,-6.14655923843],[75.3422393799,-24.5732822418,-10.3741979599,106.348648071,72.7454452515,125.920173645,196.026077271,77.3495635986,57.6022262573,50.3108787537,87.1762237549,50.7037010193,4.84987688065],[373.027160645,-402.132781982,-222.425354004,211.446456909,3.87433767319,82.5939407349,77.3495635986,290.889678955,204.408569336,155.25088501,78.3163299561,65.4778900146,-47.2950515747],[310.689239502,-241.847106934,-102.34954071,160.792388916,40.4053001404,74.1535263062,57.6022262573,204.408569336,245.692565918,164.355651855,102.01373291,61.8210029602,-18.6720619202],[79.4053039551,-249.097595215,61.4897155762,226.106964111,83.6195526123,119.763687134,50.3108787537,155.25088501,164.355651855,202.566452026,134.972808838,63.1374053955,-30.9023571014],[250.920196533,-21.7368297577,115.288871765,151.35067749,103.955718994,132.858184814,87.1762237549,78.3163299561,102.01373291,134.972808838,199.922912598,104.629966736,13.614276886],[-42.1191711426,-155.836334229,22.2091522217,101.936790466,41.9050750732,82.5177383423,50.7037010193,65.4778900146,61.8210029602,63.1374053955,104.629966736,126.935386658,45.6811408997],[151.562347412,103.380981445,-41.1980209351,-70.9142456055,25.2561683655,-6.14655923843,4.84987688065,-47.2950515747,-18.6720619202,-30.9023571014,13.614276886,45.6811408997,105.006950378]],"icov":[[0.000595305638853,-0.00164068536833,0.00130942359101,-0.00158035836648,0.0011572856456,-0.00133902416565,0.00148053152952,-0.000891370873433,-5.06285905431e-05,-6.47497290629e-05,-0.000566257687751,0.000369934714399,-0.000739640905522],[-0.00164068536833,0.00542705878615,-0.00338022597134,0.00427956460044,-0.00353296287358,0.00415199669078,-0.00427903607488,0.00348602700979,-0.000211629740079,0.0013874367578,-0.000476315210108,0.000924205349293,0.0014798885677],[0.00130942359101,-0.00338022597134,0.00367565918714,-0.00391570944339,0.00194134539925,-0.00355759309605,0.00373861636035,-0.000569886935409,-0.00045745796524,0.000458305439679,-0.00181653373875,0.0011374038877,-0.00107465824112],[-0.00158035836648,0.00427956460044,-0.00391570944339,0.00801930017769,-0.00483293132856,0.00270162615925,-0.00402564089745,0.000481796625536,0.00127326545771,-0.00244366796687,0.00358838983811,-0.00375280110165,0.00434520002455],[0.0011572856456,-0.00353296287358,0.00194134539925,-0.00483293132856,0.00867976807058,-0.00575138535351,0.0031592042651,-0.00137162301689,-0.00093260378344,0.000286038994091,-0.00231250119396,0.0040830518119,-0.00544035667554],[-0.00133902416565,0.00415199669078,-0.00355759309605,0.00270162615925,-0.00575138535351,0.013266726397,-0.0072015398182,0.00164690287784,0.00149762653746,-0.00138235115446,0.000239636181504,-0.00274228747003,0.002529356163],[0.00148053152952,-0.00427903607488,0.00373861636035,-0.00402564089745,0.0031592042651,-0.0072015398182,0.0126004675403,-0.00443778233603,-0.00043396698311,0.00352019653656,-0.00527343153954,0.00235310941935,-0.00231930334121],[-0.000891370873433,0.00348602700979,-0.000569886935409,0.000481796625536,-0.00137162301689,0.00164690287784,-0.00443778233603,0.0165875852108,-0.00818557012826,-0.00113732216414,0.00293805683032,-0.00352525082417,0.00542103219777],[-5.06285905431e-05,-0.000211629740079,-0.00045745796524,0.00127326545771,-0.00093260378344,0.00149762653746,-0.00043396698311,-0.00818557012826,0.0146083701402,-0.00807540211827,0.000480690650875,-0.000212476021261,-0.00214170105755],[-6.47497290629e-05,0.0013874367578,0.000458305439679,-0.00244366796687,0.000286038994091,-0.00138235115446,0.00352019653656,-0.00113732216414,-0.00807540211827,0.0239724237472,-0.0143156088889,0.00705653429031,0.000837586645503],[-0.000566257687751,-0.000476315210108,-0.00181653373875,0.00358838983811,-0.00231250119396,0.000239636181504,-0.00527343153954,0.00293805683032,0.000480690650875,-0.0143156088889,0.0241932217032,-0.0171047560871,0.00531093962491],[0.000369934714399,0.000924205349293,0.0011374038877,-0.00375280110165,0.0040830518119,-0.00274228747003,0.00235310941935,-0.00352525082417,-0.000212476021261,0.00705653429031,-0.0171047560871,0.0293048825115,-0.0148629611358],[-0.000739640905522,0.0014798885677,-0.00107465824112,0.00434520002455,-0.00544035667554,0.002529356163,-0.00231930334121,0.00542103219777,-0.00214170105755,0.000837586645503,0.00531093962491,-0.0148629611358,0.0212948173285]],"mean":[-159.80380249,181.648086548,-113.589057922,-5.78566789627,-38.9833145142,-16.0222053528,-24.3619995117,-10.468960762,-24.6736392975,-10.2139797211,-7.16106510162,-6.55426597595,0.664832770824]},"hfc":{"dmean":1.79350852966,"dmean2":2.52509617805,"dvar":6.24114131927,"dvar2":12.3259830475,"max":57.869228363,"mean":9.60450458527,"median":6.51285743713,"min":1.08053895351e-16,"var":82.876991272},"melbands":{"dmean":[0.000903238193132,0.000573556462768,0.00029481301317,0.000336836703354,0.000400183635065,0.000267942174105,0.000155913396156,0.00013802673493,7.98599503469e-05,4.69698570669e-05,2.53386551776e-05,6.10483984929e-05,4.22945449827e-05,2.07570737984e-05,1.39748190122e-05,1.34828069349e-05,5.94502807871e-06,8.27880376164e-06,5.07710728925e-06,4.31814396507e-06,2.56346288552e-06,2.66770962298e-06,2.63614560936e-06,7.66728362578e-07,9.03903469407e-07,5.54018072307e-07,2.61106947619e-07,1.88247483379e-07,8.11896754271e-08,5.70354359297e-08,2.02932550764e-08,1.37629321273e-08,5.73196512477e-09,3.934867987e-09,2.88735080289e-09,1.6782244483e-09,1.46011336355e-09,7.36185890027e-10,7.79572628673e-10,2.43877196215e-10],"dmean2":[0.00164679880254,0.000962949590757,0.000463108473923,0.000549877760932,0.000480491726194,0.000379638979211,0.000208384546568,0.000152638764121,8.26427421998e-05,6.15157550783e-05,3.47714485542e-05,8.30711287563e-05,5.74029036216e-05,2.92640688713e-05,2.07675147976e-05,2.0383959054e-05,9.58770851867e-06,1.34881838676e-05,8.37142306409e-06,6.84024780639e-06,4.15024305767e-06,4.42452801508e-06,4.60830551674e-06,1.28028352719e-06,1.55702866778e-06,9.42256122016e-07,4.39593662804e-07,3.20451732705e-07,1.401241434e-07,9.80993277722e-08,3.4593647058e-08,2.38607835712e-08,9.48913303489e-09,6.70122979329e-09,4.87402429528e-09,2.62932808859e-09,2.31665553407e-09,1.15525455868e-09,1.30952348965e-09,4.11678663381e-10],"dvar":[3.24009511132e-06,1.36714254495e-06,1.75049763129e-07,7.76582282924e-07,7.83130246873e-07,3.45937053225e-07,3.1783332588e-07,2.875742382e-07,3.16042125803e-08,1.55754804609e-08,1.99737071327e-09,1.11419353743e-08,1.05479145418e-08,2.60996402268e-09,9.82465220289e-10,1.33104272049e-09,3.65743269004e-10,2.89516688401e-10,1.20970414241e-10,1.30236016416e-10,3.81210618627e-11,7.46628314729e-11,3.68676547624e-11,4.31305295298e-12,5.74917110446e-12,1.82000139785e-12,3.06893995893e-13,1.68496659225e-13,4.6481766461e-14,1.92039834962e-14,1.88590488102e-15,1.79757967341e-15,1.82011974953e-16,1.19216155087e-16,5.57839223101e-17,1.75483852324e-17,2.07201083752e-17,3.9440248712e-18,5.04392734531e-18,2.21728865122e-19],"dvar2":[1.06007710201e-05,3.78927688871e-06,4.67437160978e-07,2.19049502448e-06,8.31289014513e-07,8.81579978795e-07,6.74560851621e-07,3.28764144797e-07,3.02300762201e-08,2.74764140329e-08,3.6699387973e-09,2.06747667875e-08,1.98642400306e-08,5.57553914149e-09,2.12950279632e-09,3.28547145045e-09,7.85721931962e-10,6.77581601938e-10,3.00583780088e-10,3.24669874319e-10,8.95045842997e-11,1.9660563455e-10,1.21331333869e-10,1.14111012306e-11,1.64431801508e-11,5.09020083028e-12,8.63227241424e-13,4.56614997549e-13,1.29112337683e-13,5.5930249581e-14,5.41986482685e-15,5.64132624959e-15,5.13933534977e-16,3.43999985154e-16,1.56355174927e-16,4.30429718315e-17,4.70423371536e-17,9.95320044024e-18,1.4358889287e-17,6.04305585295e-19],"max":[0.0142987174913,0.0151485092938,0.00842801760882,0.0247287154198,0.0420720539987,0.0149001954123,0.021057523787,0.0192877054214,0.00626534270123,0.00438935030252,0.00102164642885,0.00222752429545,0.00393480714411,0.00165687408298,0.000604143366218,0.00090218114201,0.000662551145069,0.000383347010938,0.000188979698578,0.000319896906149,0.00012693851022,0.000256852305029,0.000120931668789,4.33552959294e-05,3.93225709558e-05,3.45018524968e-05,1.19499500215e-05,7.0079499892e-06,5.88553302805e-06,2.48368837674e-06,9.82887627288e-07,1.57159945502e-06,2.78346419691e-07,2.5983587193e-07,2.22588113274e-07,1.33975717631e-07,1.91642030245e-07,6.15812183469e-08,7.1501524701e-08,1.12295666099e-08],"mean":[0.00144078943413,0.00126776250545,0.000757388654165,0.000834434875287,0.00134397682268,0.000784236239269,0.000440085714217,0.000496489636134,0.000309931812808,0.000109203669126,5.87920403632e-05,0.000128521918668,0.00010980515799,5.22983282281e-05,2.44750699494e-05,2.27648233704e-05,9.85271435638e-06,1.32607428895e-05,8.40862958285e-06,7.86704640632e-06,4.45072737421e-06,4.34190224041e-06,4.0407699089e-06,1.4745696717e-06,1.44663579249e-06,9.35593902796e-07,5.43125167951e-07,3.79110957738e-07,1.78194838441e-07,1.08862948878e-07,4.22765253916e-08,3.13541974606e-08,1.57787027888e-08,9.37145561153e-09,7.25621740472e-09,4.37007630083e-09,4.14417211658e-09,2.27773422345e-09,2.18087903292e-09,9.70914237897e-10],"median":[2.3164506274e-05,6.94069603924e-05,0.000460272538476,0.000289119401714,0.000423547055107,0.000246776180575,8.08848708402e-05,5.32233098056e-05,8.48886847962e-05,4.04511956731e-05,3.13194286718e-05,6.39262289042e-05,2.38777865889e-05,1.36346498039e-05,8.27467010822e-06,5.35406888957e-06,1.98167731469e-06,4.03143349104e-06,1.87684793218e-06,6.27739211723e-07,7.94600737208e-07,9.58289092523e-07,9.19691899526e-07,1.06375736664e-07,9.45411784414e-08,1.6613435605e-07,1.1548263501e-07,9.18714277987e-08,4.46423200628e-08,1.97571612404e-08,1.13960485493e-08,7.03944769143e-09,3.21586557384e-09,1.72203340476e-09,1.23801680019e-09,8.82348027975e-10,8.54857629129e-10,6.14598039128e-10,5.54535306563e-10,4.21153001362e-10],"min":[1.31401054021e-24,7.01691479371e-25,2.15522715763e-24,2.74614708451e-24,3.0210497272e-24,2.35327463219e-24,2.67347149868e-24,1.87810308264e-24,2.68680541735e-24,3.14804765547e-24,3.66389247886e-24,4.04233745409e-24,2.94595786041e-24,2.2892295791e-24,4.68473016061e-24,4.57577742554e-24,2.81317758171e-24,3.50370401686e-24,2.29878130415e-24,5.30880315032e-24,3.57594553198e-24,5.27659080412e-24,5.27037260803e-24,3.80081230517e-24,6.2601212815e-24,4.31513462701e-24,4.61309922383e-24,5.39027591575e-24,5.66892683103e-24,4.4892815883e-24,5.51492816612e-24,5.20197797312e-24,6.2411941418e-24,6.4680492389e-24,6.1972794385e-24,6.19689092451e-24,6.84181350795e-24,8.06517111116e-24,5.9526797042e-24,6.22963890727e-24],"var":[6.89385387886e-06,5.21628817296e-06,9.20094919366e-07,2.21463142225e-06,8.97754944162e-06,2.32950696955e-06,1.77683330094e-06,2.55380814451e-06,4.21489289693e-07,5.89895563508e-08,7.82372122643e-09,4.15457606096e-08,7.82037119507e-08,1.61171112012e-08,2.21561435865e-09,2.81072298769e-09,7.98548449588e-10,5.66186098006e-10,2.58231602768e-10,4.47004100401e-10,8.81112890982e-11,1.30537594623e-10,6.35315827724e-11,1.08273806587e-11,1.06248109269e-11,3.67315032557e-12,1.01291154284e-12,4.47939862286e-13,1.26091140567e-13,4.89486381115e-14,5.24281291802e-15,4.35116505137e-15,9.28753415456e-16,3.52966173008e-16,2.25366509325e-16,7.19801253213e-17,1.07479487899e-16,1.98105157582e-17,2.1079498499e-17,2.22503933356e-18]},"melbands_crest":{"dmean":2.8610098362,"dmean2":4.57994318008,"dvar":7.19758939743,"dvar2":20.5688095093,"max":33.1625099182,"mean":17.1478404999,"median":16.4757709503,"min":1.61439085007,"var":33.8779411316},"melbands_flatness_db":{"dmean":0.0202710330486,"dmean2":0.033698644489,"dvar":0.000360818143236,"dvar2":0.00111856032163,"max":0.798689186573,"mean":0.386852443218,"median":0.383915930986,"min":0.00343411951326,"var":0.0134838679805},"melbands_kurtosis":{"dmean":4.99970054626,"dmean2":8.08402824402,"dvar":160.90335083,"dvar2":507.145996094,"max":409.43951416,"mean":12.8495855331,"median":5.8095536232,"min":-1.50217020512,"var":704.49786377},"melbands_skewness":{"dmean":0.515956640244,"dmean2":0.805098354816,"dvar":0.289917349815,"dvar2":0.79226154089,"max":16.2629680634,"mean":2.23726296425,"median":1.95714962482,"min":-0.675565838814,"var":2.35733270645},"melbands_spread":{"dmean":2.00052690506,"dmean2":3.13570261002,"dvar":14.1613759995,"dvar2":34.0470314026,"max":202.319961548,"mean":10.1298360825,"median":7.11670684814,"min":0.384652882814,"var":289.533721924},"mfcc":{"cov":[[10967.421875,2930.19335938,-2911.78662109,-23.0915374756,-889.972961426,-671.546142578,-319.186706543,110.152420044,139.525695801,200.144393921,148.746871948,353.569335938,361.882293701],[2930.19335938,2655.83837891,-46.2243690491,-256.680206299,-79.8229217529,-126.832267761,3.72630620003,-213.602737427,-156.271484375,-198.204452515,-324.40612793,-156.121322632,-39.9774932861],[-2911.78662109,-46.2243690491,1615.56811523,312.632293701,547.203857422,479.227539062,255.599014282,-44.4159584045,-106.827339172,-84.1435470581,-32.1091957092,-13.4408483505,-60.5946159363],[-23.0915374756,-256.680206299,312.632293701,643.142944336,336.456481934,274.852111816,130.647476196,102.425231934,92.8820037842,124.549560547,200.984329224,184.911300659,82.0698699951],[-889.972961426,-79.8229217529,547.203857422,336.456481934,475.317718506,340.114562988,138.746002197,27.7708797455,27.9549331665,71.013381958,60.9415206909,68.321144104,47.9855918884],[-671.546142578,-126.832267761,479.227539062,274.852111816,340.114562988,409.980804443,220.700088501,73.3454666138,31.1625442505,35.5008926392,58.1811752319,104.501708984,67.1065673828],[-319.186706543,3.72630620003,255.599014282,130.647476196,138.746002197,220.700088501,204.76159668,66.8651046753,-0.798233509064,-2.87473297119,6.43223047256,55.7814750671,39.8152160645],[110.152420044,-213.602737427,-44.4159584045,102.425231934,27.7708797455,73.3454666138,66.8651046753,146.047134399,72.0550308228,40.5199317932,66.8339767456,78.4394760132,62.2849998474],[139.525695801,-156.271484375,-106.827339172,92.8820037842,27.9549331665,31.1625442505,-0.798233509064,72.0550308228,117.539070129,70.5157394409,53.5637817383,45.4054222107,33.3197784424],[200.144393921,-198.204452515,-84.1435470581,124.549560547,71.013381958,35.5008926392,-2.87473297119,40.5199317932,70.5157394409,164.366699219,132.036346436,69.8952636719,43.8534660339],[148.746871948,-324.40612793,-32.1091957092,200.984329224,60.9415206909,58.1811752319,6.43223047256,66.8339767456,53.5637817383,132.036346436,219.030059814,142.309204102,50.7558250427],[353.569335938,-156.121322632,-13.4408483505,184.911300659,68.321144104,104.501708984,55.7814750671,78.4394760132,45.4054222107,69.8952636719,142.309204102,215.77166748,133.887969971],[361.882293701,-39.9774932861,-60.5946159363,82.0698699951,47.9855918884,67.1065673828,39.8152160645,62.2849998474,33.3197784424,43.8534660339,50.7558250427,133.887969971,183.283111572]],"icov":[[0.00194691051729,-0.00274377106689,0.00317685562186,-0.00270843831822,0.00347748654895,-0.00354399625212,0.00397233432159,-0.00349981547333,0.00368924019858,-0.0031664907001,0.00083469535457,-0.00200818502344,-0.00014313434076],[-0.00274377106689,0.00439421925694,-0.00436263903975,0.00373650388792,-0.00510351872072,0.00535891344771,-0.00611334387213,0.0056297914125,-0.00505615025759,0.0044899941422,-0.000381290854421,0.00251694908366,0.00016120642249],[0.00317685562186,-0.00436263903975,0.00673350691795,-0.00447953725234,0.0042392113246,-0.00638082390651,0.00588793773204,-0.00520001910627,0.00699287559837,-0.00392126571387,0.000946665764786,-0.00302026141435,0.000333417614456],[-0.00270843831822,0.00373650388792,-0.00447953725234,0.00789321307093,-0.00762043287978,0.00610364088789,-0.00726444972679,0.00526322983205,-0.00764139136299,0.00604050047696,-0.0044614430517,0.001736173057,0.000608224305324],[0.00347748654895,-0.00510351872072,0.0042392113246,-0.00762043287978,0.0160669479519,-0.0139033105224,0.0119384108111,-0.00658340472728,0.00842070020735,-0.0106394831091,0.00471704592928,-0.00230871886015,-0.00124262727331],[-0.00354399625212,0.00535891344771,-0.00638082390651,0.00610364088789,-0.0139033105224,0.0221747811884,-0.0191467180848,0.00879396311939,-0.0116744646803,0.00929763074964,-0.0042596468702,0.00191745883785,-0.000307747279294],[0.00397233432159,-0.00611334387213,0.00588793773204,-0.00726444972679,0.0119384108111,-0.0191467180848,0.0271099321544,-0.0155948931351,0.0152031080797,-0.0112720998004,0.00810774508864,-0.0058968490921,0.00131355994381],[-0.00349981547333,0.0056297914125,-0.00520001910627,0.00526322983205,-0.00658340472728,0.00879396311939,-0.0155948931351,0.0237715039402,-0.0170224122703,0.0109745385125,-0.00706029403955,0.00491503858939,-0.00329097290523],[0.00368924019858,-0.00505615025759,0.00699287559837,-0.00764139136299,0.00842070020735,-0.0116744646803,0.0152031080797,-0.0170224122703,0.0281481444836,-0.0155605142936,0.00938265770674,-0.00593634694815,0.00224251975305],[-0.0031664907001,0.0044899941422,-0.00392126571387,0.00604050047696,-0.0106394831091,0.00929763074964,-0.0112720998004,0.0109745385125,-0.0155605142936,0.0255534648895,-0.016497945413,0.0092600826174,-0.00415027420968],[0.00083469535457,-0.000381290854421,0.000946665764786,-0.0044614430517,0.00471704592928,-0.0042596468702,0.00810774508864,-0.00706029403955,0.00938265770674,-0.016497945413,0.024439105764,-0.0139346793294,0.00719526316971],[-0.00200818502344,0.00251694908366,-0.00302026141435,0.001736173057,-0.00230871886015,0.00191745883785,-0.0058968490921,0.00491503858939,-0.00593634694815,0.0092600826174,-0.0139346793294,0.0218835696578,-0.0110122440383],[-0.00014313434076,0.00016120642249,0.000333417614456,0.000608224305324,-0.00124262727331,-0.000307747279294,0.00131355994381,-0.00329097290523,0.00224251975305,-0.00415027420968,0.00719526316971,-0.0110122440383,0.0135199399665]],"mean":[-789.946533203,210.556091309,-11.9699192047,15.3194522858,-2.85695934296,-4.68953418732,2.45341420174,-5.03301143646,-5.99467802048,-6.40647172928,-10.961107254,-4.56297969818,-3.51667070389]},"pitch_salience":{"dmean":0.0597994141281,"dmean2":0.0956351608038,"dvar":0.00287536461838,"dvar2":0.0081799775362,"max":0.864750266075,"mean":0.489823281765,"median":0.485844761133,"min":0.147749274969,"var":0.013707973063},"silence_rate_20dB":{"dmean":0,"dmean2":0,"dvar":0,"dvar2":0,"max":1,"mean":1,"median":1,"min":1,"var":0},"silence_rate_30dB":{"dmean":0.00443828012794,"dmean2":0.00887902360409,"dvar":0.00441861152649,"dvar2":0.00991006288677,"max":1,"mean":0.994176387787,"median":1,"min":0,"var":0.00579002872109},"silence_rate_60dB":{"dmean":0.00665742019191,"dmean2":0.0133185349405,"dvar":0.00661276560277,"dvar2":0.0159146264195,"max":1,"mean":0.0831946730614,"median":0,"min":0,"var":0.076271943748},"spectral_centroid":{"dmean":66.9386520386,"dmean2":103.317604065,"dvar":34169.3945312,"dvar2":52011.671875,"max":11849.6962891,"mean":670.009643555,"median":447.033050537,"min":112.351997375,"var":1481990.375},"spectral_complexity":{"dmean":1.28099858761,"dmean2":2.1925637722,"dvar":1.42591953278,"dvar2":3.71707510948,"max":27,"mean":10.0834722519,"median":10,"min":0,"var":22.1259841919},"spectral_contrast_coeffs":{"dmean":[0.0410753116012,0.0338001251221,0.0302216652781,0.0267119240016,0.0180027075112,0.0129762087017],"dmean2":[0.0680423974991,0.053027048707,0.0470016561449,0.0435769669712,0.0304122660309,0.0220432281494],"dvar":[0.00106000620872,0.000799103698228,0.000576845719479,0.000449712504633,0.000221121590585,0.000125582344481],"dvar2":[0.00291731278412,0.00194633798674,0.00143209646922,0.0011933298083,0.000613894255366,0.000366000080248],"max":[-0.213408440351,-0.281394153833,-0.464596003294,-0.528063476086,-0.612892687321,-0.687218785286],"mean":[-0.555952012539,-0.623050928116,-0.702599227428,-0.719411015511,-0.777370870113,-0.793117940426],"median":[-0.555085897446,-0.632466375828,-0.694702029228,-0.709433734417,-0.775869250298,-0.780460715294],"min":[-0.983218431473,-0.977684259415,-0.971254944801,-0.96850669384,-0.965426921844,-0.963767230511],"var":[0.0285041183233,0.0129536828026,0.00824702717364,0.00539329275489,0.00434485590085,0.00299855787307]},"spectral_contrast_valleys":{"dmean":[0.361514419317,0.271099358797,0.240792483091,0.194991335273,0.139343455434,0.132487908006],"dmean2":[0.60582780838,0.442701101303,0.39632999897,0.328482687473,0.23306453228,0.218052387238],"dvar":[0.112165480852,0.0911185219884,0.0858788266778,0.0728383585811,0.068545602262,0.0666470602155],"dvar2":[0.257163494825,0.166157081723,0.148993730545,0.119039006531,0.0939173698425,0.109205409884],"max":[-5.44247436523,-4.58845663071,-5.93304109573,-7.2845993042,-7.52683877945,-11.2221508026],"mean":[-8.60596561432,-7.92416381836,-8.60403728485,-9.77837085724,-10.0349349976,-13.2053813934],"median":[-8.7566947937,-7.39294433594,-8.02894115448,-9.27815151215,-9.65413284302,-12.9819278717],"min":[-28.2328834534,-27.6563663483,-27.7108974457,-27.5587711334,-27.5141448975,-27.4042129517],"var":[7.0531463623,7.11173295975,7.22665309906,5.88153600693,5.4078168869,3.1226568222]},"spectral_decrease":{"dmean":1.68290981151e-09,"dmean2":2.64593391641e-09,"dvar":4.62382630043e-18,"dvar2":1.24074171935e-17,"max":4.84558379427e-16,"mean":-6.83857992456e-09,"median":-4.99989738501e-09,"min":-4.47788615077e-08,"var":3.63158063859e-17},"spectral_energy":{"dmean":0.00648309430107,"dmean2":0.0101666981354,"dvar":6.84021870256e-05,"dvar2":0.000182051036973,"max":0.173814460635,"mean":0.0266814827919,"median":0.0195772983134,"min":1.00901607538e-20,"var":0.000549006450456},"spectral_energyband_high":{"dmean":3.38201971317e-06,"dmean2":5.77051969231e-06,"dvar":6.66388819126e-11,"dvar2":1.87771645455e-10,"max":0.000231214580708,"mean":1.07353007479e-05,"median":3.09318102154e-06,"min":7.15794361504e-21,"var":3.34046429407e-10},"spectral_energyband_low":{"dmean":0.00358903035522,"dmean2":0.00636297650635,"dvar":4.29992178397e-05,"dvar2":0.000134052796056,"max":0.0757146477699,"mean":0.0084323361516,"median":0.00110040057916,"min":1.21073543429e-23,"var":0.000167522623087},"spectral_energyband_middle_high":{"dmean":0.00069974217331,"dmean2":0.000992965535261,"dvar":1.2325251646e-06,"dvar2":2.51889832725e-06,"max":0.0350780785084,"mean":0.00253068958409,"median":0.00143659347668,"min":1.19189102717e-21,"var":1.13176301966e-05},"spectral_energyband_middle_low":{"dmean":0.00409062998369,"dmean2":0.00565353967249,"dvar":3.65930936823e-05,"dvar2":7.55203436711e-05,"max":0.170867264271,"mean":0.0166513491422,"median":0.0118739977479,"min":2.03291373785e-22,"var":0.000289373274427},"spectral_entropy":{"dmean":0.113511838019,"dmean2":0.173558503389,"dvar":0.0109430840239,"dvar2":0.0268535166979,"max":9.82138824463,"mean":6.09717226028,"median":6.05187034607,"min":4.21656703949,"var":0.581505000591},"spectral_flux":{"dmean":0.0131994020194,"dmean2":0.0216336771846,"dvar":0.000206277749385,"dvar2":0.000556580838747,"max":0.189119040966,"mean":0.0515070147812,"median":0.04491096735,"min":6.49123949037e-11,"var":0.00107235345058},"spectral_kurtosis":{"dmean":12.7803487778,"dmean2":22.3303947449,"dvar":221.333099365,"dvar2":679.049255371,"max":202.673278809,"mean":36.1057662964,"median":23.3834037781,"min":-1.25051605701,"var":1112.17883301},"spectral_rms":{"dmean":0.000576996942982,"dmean2":0.00091014651116,"dvar":3.6035572748e-07,"dvar2":1.04649177501e-06,"max":0.0130220996216,"mean":0.00457706535235,"median":0.00437033176422,"min":3.13752452838e-12,"var":5.08110133524e-06},"spectral_rolloff":{"dmean":125.901290894,"dmean2":217.741348267,"dvar":177341.265625,"dvar2":384536.53125,"max":21317.8710938,"mean":990.880615234,"median":538.330078125,"min":86.1328125,"var":7783143.5},"spectral_skewness":{"dmean":0.776982545853,"dmean2":1.35565936565,"dvar":0.575094819069,"dvar2":1.7733566761,"max":12.3776578903,"mean":3.9592294693,"median":3.39258956909,"min":-0.0951903536916,"var":4.38672113419},"spectral_spread":{"dmean":257213.90625,"dmean2":436966.75,"dvar":530773803008,"dvar2":973482819584,"max":42424420,"mean":2514729.5,"median":1805451.625,"min":455320.59375,"var":21642268901400.0},"spectral_strongpeak":{"dmean":0.324928700924,"dmean2":0.519487917423,"dvar":0.249113515019,"dvar2":0.648326933384,"max":7.08030033112,"mean":1.00717508793,"median":0.615970373154,"min":0,"var":1.15810215473},"zerocrossingrate":{"dmean":0.00316170579754,"dmean2":0.00417911307886,"dvar":6.4977328293e-05,"dvar2":7.06907958374e-05,"max":0.75341796875,"mean":0.0337601937354,"median":0.0205078125,"min":0.0029296875,"var":0.00576263573021}},"metadata":{"audio_properties":{"analysis_sample_rate":44100,"bit_rate":238213,"codec":"mp3","downmix":"mix","equal_loudness":0,"length":83.6963272095,"lossless":false,"md5_encoded":"876e56e406c63cc77f7dae8789b86d87","replay_gain":-6.29279708862,"sample_rate":44100},"tags":{"acoustid_id":["c9322324-47bf-46c9-839f-1d33694f97c6"],"album":["Journey"],"albumartist":["Austin Wintory"],"albumartistsort":["Wintory, Austin"],"artist":["Austin Wintory"],"artistsort":["Wintory, Austin"],"artistwebpage":["http://austinwintory.com/"],"date":["2012"],"discnumber":["1/1"],"file_name":"11 Fifth Confluence.mp3","media":["Digital Media"],"musicbrainz album release country":["XW"],"musicbrainz album status":["official"],"musicbrainz album type":["album/soundtrack"],"musicbrainz_albumartistid":["78f15956-c5e1-46d6-a46b-fa6f46681ec8"],"musicbrainz_albumid":["1f3abcda-15a7-4465-92c6-9926cdc4f247"],"musicbrainz_artistid":["78f15956-c5e1-46d6-a46b-fa6f46681ec8"],"musicbrainz_recordingid":["752916bf-0114-49e9-90c0-18a3f3abac7b"],"musicbrainz_releasegroupid":["d1850227-c7c7-42c8-b469-6e99023412de"],"originaldate":["2012"],"script":["Latn"],"title":["Fifth Confluence"],"tracknumber":["11/18"]},"version":{"essentia":"2.1-beta2","essentia_build_sha":"26c37b627ab5a2028d412893e0969599b764ad4d","essentia_git_sha":"v2.1_beta2","extractor":"music 1.0"}},"rhythm":{"beats_count":159,"beats_loudness":{"dmean":0.0147812245414,"dmean2":0.024617081508,"dvar":0.000337774021318,"dvar2":0.00085388997104,"max":0.17801220715,"mean":0.0292407907546,"median":0.0187203008682,"min":0,"var":0.000757882837206},"beats_loudness_band_ratio":{"dmean":[0.133013948798,0.157494515181,0.100226446986,0.0593295656145,0.0099823186174,0.012459163554],"dmean2":[0.214350804687,0.254387140274,0.158646628261,0.0999801233411,0.0167638137937,0.0154258934781],"dvar":[0.01637580432,0.02015866898,0.0123433275148,0.00931956525892,0.000299154024106,0.00801207404584],"dvar2":[0.04090003