{"lowlevel":{"average_loudness":0.269175499678,"barkbands":{"dmean":[0.000123184276163,0.0012907407945,0.000321851257468,0.000319965707604,0.000866491056513,0.00119220570195,0.000730245024897,0.000342555256793,0.000320902909152,0.00042046100134,0.000101261801319,0.000140988180647,0.000268612493528,0.000107398169348,0.00028276751982,6.11787909293e-05,9.05929991859e-05,4.47336969955e-05,5.51603297936e-05,2.34447579714e-05,1.17050431072e-05,6.97521863913e-06,2.06989375329e-06,1.59516162057e-06,6.7036847895e-07,2.82177239797e-07,9.65968851574e-08],"dmean2":[0.000162156036822,0.00226902682334,0.000543013622519,0.00050461263163,0.00128620851319,0.0017753551947,0.000911931856535,0.000475953449495,0.000448253034847,0.000676862022374,0.000155679430463,0.000233395345276,0.000435067486251,0.000176386500243,0.000467482663225,0.000102610181784,0.000154115841724,7.49077953515e-05,9.47932057898e-05,3.9641319745e-05,1.98718626052e-05,1.1877590623e-05,3.44598743141e-06,2.61421405412e-06,1.09638574486e-06,4.4969829105e-07,1.60748456324e-07],"dvar":[3.78544982027e-08,3.34406672664e-06,3.19872413002e-07,6.03446721925e-07,3.57676026397e-06,9.3058361017e-06,3.61185993825e-06,8.1575205968e-07,1.05298613562e-06,1.00215004295e-06,9.03796433249e-08,2.48647012313e-07,6.27136159892e-07,2.20017867036e-07,8.63495358772e-07,2.19185256611e-08,4.57191653425e-08,1.71588911968e-08,1.70149530021e-08,3.97628063808e-09,8.06529176778e-10,3.23758381215e-10,3.15953062324e-11,1.82052272563e-11,2.63297001389e-12,5.50951862258e-13,7.11100964354e-14],"dvar2":[7.49883710682e-08,9.97177994577e-06,8.75163777891e-07,1.47274602114e-06,7.74064483267e-06,2.26649171964e-05,5.53635254619e-06,1.41038799484e-06,1.97050530915e-06,2.61278455582e-06,2.14716962432e-07,6.68197458253e-07,1.60260492521e-06,6.2067692852e-07,2.2467609142e-06,5.84158641459e-08,1.27862307409e-07,4.54044233322e-08,4.85030646757e-08,1.13880833652e-08,2.32619612461e-09,8.97311280834e-10,8.61878277081e-11,4.81161221977e-11,7.000324799e-12,1.40421138259e-12,2.04138301315e-13],"max":[0.00531403440982,0.0270247478038,0.0122170634568,0.024658575654,0.0935558974743,0.0878641977906,0.0677928626537,0.0316760241985,0.0353414490819,0.0193095449358,0.00814755260944,0.0109531367198,0.0183480270207,0.0109326597303,0.021711807698,0.00357638671994,0.00361996050924,0.00395391602069,0.0020190384239,0.00154441711493,0.000478269648738,0.000381222140277,0.000176323999767,0.000108948246634,3.86646679544e-05,2.38410557358e-05,6.47821343591e-06],"mean":[0.000573838071432,0.0027563222684,0.000516162486747,0.000682446989231,0.00286965747364,0.00357985775918,0.00205329945311,0.000893952383194,0.000719023577403,0.000774679239839,0.00017922076222,0.000227070704568,0.000464880693471,0.000216332176933,0.000474863423733,0.000109580134449,0.000152976557729,8.27508411021e-05,0.000104212354927,4.88219338877e-05,2.61744971795e-05,1.55250509124e-05,5.98608403379e-06,5.07274125994e-06,2.29677903008e-06,1.19314677249e-06,3.22197138303e-07],"median":[9.13956318982e-05,0.00154122628737,0.000213914783671,7.3548333603e-05,0.000559266074561,0.000691463123076,0.000407247192925,0.000109464745037,0.000138064526254,0.000113402988063,3.70793495676e-05,2.84158722934e-05,3.37785968441e-05,1.65999535966e-05,9.45831743593e-06,1.17899253382e-05,2.06239183171e-05,7.73913689045e-06,8.58914245327e-06,6.00812791163e-06,2.56072144111e-06,1.22680796721e-06,4.412369492e-07,2.71231840543e-07,1.61052057024e-07,8.28037016731e-08,4.79387107788e-09],"min":[6.33642612054e-25,3.49834922904e-24,3.64164975678e-24,1.01515019183e-24,2.37374281167e-24,1.95761923637e-23,3.67026923599e-24,1.31096810091e-23,1.54791028352e-23,2.59184604923e-23,1.59837876433e-23,3.1111216287e-23,1.80365283587e-23,3.75211276604e-23,4.1938616201e-23,4.39326609319e-23,6.80323489647e-23,1.29303390043e-22,1.06908865878e-22,1.8892514385e-22,2.45392362804e-22,2.99871828982e-22,4.30267709337e-22,5.38138341809e-22,9.7521706358e-22,1.44528950775e-21,1.91979290158e-21],"var":[6.75260650951e-07,1.06142515506e-05,7.3350332741e-07,3.62986793334e-06,4.8902893468e-05,5.01926260768e-05,2.11092556128e-05,6.18478952674e-06,3.61544084626e-06,2.57482020061e-06,2.18964387955e-07,4.93267691581e-07,1.43378747453e-06,5.10970892265e-07,2.02768524105e-06,5.32168193956e-08,9.29244592385e-08,3.76556386072e-08,3.8517374179e-08,1.01530011065e-08,2.73689271246e-09,9.62932178439e-10,1.51861051512e-10,1.03690486752e-10,1.78911538362e-11,5.49973044536e-12,4.06446686203e-13]},"barkbands_crest":{"dmean":2.37009716034,"dmean2":3.97430253029,"dvar":4.19204187393,"dvar2":12.0393218994,"max":26.0354557037,"mean":12.1200323105,"median":11.2766809464,"min":3.00158643723,"var":22.3559875488},"barkbands_flatness_db":{"dmean":0.0179669950157,"dmean2":0.0297301318496,"dvar":0.000290129188215,"dvar2":0.000849541393109,"max":0.751186966896,"mean":0.274738758802,"median":0.250317156315,"min":0.0596362091601,"var":0.0179238393903},"barkbands_kurtosis":{"dmean":6.34181165695,"dmean2":10.6938686371,"dvar":544.83795166,"dvar2":1477.24707031,"max":673.437805176,"mean":12.8083581924,"median":1.27271270752,"min":-1.92477834225,"var":1996.17993164},"barkbands_skewness":{"dmean":0.545351803303,"dmean2":0.883181869984,"dvar":0.544992029667,"dvar2":1.52173697948,"max":20.1228847504,"mean":1.51795315742,"median":0.93761664629,"min":-5.16466856003,"var":5.63806915283},"barkbands_spread":{"dmean":2.36231017113,"dmean2":3.8677675724,"dvar":18.689825058,"dvar2":53.7058410645,"max":144.584686279,"mean":10.9965848923,"median":8.91272830963,"min":0.112833574414,"var":88.2019958496},"dissonance":{"dmean":0.0341878943145,"dmean2":0.0577887967229,"dvar":0.00117892771959,"dvar2":0.00319315120578,"max":0.499998658895,"mean":0.416740238667,"median":0.43474060297,"min":0.146247163415,"var":0.00418861815706},"dynamic_complexity":7.2127661705,"erbbands":{"dmean":[0.056472081691,0.236193627119,0.392328649759,0.663580060005,1.46728003025,3.22478652,6.96219539642,11.4865579605,12.7043981552,6.19701337814,6.67981863022,9.10507106781,9.84679698944,10.8018312454,5.19544219971,7.21632575989,11.9873600006,7.61581802368,16.1664447784,5.13219738007,3.30265951157,3.25873160362,2.7256398201,2.28307294846,2.60817503929,1.34860694408,0.630719125271,0.305936664343,0.19983021915,0.11181896925,0.065455108881,0.0465265661478,0.0198149997741,0.00861985050142,0.00403411826119,0.00174697232433,0.000603554479312,0.000129069187096,1.654425796e-05,3.94412791138e-06],"dmean2":[0.0985484644771,0.409127742052,0.674598753452,1.061424613,2.16763448715,4.78040075302,9.73508548737,17.570350647,15.8956737518,8.62895870209,9.16164302826,12.5508813858,15.8132371902,17.1094760895,8.01197147369,11.9597883224,19.5576343536,12.2837667465,26.4852390289,8.72202587128,5.58930826187,5.51289987564,4.62514162064,3.86615800858,4.49449825287,2.27892589569,1.0765324831,0.522865891457,0.33818089962,0.188199847937,0.110397681594,0.0764657184482,0.0330892950296,0.0141488788649,0.00660964660347,0.00285964459181,0.000969173561316,0.000215725667658,2.67328468908e-05,6.02643603997e-06],"dvar":[0.00674779992551,0.119180642068,0.43587026,2.34969854355,10.3382959366,57.6282348633,277.406066895,979.661560059,1032.10998535,164.672592163,433.106262207,881.571166992,727.993774414,886.096374512,264.966064453,625.905456543,1267.74145508,615.885070801,3258.37084961,202.842285156,60.301815033,59.5020141602,59.1406822205,35.7563476562,56.1997375488,13.1632452011,2.44798636436,0.588346362114,0.297618478537,0.0921834930778,0.0317116938531,0.0176630113274,0.00333466846496,0.000465477380203,8.75344485394e-05,2.50506145676e-05,2.57688907368e-06,1.31452935648e-07,1.65245350736e-09,2.62311145027e-11],"dvar2":[0.0205869413912,0.345203667879,1.25224530697,5.96440982819,19.8600463867,134.8540802,534.871398926,2495.125,1539.53637695,309.413543701,716.028808594,1656.94873047,2008.99694824,2256.24536133,661.609985352,1683.95422363,3299.48681641,1684.96606445,8363.50976562,598.80078125,167.357971191,161.183944702,155.695648193,102.155517578,161.096588135,37.4714927673,7.0872335434,1.6724729538,0.843050956726,0.258934944868,0.0887667760253,0.0456991717219,0.00894543156028,0.00126360263675,0.000238392211031,6.67610656819e-05,6.51459367873e-06,3.82579372626e-07,4.37370228923e-09,5.96356852789e-11],"max":[1.12810528278,5.50051116943,13.4856014252,39.4571838379,196.776473999,390.707824707,539.071472168,804.077575684,1085.32568359,284.325775146,883.793884277,1043.16369629,724.174682617,554.527282715,410.488006592,566.586547852,1013.81274414,540.825256348,1400.31091309,369.872436523,149.284469604,138.700927734,200.204986572,121.418357849,122.566558838,86.2550125122,27.558467865,16.093919754,11.370593071,6.30880117416,3.9113407135,3.95116019249,1.62534022331,0.517926454544,0.186496436596,0.154120132327,0.0461182631552,0.00962248351425,0.00109738402534,0.000136302187457],"mean":[0.131113514304,0.405874311924,0.657295167446,1.44764494896,4.29377794266,9.92141914368,22.3114128113,31.0508232117,37.2841033936,17.5913848877,18.444524765,20.5343894958,19.724029541,19.2263774872,9.56649780273,12.3551273346,20.9071407318,16.0117321014,28.0182056427,9.65709781647,6.50380373001,6.21765041351,5.30133581161,4.87970066071,4.98005819321,2.95000362396,1.4624825716,0.765870094299,0.498969018459,0.293004065752,0.184247523546,0.12606137991,0.0633146315813,0.0299595650285,0.0132843442261,0.00588680710644,0.00233706273139,0.000473146297736,6.67082786094e-05,2.13629828067e-05],"median":[0.0537428669631,0.220820054412,0.333389937878,0.305838346481,0.948957324028,1.87693214417,3.4750995636,6.76305484772,8.12889671326,6.05039787292,3.30117106438,3.94172859192,3.64955043793,3.03445696831,2.73763012886,1.88653004169,2.58204817772,1.71920228004,0.931706905365,0.932209789753,0.709631979465,0.902531147003,0.604138553143,0.419323265553,0.391024619341,0.341155260801,0.151840090752,0.0805408135056,0.0458101332188,0.0221559852362,0.0130503512919,0.0066549917683,0.00326183601283,0.00181253463961,0.00124071282335,0.000439600727987,0.0001492441952,2.25968469749e-05,9.55039104156e-06,1.34452793645e-05],"min":[8.11147046209e-23,7.00783032675e-22,6.25499075421e-21,3.95887591036e-21,7.09185640774e-21,1.4200447067e-20,5.98766577118e-20,1.44058169492e-19,1.79348990221e-19,8.17376195849e-20,4.53561638029e-19,4.22158191363e-19,6.0493806827e-19,7.77958041131e-19,8.33253152225e-19,1.35291655076e-18,1.25052306806e-18,2.2384047111e-18,2.70573735537e-18,3.83990185724e-18,3.62236080076e-18,4.21540297785e-18,6.82709920335e-18,6.67948923663e-18,5.43834195062e-18,8.83179664688e-18,9.24159763877e-18,9.40196231695e-18,1.05231733772e-17,1.16509183371e-17,1.298301165e-17,1.04292585992e-17,9.0000741348e-18,8.20045104435e-18,6.71508902224e-18,4.4770104271e-18,2.63193547394e-18,1.0358912058e-18,2.49478474077e-19,2.70005952948e-20],"var":[0.028656963259,0.327374845743,0.860691249371,11.0990056992,173.536941528,712.500305176,2797.7265625,4411.16845703,5973.43847656,857.47064209,3763.62060547,2928.52734375,2240.95996094,1994.03210449,631.961669922,1243.0871582,2587.38818359,1529.65441895,7527.39208984,425.129669189,148.398010254,146.777984619,141.54510498,102.796134949,123.505401611,36.0342559814,7.73123693466,2.28358435631,1.04212999344,0.342828094959,0.14007923007,0.0715519115329,0.0171130206436,0.00314216990955,0.000548328913283,0.000128730927827,2.28083790716e-05,8.38851292428e-07,1.32184094781e-08,4.80951223292e-10]},"erbbands_crest":{"dmean":2.61553239822,"dmean2":4.19183349609,"dvar":5.75223875046,"dvar2":14.7805700302,"max":32.288684845,"mean":13.4832849503,"median":12.146730423,"min":2.75470542908,"var":35.3617553711},"erbbands_flatness_db":{"dmean":0.0137117160484,"dmean2":0.0212507750839,"dvar":0.000140576536069,"dvar2":0.000369194574887,"max":0.499932408333,"mean":0.261264890432,"median":0.238142296672,"min":0.0461872778833,"var":0.00739802885801},"erbbands_kurtosis":{"dmean":1.54051733017,"dmean2":2.44389295578,"dvar":7.28900384903,"dvar2":19.7594127655,"max":57.2996826172,"mean":3.08036613464,"median":0.729243516922,"min":-1.8739887476,"var":46.7223205566},"erbbands_skewness":{"dmean":0.371509492397,"dmean2":0.594947993755,"dvar":0.132219433784,"dvar2":0.367134481668,"max":6.71464347839,"mean":0.363784462214,"median":0.348120957613,"min":-5.28018569946,"var":1.26949119568},"erbbands_spread":{"dmean":4.01242637634,"dmean2":6.43052864075,"dvar":33.5379753113,"dvar2":95.901725769,"max":190.72467041,"mean":19.637845993,"median":17.3956012726,"min":0.9353992939,"var":245.649154663},"gfcc":{"cov":[[37240.3867188,-939.84564209,-8368.43261719,371.483734131,-3204.62841797,-2028.70898438,-2279.92651367,-469.467437744,-302.159454346,861.214294434,-388.114685059,-98.5520172119,-449.907623291],[-939.84564209,6084.86425781,2380.19677734,-1704.35070801,-81.5166549683,-952.641784668,198.552825928,-296.966461182,383.12322998,-275.926544189,397.968933105,-180.284622192,458.678253174],[-8368.43261719,2380.19677734,3214.19458008,-595.16986084,646.613037109,172.473968506,505.445861816,2.98899030685,158.747314453,-356.668304443,196.098083496,-12.7578897476,251.917861938],[371.483734131,-1704.35070801,-595.16986084,1095.43188477,343.688323975,446.995788574,94.3050842285,136.185394287,-102.162399292,90.1853179932,-91.4671707153,88.9784622192,-124.994430542],[-3204.62841797,-81.5166549683,646.613037109,343.688323975,750.429626465,564.338623047,412.815429688,98.3010406494,32.4107055664,-34.6866455078,66.4303283691,-3.79114460945,-15.1094751358],[-2028.70898438,-952.641784668,172.473968506,446.995788574,564.338623047,733.91607666,340.658538818,136.53338623,-60.2968063354,17.0208034515,-0.294267714024,40.4871749878,-95.3432769775],[-2279.92651367,198.552825928,505.445861816,94.3050842285,412.815429688,340.658538818,410.262512207,99.7859115601,32.8834228516,-52.6503410339,69.9611968994,17.1020088196,34.7879180908],[-469.467437744,-296.966461182,2.98899030685,136.185394287,98.3010406494,136.53338623,99.7859115601,130.883605957,33.119720459,21.1892585754,-15.4785509109,4.5561375618,-28.8957862854],[-302.159454346,383.12322998,158.747314453,-102.162399292,32.4107055664,-60.2968063354,32.8834228516,33.119720459,144.402496338,63.3511924744,47.9985847473,-36.6242637634,25.7732868195],[861.214294434,-275.926544189,-356.668304443,90.1853179932,-34.6866455078,17.0208034515,-52.6503410339,21.1892585754,63.3511924744,169.801589966,42.8397026062,-2.72302079201,-47.4555282593],[-388.114685059,397.968933105,196.098083496,-91.4671707153,66.4303283691,-0.294267714024,69.9611968994,-15.4785509109,47.9985847473,42.8397026062,144.821792603,51.274230957,31.8900470734],[-98.5520172119,-180.284622192,-12.7578897476,88.9784622192,-3.79114460945,40.4871749878,17.1020088196,4.5561375618,-36.6242637634,-2.72302079201,51.274230957,120.991752625,35.2791481018],[-449.907623291,458.678253174,251.917861938,-124.994430542,-15.1094751358,-95.3432769775,34.7879180908,-28.8957862854,25.7732868195,-47.4555282593,31.8900470734,35.2791481018,126.863334656]],"icov":[[0.000257429084741,-0.00055924966,0.000733924855012,-0.000534826423973,0.000926962355152,-0.000874364341144,0.000771305058151,-0.000171519437572,1.05538265416e-05,0.000227536336752,-5.68851610296e-05,2.77531526081e-05,0.000242855996476],[-0.00055924966,0.00203090533614,-0.00173559726682,0.0014530835906,-0.00210522999987,0.0026540949475,-0.00209613610059,0.00101359479595,-0.000741621188354,0.000613902986515,-0.0019133669557,0.0016602446558,-0.00149881769903],[0.000733924855012,-0.00173559726682,0.00300719263032,-0.00132678216323,0.00216145184822,-0.00304063642398,0.00269336556084,-0.000732015178073,-0.00127079244703,0.00299123395234,-0.00111686775927,0.000106708539533,0.000294285622658],[-0.000534826423973,0.0014530835906,-0.00132678216323,0.00403538066894,-0.00486038904637,0.00335428188555,-0.0017034454504,-0.000625343935098,0.00157329568174,-0.00304630142637,0.00346714677289,-0.00356289837509,0.000386994681321],[0.000926962355152,-0.00210522999987,0.00216145184822,-0.00486038904637,0.0122314626351,-0.0088178422302,0.00096952333115,0.00203421432525,-0.00427766982466,0.00546695664525,-0.0058212839067,0.00596287241206,-0.000435546215158],[-0.000874364341144,0.0026540949475,-0.00304063642398,0.00335428188555,-0.0088178422302,0.0120898401365,-0.00640279427171,-0.000521481852047,0.00522683700547,-0.00689290370792,0.00498728826642,-0.00440085493028,0.00264864508063],[0.000771305058151,-0.00209613610059,0.00269336556084,-0.0017034454504,0.00096952333115,-0.00640279427171,0.0126569950953,-0.00652423501015,-2.73428231594e-05,0.00538897328079,-0.00615676026791,0.00349200912751,-0.00376800936647],[-0.000171519437572,0.00101359479595,-0.000732015178073,-0.000625343935098,0.00203421432525,-0.000521481852047,-0.00652423501015,0.0182096995413,-0.0103286039084,0.00138306815643,0.00501016667113,-0.00443097762764,0.00494002969936],[1.05538265416e-05,-0.000741621188354,-0.00127079244703,0.00157329568174,-0.00427766982466,0.00522683700547,-2.73428231594e-05,-0.0103286039084,0.0253828428686,-0.0160383787006,0.0015793053899,0.00419028801844,-0.00485240435228],[0.000227536336752,0.000613902986515,0.00299123395234,-0.00304630142637,0.00546695664525,-0.00689290370792,0.00538897328079,0.00138306815643,-0.0160383787006,0.0274253059179,-0.017826480791,0.00877933576703,-0.000488881196361],[-5.68851610296e-05,-0.0019133669557,-0.00111686775927,0.00346714677289,-0.0058212839067,0.00498728826642,-0.00615676026791,0.00501016667113,0.0015793053899,-0.017826480791,0.0328257791698,-0.0233336556703,0.00948239397258],[2.77531526081e-05,0.0016602446558,0.000106708539533,-0.00356289837509,0.00596287241206,-0.00440085493028,0.00349200912751,-0.00443097762764,0.00419028801844,0.00877933576703,-0.0233336556703,0.030251128599,-0.0143048465252],[0.000242855996476,-0.00149881769903,0.000294285622658,0.000386994681321,-0.000435546215158,0.00264864508063,-0.00376800936647,0.00494002969936,-0.00485240435228,-0.000488881196361,0.00948239397258,-0.0143048465252,0.0204541534185]],"mean":[-169.257156372,152.334991455,-98.8754577637,7.52403068542,-35.8425674438,0.456739127636,-20.8499546051,2.4288110733,-14.092250824,3.57111287117,-1.65749716759,0.0587316155434,-1.5150936842]},"hfc":{"dmean":1.6635440588,"dmean2":2.56358885765,"dvar":7.75482940674,"dvar2":18.5166530609,"max":66.5842056274,"mean":8.8506526947,"median":4.95182037354,"min":1.06342849093e-16,"var":109.737327576},"melbands":{"dmean":[0.000411729386542,0.000222215909162,0.000129770225612,0.000158900380484,0.000223592360271,0.000244748895057,0.000188646197785,6.61823360133e-05,5.26185831404e-05,5.63352041354e-05,4.87434008392e-05,4.69215483463e-05,1.44981186168e-05,1.75707373273e-05,1.98989728233e-05,2.61313725787e-05,1.34997217174e-05,2.55732284131e-05,1.20503218568e-05,5.88880993746e-06,4.12696726926e-06,3.42089151673e-06,5.17685612067e-06,1.49565937591e-06,2.03569197765e-06,2.37921631197e-06,9.45261547258e-07,9.57772613219e-07,4.71716589345e-07,3.012840466e-07,2.05498082551e-07,1.33707715122e-07,1.07042929187e-07,5.44083214038e-08,5.12388069751e-08,2.7575845607e-08,2.8583627909e-08,1.55808095315e-08,1.67639644388e-08,6.72131772461e-09],"dmean2":[0.000719906296581,0.000381908001145,0.00020169687923,0.000235384359257,0.000319395505358,0.00037103809882,0.000235443148995,9.43768463912e-05,7.14333873475e-05,7.82780407462e-05,7.83396244515e-05,7.41725816624e-05,2.24659033847e-05,2.87544116873e-05,3.29231988871e-05,4.19100651925e-05,2.20976053242e-05,4.16343100369e-05,2.00905342354e-05,1.00690031104e-05,7.0073670031e-06,5.7692768678e-06,8.82481253939e-06,2.5076287784e-06,3.44986938217e-06,4.10447501054e-06,1.60724061971e-06,1.62138906035e-06,8.02571264558e-07,5.18236674907e-07,3.5019681377e-07,2.24536933047e-07,1.80456922294e-07,9.13739270914e-08,8.71679759484e-08,4.50699069177e-08,4.74261447891e-08,2.62326036449e-08,2.82179346556e-08,1.11194742303e-08],"dvar":[3.41050281349e-07,1.19002940835e-07,8.11957008295e-08,1.23787074813e-07,2.69647614459e-07,4.30773525295e-07,2.27669644914e-07,1.99699226044e-08,2.57419685568e-08,3.69472665795e-08,1.77084213959e-08,1.74540133457e-08,1.92874982652e-09,3.06939451633e-09,2.77828426931e-09,7.45688044645e-09,2.83706547144e-09,8.22199019979e-09,1.27988197818e-09,2.25977903057e-10,1.03111109928e-10,7.25321885886e-11,2.65138300204e-10,1.43602595093e-11,3.13165396393e-11,4.69876464126e-11,5.06015411864e-12,7.33785428253e-12,2.02910735089e-12,8.01291487589e-13,4.5427485558e-13,1.39801649532e-13,1.02070926039e-13,2.70115418748e-14,2.17397680532e-14,5.54991530096e-15,6.41607086403e-15,2.53420801698e-15,2.38369174456e-15,2.94851189557e-16],"dvar2":[1.02142246305e-06,3.44196877222e-07,1.9045498334e-07,2.99748620591e-07,5.36872050816e-07,1.06410834633e-06,3.42621433447e-07,3.81187419407e-08,4.13493310703e-08,6.95684789775e-08,4.88523816955e-08,4.42846577187e-08,4.7393209357e-09,8.2169604454e-09,7.28389348836e-09,1.88115638622e-08,7.93485988027e-09,2.05729957514e-08,3.4131013571e-09,6.44686692919e-10,2.93250645989e-10,1.96875085678e-10,7.10029757212e-10,3.72063768683e-11,8.90110068985e-11,1.34122588036e-10,1.42212075449e-11,2.08592969286e-11,5.86347810583e-12,2.38274937975e-12,1.279693582e-12,3.88481130945e-13,2.94534741648e-13,7.53139141763e-14,6.12637314468e-14,1.38487557535e-14,1.64926699955e-14,7.03695829634e-15,6.45890574369e-15,7.87682883887e-16],"max":[0.00794152449816,0.00729689886793,0.0122610032558,0.0116262026131,0.0193442124873,0.0170228593051,0.0161965731531,0.00387851777487,0.00676611252129,0.00691346731037,0.00364094274119,0.00248361192644,0.00110244657844,0.0011596736731,0.00118514441419,0.00206362456083,0.00124338956084,0.00237840926275,0.000683107471559,0.00029441746301,0.000179464012035,0.000171331339516,0.000388592219679,8.49228090374e-05,0.000109694461571,0.000107820553239,3.4491855331e-05,6.85954946675e-05,3.08789894916e-05,1.72400195879e-05,1.46579050124e-05,7.92031187302e-06,7.17021066521e-06,4.92880189995e-06,3.378723477e-06,1.70189002802e-06,2.14796114051e-06,1.06250422505e-06,1.38949110351e-06,2.96563200664e-07],"mean":[0.000949594192207,0.000407621701015,0.000326301524183,0.00048565043835,0.000734702858608,0.000677233678289,0.000549998541828,0.0001811303664,0.000142556236824,0.000124025536934,9.48118467932e-05,8.04157534731e-05,2.57106330537e-05,3.00791307382e-05,3.21039697155e-05,4.672830255e-05,2.71772187261e-05,4.37272756244e-05,2.09024819924e-05,1.01978375824e-05,7.33358501748e-06,5.98604674451e-06,8.54072004586e-06,2.9275538509e-06,3.88550188291e-06,4.26198494097e-06,1.9614019493e-06,1.89435752418e-06,9.56479198067e-07,6.26390033176e-07,4.54425475027e-07,3.02559357124e-07,2.24123240855e-07,1.32999375069e-07,1.22883207609e-07,6.93776129879e-08,7.15682659802e-08,4.10684322105e-08,4.39856364665e-08,1.96560314691e-08],"median":[0.000483169511426,0.000231425656239,6.71630332363e-05,0.000109619904833,0.000119657503092,0.000136982649565,0.00011276260193,5.50120603293e-05,2.32581915043e-05,2.22241851588e-05,1.54893714353e-05,9.88437477645e-06,6.36838603896e-06,4.87903889734e-06,4.45442083219e-06,3.15974011755e-06,1.4831318822e-06,1.39874384786e-06,6.50754486742e-07,1.20855770547e-06,7.55652934004e-07,8.41587848299e-07,8.33112835608e-07,2.84582853283e-07,2.98294168033e-07,2.78166766066e-07,2.0901440223e-07,2.27829715982e-07,9.13391460244e-08,5.95689861882e-08,3.90782410875e-08,2.59670223102e-08,1.78366530434e-08,9.46079925512e-09,8.25791257597e-09,3.66077546055e-09,3.97324617651e-09,1.83812243204e-09,2.17396367574e-09,1.17098786223e-09],"min":[1.27262808041e-24,3.18231281496e-24,1.20740565241e-24,7.91568473063e-25,2.25740416917e-24,4.19742593033e-24,2.65065014713e-24,9.79197461648e-25,3.2419248642e-24,1.89867105302e-24,2.82502094769e-24,2.69835631315e-24,3.12374068161e-24,2.72224006314e-24,2.23663839191e-24,3.20751277936e-24,3.33630221075e-24,3.64206075331e-24,3.57499495459e-24,3.67354774191e-24,4.7567874767e-24,4.67694568119e-24,4.30559059335e-24,4.87020831993e-24,4.91959574577e-24,3.53950173588e-24,4.60951345658e-24,4.81765677301e-24,4.69443748848e-24,5.98471337341e-24,4.54684713514e-24,5.39969649268e-24,6.32629172309e-24,5.91905450812e-24,6.17543509118e-24,5.8713497226e-24,6.2810028241e-24,6.47083115688e-24,6.0076360936e-24,6.26126631311e-24],"var":[1.30803266529e-06,2.8860173984e-07,7.67397239088e-07,1.23843085476e-06,3.13351392833e-06,1.99864234673e-06,1.33141998049e-06,1.0020220742e-07,2.19912053012e-07,1.23070364566e-07,5.33848769635e-08,3.85590297469e-08,4.55472548566e-09,6.50212950148e-09,5.28422683388e-09,1.87098301296e-08,6.61000321145e-09,1.86601081253e-08,3.13673154118e-09,4.83622419889e-10,2.09945921759e-10,1.54702695099e-10,5.26194865458e-10,4.11685026347e-11,8.19806236785e-11,1.00798799862e-10,1.45130574225e-11,1.70712541325e-11,4.88009589336e-12,2.66577341798e-12,1.52649063095e-12,4.4513226655e-13,2.86657145503e-13,9.33050159488e-14,7.72670637325e-14,2.03743882117e-14,2.45740453268e-14,9.89321607492e-15,9.37801167289e-15,1.45235106697e-15]},"melbands_crest":{"dmean":3.0004131794,"dmean2":4.97368192673,"dvar":7.08199548721,"dvar2":19.0950336456,"max":38.2409553528,"mean":17.2789974213,"median":15.3056192398,"min":1.56422364712,"var":69.7873077393},"melbands_flatness_db":{"dmean":0.0199782475829,"dmean2":0.032962795347,"dvar":0.000382986327168,"dvar2":0.00113139394671,"max":0.907355964184,"mean":0.367593675852,"median":0.345360577106,"min":0.0031048564706,"var":0.0310081150383},"melbands_kurtosis":{"dmean":12.6929101944,"dmean2":22.0196208954,"dvar":2632.2644043,"dvar2":8194.9609375,"max":1246.76196289,"mean":26.8302993774,"median":3.00576257706,"min":-1.77161884308,"var":8715.20214844},"melbands_skewness":{"dmean":0.701861858368,"dmean2":1.16448318958,"dvar":1.41209805012,"dvar2":4.36628961563,"max":26.6204586029,"mean":2.36075377464,"median":1.44773745537,"min":-2.32507205009,"var":10.0487108231},"melbands_spread":{"dmean":3.26387572289,"dmean2":5.23662376404,"dvar":28.5700130463,"dvar2":70.1899337769,"max":211.710678101,"mean":15.3133277893,"median":9.59154415131,"min":0.0644741803408,"var":291.473052979},"mfcc":{"cov":[[19345.375,410.541473389,-4682.64111328,-167.227798462,-1133.1036377,-1199.55725098,-1239.76098633,-894.040405273,-781.125915527,-226.273788452,-552.196044922,-478.163543701,-140.510116577],[410.541473389,4826.70507812,1877.15637207,-475.187133789,-452.751953125,-433.468261719,-241.899841309,-256.231903076,-84.3656005859,-211.269454956,-188.442764282,-87.4310836792,66.2309341431],[-4682.64111328,1877.15637207,2641.52929688,-138.223373413,54.1966819763,36.7426185608,76.8679962158,88.6534347534,115.787605286,-81.1275405884,7.3724899292,10.7075128555,24.9475402832],[-167.227798462,-475.187133789,-138.223373413,481.233856201,239.416015625,139.335479736,142.017593384,131.831314087,70.9166717529,10.2236366272,42.4332275391,68.3734436035,15.0989990234],[-1133.1036377,-452.751953125,54.1966819763,239.416015625,347.645294189,293.158477783,223.995574951,164.362335205,115.780044556,81.8133392334,97.0916824341,52.1946907043,-25.1853618622],[-1199.55725098,-433.468261719,36.7426185608,139.335479736,293.158477783,430.252929688,316.064361572,190.713790894,120.409622192,97.8697738647,153.710830688,95.8365783691,-23.7015228271],[-1239.76098633,-241.899841309,76.8679962158,142.017593384,223.995574951,316.064361572,348.938354492,213.726531982,128.284378052,73.5609512329,120.253181458,104.759223938,15.5110177994],[-894.040405273,-256.231903076,88.6534347534,131.831314087,164.362335205,190.713790894,213.726531982,205.791534424,119.344047546,48.9835548401,67.2861862183,59.5543441772,12.8391170502],[-781.125915527,-84.3656005859,115.787605286,70.9166717529,115.780044556,120.409622192,128.284378052,119.344047546,138.035018921,81.0997085571,51.1410751343,19.2600135803,-7.54925727844],[-226.273788452,-211.269454956,-81.1275405884,10.2236366272,81.8133392334,97.8697738647,73.5609512329,48.9835548401,81.0997085571,154.720748901,100.140571594,-4.07142686844,-51.6596755981],[-552.196044922,-188.442764282,7.3724899292,42.4332275391,97.0916824341,153.710830688,120.253181458,67.2861862183,51.1410751343,100.140571594,177.301025391,91.6922073364,-30.2176303864],[-478.163543701,-87.4310836792,10.7075128555,68.3734436035,52.1946907043,95.8365783691,104.759223938,59.5543441772,19.2600135803,-4.07142686844,91.6922073364,162.652542114,79.1960678101],[-140.510116577,66.2309341431,24.9475402832,15.0989990234,-25.1853618622,-23.7015228271,15.5110177994,12.8391170502,-7.54925727844,-51.6596755981,-30.2176303864,79.1960678101,157.495529175]],"icov":[[0.000262523855781,-0.000245977309532,0.000553634075914,-0.000398024276365,0.000556469894946,-0.000416992494138,0.000791124475654,-0.000606896297541,0.000907827692572,-0.000478472327814,0.000316046556691,0.000184157121112,0.000140513744554],[-0.000245977309532,0.000625245505944,-0.000791214697529,0.000434767483966,-0.000185913610039,0.000665242259856,-0.00130736990832,0.00135235523339,-0.00125365913846,0.000708488514647,-0.000272402423434,-0.000120472592243,-0.000129224965349],[0.000553634075914,-0.000791214697529,0.00185338850133,-0.00049443251919,0.000543041853234,-0.000764115597121,0.00196645408869,-0.00163216807414,0.000991216977127,0.000238244581851,-0.000283704430331,0.000886654830538,0.000117083058285],[-0.000398024276365,0.000434767483966,-0.00049443251919,0.00474947365001,-0.00478733470663,0.00277153053321,-0.00148676580284,-1.82996427611e-05,-0.00198370101862,0.00244164839387,-0.000697805429809,-0.00142857898027,0.000174780347152],[0.000556469894946,-0.000185913610039,0.000543041853234,-0.00478733470663,0.0129574434832,-0.00749605474994,0.00248572533019,-0.00179054250475,0.000890483323019,-0.00312292156741,0.00204734760337,0.00119456776883,0.000603169028182],[-0.000416992494138,0.000665242259856,-0.000764115597121,0.00277153053321,-0.00749605474994,0.0130078252405,-0.00907226838171,0.00247984169982,-0.00148202711716,0.00258774054237,-0.00399218546227,-0.000185409400729,0.000758768699598],[0.000791124475654,-0.00130736990832,0.00196645408869,-0.00148676580284,0.00248572533019,-0.00907226838171,0.0182015839964,-0.0116129396483,0.00311011425219,-0.0029542746488,0.00184428028297,-0.00225866562687,-5.73901634198e-05],[-0.000606896297541,0.00135235523339,-0.00163216807414,-1.82996427611e-05,-0.00179054250475,0.00247984169982,-0.0116129396483,0.0230966787785,-0.0141298836097,0.00671536754817,-0.00310139800422,0.00140652281698,-0.00127904722467],[0.000907827692572,-0.00125365913846,0.000991216977127,-0.00198370101862,0.000890483323019,-0.00148202711716,0.00311011425219,-0.0141298836097,0.0286670960486,-0.0166408531368,0.00870846770704,-0.00273236283101,0.0010958048515],[-0.000478472327814,0.000708488514647,0.000238244581851,0.00244164839387,-0.00312292156741,0.00258774054237,-0.0029542746488,0.00671536754817,-0.0166408531368,0.0263468585908,-0.0190974697471,0.0117559675127,-0.00309431506321],[0.000316046556691,-0.000272402423434,-0.000283704430331,-0.000697805429809,0.00204734760337,-0.00399218546227,0.00184428028297,-0.00310139800422,0.00870846770704,-0.0190974697471,0.0293108671904,-0.020307527855,0.0102947214618],[0.000184157121112,-0.000120472592243,0.000886654830538,-0.00142857898027,0.00119456776883,-0.000185409400729,-0.00225866562687,0.00140652281698,-0.00273236283101,0.0117559675127,-0.020307527855,0.0261490568519,-0.0128377843648],[0.000140513744554,-0.000129224965349,0.000117083058285,0.000174780347152,0.000603169028182,0.000758768699598,-5.73901634198e-05,-0.00127904722467,0.0010958048515,-0.00309431506321,0.0102947214618,-0.0128377843648,0.014282531105]],"mean":[-792.670410156,169.44078064,8.26354217529,20.969909668,1.99481034279,4.1768655777,2.18080472946,-0.336133658886,-0.190050765872,3.96136975288,1.91331171989,4.06708860397,3.38766741753]},"pitch_salience":{"dmean":0.0583561621606,"dmean2":0.0970580875874,"dvar":0.00251192552969,"dvar2":0.00718982517719,"max":0.875231325626,"mean":0.464971452951,"median":0.4819226861,"min":0.0329514555633,"var":0.0222750157118},"silence_rate_20dB":{"dmean":0,"dmean2":0,"dvar":0,"dvar2":0,"max":1,"mean":1,"median":1,"min":1,"var":0},"silence_rate_30dB":{"dmean":0.000364963489119,"dmean2":0.000730060215574,"dvar":0.000364823965356,"dvar2":0.000729501829483,"max":1,"mean":0.999635100365,"median":1,"min":0,"var":0.000364757463103},"silence_rate_60dB":{"dmean":0.0204379558563,"dmean2":0.0408833734691,"dvar":0.0200207568705,"dvar2":0.0479743219912,"max":1,"mean":0.175515413284,"median":0,"min":0,"var":0.144700080156},"spectral_centroid":{"dmean":108.036384583,"dmean2":172.175094604,"dvar":36899.9960938,"dvar2":73468.734375,"max":11648.0292969,"mean":978.712646484,"median":664.957702637,"min":67.7196426392,"var":1248926},"spectral_complexity":{"dmean":1.3459854126,"dmean2":2.30041980743,"dvar":1.96096408367,"dvar2":5.27341747284,"max":31,"mean":9.9717206955,"median":9,"min":0,"var":45.0476455688},"spectral_contrast_coeffs":{"dmean":[0.0437295660377,0.0371507778764,0.032114520669,0.025343509391,0.0177540332079,0.0131548736244],"dmean2":[0.0742412135005,0.0597153753042,0.051957398653,0.0416880697012,0.0295591372997,0.0226817727089],"dvar":[0.00115864630789,0.000961532059591,0.000705843965989,0.000425711157732,0.000215765001485,0.000136484042741],"dvar2":[0.00341866421513,0.00248324824497,0.00187398167327,0.00113942613825,0.000598728773184,0.000426917220466],"max":[-0.291633993387,-0.357018381357,-0.468451172113,-0.475650727749,-0.522396743298,-0.644470751286],"mean":[-0.684808671474,-0.691158056259,-0.717304885387,-0.730405926704,-0.765695273876,-0.791805744171],"median":[-0.693887770176,-0.687741100788,-0.716713130474,-0.730088233948,-0.764298439026,-0.761763036251],"min":[-0.978542387486,-0.977458119392,-0.977685153484,-0.969392120838,-0.967258930206,-0.965577065945],"var":[0.00919848680496,0.00967519264668,0.00478276284412,0.00718493806198,0.00614583306015,0.00591540476307]},"spectral_contrast_valleys":{"dmean":[0.340284347534,0.284053593874,0.249519050121,0.202036768198,0.140556529164,0.163816779852],"dmean2":[0.585716128349,0.472570210695,0.41973721981,0.339416801929,0.234682366252,0.287156105042],"dvar":[0.0942974314094,0.081965200603,0.0743763297796,0.0603519454598,0.053736615926,0.0831887423992],"dvar2":[0.22502848506,0.183214217424,0.157692283392,0.116960272193,0.0894185453653,0.217523634434],"max":[-5.82325792313,-5.07934904099,-5.82187223434,-6.63900232315,-7.15760469437,-10.1953449249],"mean":[-8.10539054871,-7.99722385406,-8.99550151825,-9.85667419434,-10.2096395493,-12.906373024],"median":[-7.57270765305,-7.09812688828,-8.20221233368,-9.52169322968,-9.5004491806,-12.5386991501],"min":[-28.0004787445,-28.1626701355,-27.6663513184,-27.571346283,-27.5082569122,-27.3782634735],"var":[5.17257070541,7.61965322495,6.60297775269,6.04631280899,6.14888715744,4.00916957855]},"spectral_decrease":{"dmean":8.84198381179e-10,"dmean2":1.34810806962e-09,"dvar":1.36103232994e-18,"dvar2":3.12485116018e-18,"max":1.23874253962e-16,"mean":-4.4336854188e-09,"median":-2.73996247913e-09,"min":-3.0255339567e-08,"var":2.16834098294e-17},"spectral_energy":{"dmean":0.00346062192693,"dmean2":0.00527282105759,"dvar":2.08375367947e-05,"dvar2":4.77111643704e-05,"max":0.118633821607,"mean":0.01753651537,"median":0.0108802001923,"min":1.00142960132e-20,"var":0.000337295467034},"spectral_energyband_high":{"dmean":2.35414991039e-05,"dmean2":3.94280468754e-05,"dvar":3.40607519966e-09,"dvar2":9.51969258978e-09,"max":0.0017464007251,"mean":8.21638241177e-05,"median":8.74826309882e-06,"min":7.13598293912e-21,"var":1.98655740746e-08},"spectral_energyband_low":{"dmean":0.00152676610742,"dmean2":0.00260857609101,"dvar":4.25897769674e-06,"dvar2":1.25014175865e-05,"max":0.0394341349602,"mean":0.00409248797223,"median":0.00281606195495,"min":2.60248368076e-23,"var":1.82589283213e-05},"spectral_energyband_middle_high":{"dmean":0.000837669125758,"dmean2":0.00133680936415,"dvar":2.65600237981e-06,"dvar2":6.72746546115e-06,"max":0.0319364778697,"mean":0.00264380918816,"median":0.000907807552721,"min":1.2236406465e-21,"var":1.48081298903e-05},"spectral_energyband_middle_low":{"dmean":0.00244640558958,"dmean2":0.00345131265931,"dvar":1.87755831575e-05,"dvar2":4.03857375204e-05,"max":0.107335880399,"mean":0.0110955815762,"median":0.00467138970271,"min":1.69436707529e-22,"var":0.000248685391853},"spectral_entropy":{"dmean":0.116943106055,"dmean2":0.186173081398,"dvar":0.0155174480751,"dvar2":0.0468729510903,"max":9.82680034637,"mean":6.42563819885,"median":6.69735622406,"min":3.72420477867,"var":0.792082548141},"spectral_flux":{"dmean":0.0101495292038,"dmean2":0.0168060101569,"dvar":0.000100367753475,"dvar2":0.000279476953438,"max":0.210520416498,"mean":0.0439800843596,"median":0.0414651036263,"min":6.42578490417e-11,"var":0.000691177672707},"spectral_kurtosis":{"dmean":14.0335550308,"dmean2":24.5659389496,"dvar":792.967895508,"dvar2":2439.59619141,"max":427.686584473,"mean":53.7122612,"median":9.99172782898,"min":-1.24811053276,"var":7754.12207031},"spectral_rms":{"dmean":0.000390082161175,"dmean2":0.00060853920877,"dvar":1.35676401669e-07,"dvar2":3.33900857186e-07,"max":0.0107582677156,"mean":0.00357910757884,"median":0.0032580406405,"min":3.12570715838e-12,"var":4.29878264185e-06},"spectral_rolloff":{"dmean":181.321548462,"dmean2":330.691162109,"dvar":559095.375,"dvar2":1751333.375,"max":21447.0703125,"mean":1051.65576172,"median":516.796875,"min":43.06640625,"var":4170024.75},"spectral_skewness":{"dmean":0.616932988167,"dmean2":1.08298683167,"dvar":0.822107493877,"dvar2":2.41849732399,"max":17.4712543488,"mean":4.2894487381,"median":2.2400636673,"min":-0.0712532475591,"var":15.8959503174},"spectral_spread":{"dmean":268437.78125,"dmean2":469268.09375,"dvar":381243719680,"dvar2":799180324864,"max":41943332,"mean":2924312.75,"median":2782396.5,"min":212589.078125,"var":15069369860100.0},"spectral_strongpeak":{"dmean":0.361054986715,"dmean2":0.609886646271,"dvar":0.40806388855,"dvar2":1.07186877728,"max":7.52630615234,"mean":0.874352872372,"median":0.348579287529,"min":3.63058194619e-11,"var":1.11450898647},"zerocrossingrate":{"dmean":0.0036989976652,"dmean2":0.00481294328347,"dvar":4.37480302935e-05,"dvar2":4.7665576858e-05,"max":0.70751953125,"mean":0.037087816745,"median":0.0224609375,"min":0.00146484375,"var":0.00305377226323}},"metadata":{"audio_properties":{"analysis_sample_rate":44100,"bit_rate":255033,"codec":"mp3","downmix":"mix","equal_loudness":0,"length":127.242446899,"lossless":false,"md5_encoded":"154b9d8ba01b22ff55573281f5b527f6","replay_gain":-11.3870391846,"sample_rate":44100},"tags":{"acoustid_id":["28aaa404-d9c2-4b58-b08c-1acdfdc42a26"],"album":["Journey"],"albumartist":["Austin Wintory"],"albumartistsort":["Wintory, Austin"],"artist":["Austin Wintory"],"artistsort":["Wintory, Austin"],"artistwebpage":["http://austinwintory.com/"],"date":["2012"],"discnumber":["1/1"],"file_name":"13 Final Confluence.mp3","media":["Digital Media"],"musicbrainz album release country":["XW"],"musicbrainz album status":["official"],"musicbrainz album type":["album/soundtrack"],"musicbrainz_albumartistid":["78f15956-c5e1-46d6-a46b-fa6f46681ec8"],"musicbrainz_albumid":["1f3abcda-15a7-4465-92c6-9926cdc4f247"],"musicbrainz_artistid":["78f15956-c5e1-46d6-a46b-fa6f46681ec8"],"musicbrainz_recordingid":["14d6582d-f2cb-497f-9b95-1063501989db"],"musicbrainz_releasegroupid":["d1850227-c7c7-42c8-b469-6e99023412de"],"originaldate":["2012"],"script":["Latn"],"title":["Final Confluence"],"tracknumber":["13/18"]},"version":{"essentia":"2.1-beta2","essentia_build_sha":"26c37b627ab5a2028d412893e0969599b764ad4d","essentia_git_sha":"v2.1_beta2","extractor":"music 1.0"}},"rhythm":{"beats_count":256,"beats_loudness":{"dmean":0.00690565723926,"dmean2":0.0109979677945,"dvar":6.96124916431e-05,"dvar2":0.000168448619661,"max":0.0939980298281,"mean":0.0181571431458,"median":0.0110901612788,"min":0,"var":0.000387243693694},"beats_loudness_band_ratio":{"dmean":[0.124201118946,0.1138375476,0.0960991680622,0.0566152743995,0.0299885943532,0.0111201396212],"dmean2":[0.205789357424,0.189730495214,0.169452279806,0.0985192060471,0.0508204549551,0.0180112477392],"dvar":[0.0178459044546,0.0155977215618,0.0127457128838,0.00535129150376,0.00456579588354,0.00093917892