{"lowlevel":{"average_loudness":0.224780499935,"barkbands":{"dmean":[9.06554778339e-05,0.00139948690776,0.000296974583762,0.000485653203214,0.00189302186482,0.00147699436639,0.00117644458078,0.000539297121577,0.000542665016837,0.000486203032779,0.000249866367085,0.000106357212644,0.000145651603816,0.000105702973087,0.000115434500913,8.42671142891e-05,0.000110840177513,5.272954877e-05,4.46133417427e-05,2.49687491305e-05,1.30155276565e-05,5.57492194275e-06,1.65828885201e-06,1.02122100998e-06,4.56343201449e-07,2.09442731602e-07,8.92117455464e-08],"dmean2":[0.000126944927615,0.00236485223286,0.000420741387643,0.000811963691376,0.00299800839275,0.0023650303483,0.00153258000501,0.000759964925237,0.000733933178708,0.000693855050486,0.000376158801373,0.000166914047441,0.000236138541368,0.000175927591044,0.000195929431356,0.000141138283652,0.000184724776773,8.99727601791e-05,7.50692561269e-05,4.2036663217e-05,2.20774109039e-05,9.24724008655e-06,2.76924333775e-06,1.73827959316e-06,7.53868903303e-07,3.54532062374e-07,1.57219290031e-07],"dvar":[3.48434525677e-08,7.07916706233e-06,4.23205790412e-07,1.24777670862e-06,2.23283968808e-05,9.87553630694e-06,5.00736587128e-06,1.11918075163e-06,1.36084850055e-06,1.29377144731e-06,3.12892240117e-07,5.78766474746e-08,1.12151234077e-07,5.40593951825e-08,4.21958894492e-08,4.34884768197e-08,5.63163098377e-08,1.344480971e-08,1.34933086926e-08,2.48880849263e-09,1.34477740055e-09,2.56661858433e-10,1.34183142028e-11,6.31371829818e-11,1.61529622143e-12,7.31877937161e-13,7.52182929657e-13],"dvar2":[9.29787518089e-08,2.36137111642e-05,8.14767872725e-07,3.15255988426e-06,5.63925423194e-05,2.68214425887e-05,8.90937553777e-06,2.24078439715e-06,2.19465914597e-06,2.42318151322e-06,6.9457604468e-07,1.3611136751e-07,2.76146693068e-07,1.48473162653e-07,1.21534554864e-07,1.20759011679e-07,1.4483359223e-07,3.81115690118e-08,3.57198111089e-08,6.93963020382e-09,3.64437990896e-09,6.6543248689e-10,3.49051239301e-11,1.77825407177e-10,4.17770072009e-12,2.01420152258e-12,2.17221141248e-12],"max":[0.00676318444312,0.0361519046128,0.0198760442436,0.0335651636124,0.0902257785201,0.0859130844474,0.0863386392593,0.0389419570565,0.0456127673388,0.0336768738925,0.00952550116926,0.00771387480199,0.00890794210136,0.00425043143332,0.0042707696557,0.00522940559313,0.00502222171053,0.0023426101543,0.00332960300148,0.000843943329528,0.00165462389123,0.000787528406363,7.40613322705e-05,0.000467573903734,4.20184114773e-05,4.29228166468e-05,3.57917706424e-05],"mean":[0.000441963697085,0.00349371042103,0.000825744762551,0.000842441804707,0.00444922735915,0.00353660015389,0.00369618041441,0.00150087545626,0.00134808721486,0.00107888819184,0.000409719767049,0.000192368854186,0.000246287352638,0.000167154881638,0.000181300085387,0.000138580202474,0.000190673395991,9.10565795493e-05,8.03434522822e-05,5.06010946992e-05,2.55467439274e-05,1.26712575366e-05,3.93042137148e-06,2.42088140112e-06,1.41259044995e-06,6.1392427142e-07,1.52966762812e-07],"median":[1.07758160084e-05,0.00110773020424,5.28268137714e-05,0.000161894276971,0.000881345185917,0.00120089191478,0.00104816060048,0.000471397244837,0.000457397283753,0.000363547325833,0.000109724394861,7.23871053196e-05,9.1805755801e-05,5.66943381273e-05,8.43773595989e-05,4.32060260209e-05,6.40509242658e-05,3.69655135728e-05,2.97422302538e-05,1.84609743883e-05,9.58244618232e-06,4.40215080744e-06,1.56198393597e-06,1.02126989532e-06,5.42303041584e-07,2.45848099212e-07,1.76852346101e-08],"min":[5.14083740727e-25,1.331115214e-24,1.03295705044e-24,2.03599221231e-24,9.93000279236e-24,8.26084411439e-24,6.92476775416e-24,7.2423631546e-24,2.22509230816e-23,1.08181418425e-23,4.32131614107e-24,2.39412973847e-23,2.34188237632e-23,6.04893430305e-23,5.5644190905e-23,5.00401325007e-23,9.37059028557e-23,1.24680475812e-22,1.37656089122e-22,1.37591465636e-22,2.6935351424e-22,3.05091235653e-22,3.70100593898e-22,5.2486775763e-22,9.89370212718e-22,1.20310360578e-21,1.87380703135e-21],"var":[7.05368563558e-07,2.9974960853e-05,4.27561644756e-06,4.55135887023e-06,8.85456101969e-05,4.02404366469e-05,5.04509043822e-05,8.37384232e-06,8.02365229902e-06,4.50491415904e-06,7.01092915278e-07,1.5213407778e-07,2.49785927053e-07,1.01259907126e-07,6.91285109156e-08,7.69011236912e-08,1.28886284756e-07,2.41567672532e-08,2.46156073302e-08,7.29137106248e-09,2.43957387625e-09,6.31001417783e-10,4.47664613712e-11,5.20263311599e-11,5.74544968893e-12,1.33264102878e-12,5.2455750247e-13]},"barkbands_crest":{"dmean":2.06487441063,"dmean2":3.24505281448,"dvar":3.22239732742,"dvar2":8.12694072723,"max":25.0079612732,"mean":11.3431777954,"median":10.5522403717,"min":3.20272541046,"var":17.6432380676},"barkbands_flatness_db":{"dmean":0.0151164764538,"dmean2":0.022813051939,"dvar":0.000185825294466,"dvar2":0.000461369141703,"max":0.452221959829,"mean":0.210395693779,"median":0.202087208629,"min":0.0599849559367,"var":0.00354652781971},"barkbands_kurtosis":{"dmean":2.13785886765,"dmean2":3.27845096588,"dvar":16.1496601105,"dvar2":37.8508338928,"max":130.251693726,"mean":4.6417222023,"median":2.31817340851,"min":-1.9167342186,"var":75.7056045532},"barkbands_skewness":{"dmean":0.373840332031,"dmean2":0.574357807636,"dvar":0.149834439158,"dvar2":0.350581020117,"max":8.56591129303,"mean":1.20682668686,"median":1.10556590557,"min":-6.69739961624,"var":1.35977327824},"barkbands_spread":{"dmean":2.23227453232,"dmean2":3.36967396736,"dvar":6.46377468109,"dvar2":15.085018158,"max":95.6685562134,"mean":11.9506931305,"median":10.1632804871,"min":0.290256112814,"var":76.6947250366},"dissonance":{"dmean":0.0267682168633,"dmean2":0.0448116138577,"dvar":0.000584088149481,"dvar2":0.00163192371838,"max":0.499995678663,"mean":0.424978047609,"median":0.436270266771,"min":0.159246712923,"var":0.0025316060055},"dynamic_complexity":4.92570257187,"erbbands":{"dmean":[0.0607179030776,0.243386030197,0.339409261942,0.933019816875,3.29200482368,8.84481334686,7.39076805115,13.4970140457,15.259396553,20.1181850433,11.8263607025,13.3366155624,13.5877037048,11.9199428558,8.32573127747,5.25156021118,7.10275602341,5.43431377411,4.24119997025,6.56503820419,5.72616863251,4.01745462418,2.95700883865,2.53099370003,1.82472956181,1.41233158112,0.719147861004,0.271137595177,0.172296881676,0.0946602076292,0.0478285774589,0.0279722884297,0.0139570897445,0.00600284524262,0.00291834864765,0.0012220608769,0.000376796670025,0.000100469856989,1.85154021892e-05,5.46356886844e-06],"dmean2":[0.10422731936,0.400242358446,0.501818239689,1.53662610054,5.37869977951,13.9402799606,11.2354764938,21.6795864105,22.6581096649,25.3345794678,16.3709831238,17.904876709,19.5467987061,17.1502113342,12.5315055847,8.18857574463,11.4781312943,9.05249595642,7.00113487244,11.084982872,9.65239048004,6.63564634323,5.00523996353,4.22924613953,3.06553268433,2.37764692307,1.21465337276,0.456764638424,0.286705642939,0.156881868839,0.0792320817709,0.0474761910737,0.024038253352,0.0100079122931,0.0048216925934,0.00206800992601,0.00063614564715,0.000170705214259,3.24672837451e-05,8.2983115135e-06],"dvar":[0.0178014468402,0.177221044898,0.502763330936,4.04009199142,86.4735717773,533.967041016,306.273986816,973.590270996,912.59765625,2411.84594727,619.762512207,910.645751953,1652.09143066,440.852661133,302.753234863,132.753982544,275.082672119,138.753311157,69.0947036743,221.032577515,188.028060913,65.8206710815,42.6138458252,52.9453582764,17.9130344391,7.82707023621,3.20220565796,0.593576133251,0.264805018902,0.0970447957516,0.0135152842849,0.0316492058337,0.0126178590581,0.000304013752611,7.71333361627e-05,2.78261959465e-05,1.5225585912e-06,5.05284788233e-07,3.05027434422e-08,9.89710952082e-11],"dvar2":[0.0627561435103,0.515895903111,1.04501569271,10.8266992569,202.30859375,1317.91784668,798.331481934,2571.0715332,2312.06787109,3725.61303711,1165.24145508,1436.20605469,3037.25805664,939.251586914,668.336486816,309.340118408,667.815490723,373.95703125,189.739349365,621.1640625,527.582641602,165.804824829,122.194854736,144.955566406,49.4833259583,21.9419364929,8.76107788086,1.6051607132,0.663829743862,0.265910297632,0.0334409028292,0.0869445428252,0.0365557149053,0.000823128037155,0.000200137932552,7.73521023802e-05,4.15089198214e-06,1.42436806527e-06,8.9189974517e-08,2.68312899676e-10],"max":[1.48321580887,7.84679698944,19.2382907867,50.3176994324,271.271118164,495.855499268,356.946289062,882.264526367,884.022094727,2255.86010742,1067.86022949,1286.82983398,1263.23364258,855.403259277,288.529418945,402.693786621,453.489990234,228.691421509,153.380172729,367.026306152,360.279815674,158.633163452,166.757446289,251.674179077,91.3827133179,49.5568733215,56.8982276917,35.5448646545,25.8915863037,14.9579620361,2.8845140934,10.543595314,6.46330833435,0.589957773685,0.355712205172,0.258544445038,0.0554150789976,0.0391684919596,0.00766544509679,0.000324704946252],"mean":[0.132946923375,0.647919297218,1.05583226681,1.8410102129,6.65560674667,19.6526870728,17.4224071503,32.5080986023,38.9131507874,67.8521194458,34.2677841187,34.9542198181,31.158870697,28.097070694,15.3979349136,10.2571220398,12.3862276077,9.17302131653,7.58450317383,10.3251457214,10.0525455475,7.64624547958,5.66952610016,4.79919528961,3.60737800598,2.94732236862,1.48572719097,0.607218742371,0.406842768192,0.228513583541,0.113429285586,0.061129193753,0.0328027382493,0.0173727124929,0.00873548723757,0.00335400295444,0.00107240024954,0.000254597020103,3.80414276151e-05,2.6603031074e-05],"median":[0.0247270409018,0.1682035923,0.115446694195,0.396414101124,1.48915994167,2.55033516884,5.27383136749,9.9361410141,15.7882242203,13.7120685577,12.9697275162,11.99559021,10.037355423,11.9152030945,6.52502059937,4.6211309433,4.96589899063,3.66096115112,3.54739952087,3.86560559273,3.73041343689,3.25586080551,2.53817534447,2.02442836761,1.46320617199,1.21302855015,0.567744970322,0.273497253656,0.154186114669,0.0832937806845,0.0429789423943,0.0264304932207,0.013653492555,0.00714577268809,0.00334938056767,0.00130026857369,0.000430341926403,7.61515984777e-05,1.47228811329e-05,1.88675658137e-05],"min":[3.3178177009e-23,8.34716821662e-22,2.91524398232e-21,7.09780176839e-21,2.30818659169e-20,2.87150838263e-20,4.50135145739e-20,4.99692828707e-20,1.26084206865e-19,1.28916240638e-19,2.79031802057e-19,4.98711740802e-19,4.90884285761e-19,6.8723271645e-19,8.97581334102e-19,1.26773979853e-18,1.58016839744e-18,3.35453708921e-18,3.52615680039e-18,3.06678969863e-18,3.56129088332e-18,4.92112783388e-18,5.53766607626e-18,7.96983639829e-18,7.78822310454e-18,7.13438811552e-18,9.73887711634e-18,1.14079977251e-17,1.15794639943e-17,1.14405820238e-17,1.04713538206e-17,9.39343573919e-18,9.74742106489e-18,8.96575192964e-18,7.43912228036e-18,4.53809812892e-18,2.33479213878e-18,9.99230974639e-19,2.59966245365e-19,2.83283542717e-20],"var":[0.0465680100024,1.36266720295,4.92192029953,15.619477272,306.35546875,2061.31225586,1071.21801758,4277.57470703,3458.63012695,29296.7070312,4893.09033203,5852.29736328,5226.96582031,2265.578125,710.093566895,369.821502686,601.543395996,270.957214355,138.023727417,363.695037842,341.817108154,159.287017822,91.3318862915,101.649635315,41.1633262634,23.3422260284,6.73522424698,1.17809832096,0.671567261219,0.221476092935,0.0398062542081,0.0286192446947,0.00957669969648,0.000821914756671,0.000241951667704,4.30249310739e-05,3.63057756658e-06,5.29999169885e-07,1.96759302185e-08,6.70102529021e-10]},"erbbands_crest":{"dmean":2.58600234985,"dmean2":4.00563049316,"dvar":5.43337345123,"dvar2":12.8625078201,"max":32.6117401123,"mean":13.0653791428,"median":11.7740802765,"min":2.72399067879,"var":33.6539878845},"erbbands_flatness_db":{"dmean":0.0135540459305,"dmean2":0.0200010687113,"dvar":0.000153755594511,"dvar2":0.000372593844077,"max":0.463472992182,"mean":0.239409178495,"median":0.233393609524,"min":0.0668586120009,"var":0.00225056824274},"erbbands_kurtosis":{"dmean":1.37967538834,"dmean2":2.12452840805,"dvar":5.46823120117,"dvar2":13.047586441,"max":76.0508346558,"mean":2.16580033302,"median":0.785551309586,"min":-1.79029011726,"var":22.9948863983},"erbbands_skewness":{"dmean":0.366343468428,"dmean2":0.552600264549,"dvar":0.108971849084,"dvar2":0.249801069498,"max":6.9761505127,"mean":1.01071846485,"median":0.91333937645,"min":-1.76176536083,"var":0.850357294083},"erbbands_spread":{"dmean":3.55956602097,"dmean2":5.45872545242,"dvar":12.2323198318,"dvar2":29.9845199585,"max":121.191200256,"mean":20.6029033661,"median":19.2934741974,"min":1.15968203545,"var":125.297721863},"gfcc":{"cov":[[24218.0058594,3130.7109375,-2864.59985352,1545.31335449,-486.835693359,-351.695617676,-328.420806885,-8.52083015442,-350.892730713,-464.194946289,-630.098083496,-515.835754395,-73.6571044922],[3130.7109375,2944.10864258,539.844970703,162.244674683,504.585296631,-129.762481689,122.996627808,-248.646514893,-48.1034812927,-332.062255859,42.0652770996,-200.740921021,157.430404663],[-2864.59985352,539.844970703,1000.78900146,-60.9551239014,307.998718262,2.57561898232,73.9440536499,-143.922988892,3.59566307068,-89.813369751,69.1021728516,-28.0119972229,41.6052398682],[1545.31335449,162.244674683,-60.9551239014,374.899383545,101.736091614,8.31447982788,-13.9221696854,-37.8370857239,-64.2306900024,-82.3628845215,-96.7121276855,-86.3772506714,-26.977022171],[-486.835693359,504.585296631,307.998718262,101.736091614,335.490753174,109.718482971,122.461013794,-3.38511276245,43.9131546021,-38.9569854736,40.7629470825,-20.2700595856,47.204914093],[-351.695617676,-129.762481689,2.57561898232,8.31447982788,109.718482971,257.223693848,173.888427734,167.06552124,118.996932983,106.139717102,47.0366287231,51.4876708984,10.149315834],[-328.420806885,122.996627808,73.9440536499,-13.9221696854,122.461013794,173.888427734,254.406845093,166.28036499,145.601119995,80.0918121338,71.8318939209,33.8879318237,38.3158798218],[-8.52083015442,-248.646514893,-143.922988892,-37.8370857239,-3.38511276245,167.06552124,166.28036499,283.579986572,200.775436401,160.799209595,60.1230125427,59.0849761963,1.17881071568],[-350.892730713,-48.1034812927,3.59566307068,-64.2306900024,43.9131546021,118.996932983,145.601119995,200.775436401,246.057144165,172.317108154,101.342483521,50.9659194946,15.8458433151],[-464.194946289,-332.062255859,-89.813369751,-82.3628845215,-38.9569854736,106.139717102,80.0918121338,160.799209595,172.317108154,240.104156494,141.605148315,88.0534057617,-16.0123710632],[-630.098083496,42.0652770996,69.1021728516,-96.7121276855,40.7629470825,47.0366287231,71.8318939209,60.1230125427,101.342483521,141.605148315,199.967529297,109.863014221,29.7311782837],[-515.835754395,-200.740921021,-28.0119972229,-86.3772506714,-20.2700595856,51.4876708984,33.8879318237,59.0849761963,50.9659194946,88.0534057617,109.863014221,157.229248047,65.5050964355],[-73.6571044922,157.430404663,41.6052398682,-26.977022171,47.204914093,10.149315834,38.3158798218,1.17881071568,15.8458433151,-16.0123710632,29.7311782837,65.5050964355,128.795410156]],"icov":[[0.000331624789396,-0.000749807339162,0.00080159434583,-0.00119670853019,0.00100950512569,-0.000229417390074,0.000275045342278,-0.000322196690831,0.000150256528286,-0.000426601123763,0.000637361896224,-0.000444092496764,0.000172986256075],[-0.000749807339162,0.00261597661301,-0.00157546112314,0.00267347786576,-0.00293385051191,0.000744939025026,-0.00088297307957,0.00121353892609,-0.00131103000604,0.00305343070067,-0.00366453430615,0.00306431925856,-0.00146100437269],[0.00080159434583,-0.00157546112314,0.00391486939043,-0.00205079116859,0.000531678088009,-0.000248411583016,-7.15542682883e-06,0.00107947830111,-0.000928548921365,0.000125265476527,0.000808030890767,-0.000743971380871,0.000828600663226],[-0.00119670853019,0.00267347786576,-0.00205079116859,0.00850296486169,-0.00637122103944,0.0013150969753,-0.000992959598079,0.000978575088084,0.000692240952048,0.00052440399304,-0.000340610364219,0.00210936600342,-5.01530439578e-06],[0.00100950512569,-0.00293385051191,0.000531678088009,-0.00637122103944,0.0129782920703,-0.0061418605037,0.000930315640289,0.000400659861043,-0.00192461081315,0.00238682655618,-0.00206049880944,0.000749239407014,-0.00126779696438],[-0.000229417390074,0.000744939025026,-0.000248411583016,0.0013150969753,-0.0061418605037,0.0131590031087,-0.00606596469879,-0.00302561698481,0.0035748956725,-0.00590258557349,0.00556157389656,-0.00441403221339,0.00214779935777],[0.000275045342278,-0.00088297307957,-7.15542682883e-06,-0.000992959598079,0.000930315640289,-0.00606596469879,0.0129401823506,-0.00544449966401,-0.00164788519032,0.00338266417384,-0.00414649071172,0.00325678591616,-0.00270777870901],[-0.000322196690831,0.00121353892609,0.00107947830111,0.000978575088084,0.000400659861043,-0.00302561698481,-0.00544449966401,0.0172031894326,-0.0103414645419,0.000680267694406,0.00190178141929,-0.00210552872159,0.00173124170396],[0.000150256528286,-0.00131103000604,-0.000928548921365,0.000692240952048,-0.00192461081315,0.0035748956725,-0.00164788519032,-0.0103414645419,0.0196865368634,-0.0127769010141,0.00341141084209,0.00118879240472,-0.00226068473421],[-0.000426601123763,0.00305343070067,0.000125265476527,0.00052440399304,0.00238682655618,-0.00590258557349,0.00338266417384,0.000680267694406,-0.0127769010141,0.0272685009986,-0.0180950146168,0.00506532518193,0.00123382755555],[0.000637361896224,-0.00366453430615,0.000808030890767,-0.000340610364219,-0.00206049880944,0.00556157389656,-0.00414649071172,0.00190178141929,0.00341141084209,-0.0180950146168,0.0266727376729,-0.0164812859148,0.00560033973306],[-0.000444092496764,0.00306431925856,-0.000743971380871,0.00210936600342,0.000749239407014,-0.00441403221339,0.00325678591616,-0.00210552872159,0.00118879240472,0.00506532518193,-0.0164812859148,0.0250321105123,-0.0126370601356],[0.000172986256075,-0.00146100437269,0.000828600663226,-5.01530439578e-06,-0.00126779696438,0.00214779935777,-0.00270777870901,0.00173124170396,-0.00226068473421,0.00123382755555,0.00560033973306,-0.0126370601356,0.0160313360393]],"mean":[-103.024879456,137.097106934,-133.33744812,4.14908790588,-55.6304664612,-11.414978981,-26.6883201599,8.11250686646,-11.956993103,5.36942386627,-3.2231388092,3.17827320099,0.116876274347]},"hfc":{"dmean":2.01392173767,"dmean2":2.98728060722,"dvar":6.31629657745,"dvar2":14.6474981308,"max":54.8401412964,"mean":10.5055408478,"median":8.26760005951,"min":1.03248095106e-16,"var":74.8941726685},"melbands":{"dmean":[0.000445322453743,0.000204013893381,0.000212183193071,0.000408471591072,0.000290627212962,0.000300880405121,0.000240693145315,0.000192036139197,9.6220181149e-05,7.84420699347e-05,6.80698576616e-05,5.02302791574e-05,3.73572183889e-05,1.25283368106e-05,1.48788021761e-05,1.29673671836e-05,1.02698213595e-05,6.94337859386e-06,7.25109930499e-06,6.77404204907e-06,8.08222921478e-06,4.59870216218e-06,4.56315547126e-06,3.02940179608e-06,2.10276925827e-06,1.69746169831e-06,9.0844235956e-07,9.78206458058e-07,5.43124428987e-07,3.13530847507e-07,1.56107830662e-07,1.04671372014e-07,1.14199096402e-07,4.26748307802e-08,3.45888757636e-08,1.90977953451e-08,1.59872577399e-08,1.18696164009e-08,8.5982048148e-09,4.83030859755e-09],"dmean2":[0.000757603615057,0.000316983525408,0.000343468389474,0.000663682352751,0.000441624142695,0.000484113785205,0.000349825888406,0.000245484552579,0.000132032553665,0.000106353567389,9.80691838777e-05,7.24813580746e-05,5.62184977753e-05,1.9583168978e-05,2.36204086832e-05,2.11793048948e-05,1.71635729203e-05,1.14328977361e-05,1.22236997413e-05,1.13500655061e-05,1.363489082e-05,7.60398597777e-06,7.60623697715e-06,5.2157056416e-06,3.49548895429e-06,2.85717305815e-06,1.54587780798e-06,1.6365669353e-06,9.21629236927e-07,5.30955389877e-07,2.66260400394e-07,1.74036529188e-07,1.89949759033e-07,7.13088610382e-08,5.73918335078e-08,3.19420934147e-08,2.72769522525e-08,2.07236663385e-08,1.41429401523e-08,8.04547273248e-09],"dvar":[8.17134832687e-07,1.36747488e-07,2.46730479603e-07,1.09336906462e-06,4.84488225538e-07,4.71783380362e-07,1.96239938077e-07,2.05979972634e-07,3.76898370291e-08,2.95454380961e-08,4.17244301332e-08,8.51403658686e-09,6.92521417989e-09,7.31330496162e-10,8.94080476321e-10,8.23777379644e-10,5.24552790093e-10,2.15833129147e-10,1.88809148871e-10,2.18516149619e-10,3.74306530215e-10,1.18454052123e-10,1.44837530858e-10,4.62176026617e-11,4.75013604839e-11,1.6398155403e-11,3.05099934032e-12,4.4245635801e-12,2.01565587138e-12,2.26945719162e-12,1.40907766141e-13,1.44277995042e-13,9.92958089341e-14,2.40050204513e-14,6.70890201235e-15,5.20534272153e-15,9.75907062003e-15,1.41710170616e-14,5.22985723145e-16,1.90711109201e-16],"dvar2":[2.80874974123e-06,3.19687444517e-07,5.57173848392e-07,2.87853777081e-06,1.20527067793e-06,1.27308805986e-06,4.78735216802e-07,3.25611949847e-07,6.75741560485e-08,4.76267096872e-08,7.65949721426e-08,1.82818240546e-08,1.52976493695e-08,1.71216008038e-09,2.10346673413e-09,2.17391393775e-09,1.42966405381e-09,5.90935911315e-10,5.36176936183e-10,6.00781258076e-10,1.04463604433e-09,2.96659780075e-10,3.96487814802e-10,1.32446109635e-10,1.29463009757e-10,4.33703489788e-11,8.69864423547e-12,1.2104074687e-11,5.60626631924e-12,6.03010523459e-12,3.94116461471e-13,3.5036809066e-13,2.60343938248e-13,6.60851717316e-14,1.68632265812e-14,1.38677750313e-14,2.67902900927e-14,4.13495633404e-14,1.38642681032e-15,5.12940971182e-16],"max":[0.0114266034216,0.00777898775414,0.0163630265743,0.0207499526441,0.0136908181012,0.0186491925269,0.0120947072282,0.0205350574106,0.00821236800402,0.00693862186745,0.00634351978078,0.00377874122933,0.00139269011561,0.000875722558703,0.000803200295195,0.00065075000748,0.000523671740666,0.000295994715998,0.000300152198179,0.000435440888396,0.000467326841317,0.00025667285081,0.000266957387794,0.000140067350003,0.000244575727265,0.000102374127891,3.53379145963e-05,4.62405259896e-05,3.32833078573e-05,8.51887525641e-05,1.0352748177e-05,2.19021530938e-05,7.36936181056e-06,7.10311496732e-06,2.3555298867e-06,3.6125072711e-06,5.84684994465e-06,6.84901124259e-06,6.54999610106e-07,4.83786379846e-07],"mean":[0.00108387088403,0.000665826373734,0.000450693827588,0.000917352037504,0.000706879654899,0.000714636174962,0.000656819029246,0.000639312202111,0.000264955393504,0.000198875713977,0.000150460153236,0.000114509901323,6.25424872851e-05,2.30564637604e-05,2.703253449e-05,2.22535236389e-05,1.63597032952e-05,1.16643359434e-05,1.18363814181e-05,1.08116310003e-05,1.32082877826e-05,8.08614913694e-06,7.33790193408e-06,4.88159912493e-06,3.65948494618e-06,3.05927892441e-06,1.73742080278e-06,1.93758660316e-06,1.00303441286e-06,5.64583785945e-07,3.05667867906e-07,2.25269559451e-07,2.29106746019e-07,8.98782062109e-08,7.30339024813e-08,3.9701657073e-08,3.19393080872e-08,2.24554721484e-08,2.1425142549e-08,1.22610597231e-08],"median":[0.000302110478515,0.000125487393234,0.000101338409877,0.000157675676746,0.000180661299964,0.000222415896133,0.000257350009633,0.000136039423523,8.97485369933e-05,6.83605612721e-05,4.29958563473e-05,4.41678967036e-05,1.94828826352e-05,9.12437008083e-06,1.12772604552e-05,9.13987150852e-06,5.6362819123e-06,4.65408129458e-06,5.42011002835e-06,3.86077863368e-06,4.10271422879e-06,2.66399547399e-06,1.71158774265e-06,1.73078035459e-06,1.0942087556e-06,9.4975587217e-07,8.08282834441e-07,5.53850725282e-07,3.00487954519e-07,1.46912071841e-07,1.16309514908e-07,8.1910428662e-08,5.99441918325e-08,2.96773574604e-08,2.50021336967e-08,1.72968146472e-08,1.3069162641e-08,8.54471426948e-09,7.75608466341e-09,4.8610919734e-09],"min":[5.70141034817e-25,1.21666855577e-24,1.90733530956e-24,1.94092185146e-24,1.78508435179e-24,1.22931547519e-24,1.68112392296e-24,1.36197752337e-24,1.59360118603e-24,3.28374100028e-24,2.06204572422e-24,2.77732523407e-24,3.0578692183e-24,2.84619160781e-24,3.19058993801e-24,2.61746789644e-24,6.03194484239e-24,5.14151730676e-24,3.81223225006e-24,4.0055583921e-24,3.49981177716e-24,5.06865022495e-24,4.63501259649e-24,4.97346508483e-24,5.20772009165e-24,5.34132709658e-24,5.25609816995e-24,4.36424989583e-24,5.41777994564e-24,5.40621011718e-24,5.39352957256e-24,5.24104078743e-24,4.08628686727e-24,5.92443098962e-24,5.42179761423e-24,4.76748324729e-24,5.7065334081e-24,5.88841593942e-24,5.3368562274e-24,6.62636770612e-24],"var":[2.8381998618e-06,1.36435505738e-06,1.27895179958e-06,3.96318455387e-06,1.88791636901e-06,1.94318113245e-06,9.37667778089e-07,2.44396574089e-06,3.13046797373e-07,1.79128718969e-07,1.30601748083e-07,4.26439186185e-08,1.54989105994e-08,1.89287785446e-09,2.17664108959e-09,1.74157666066e-09,1.00265917791e-09,4.45227521517e-10,3.22548598941e-10,3.92990529008e-10,6.89881818339e-10,2.79643891377e-10,2.70582528605e-10,7.4614626977e-11,8.89376836066e-11,3.52133808224e-11,7.06384690324e-12,1.42480740747e-11,4.33949187348e-12,3.17651330586e-12,3.01456288317e-13,2.65414426548e-13,2.89288314441e-13,4.51850708271e-14,1.87843040818e-14,6.68645225112e-15,8.72170174623e-15,9.36907124013e-15,1.79201170233e-15,4.51351564461e-16]},"melbands_crest":{"dmean":2.57398033142,"dmean2":4.04974889755,"dvar":5.24729156494,"dvar2":12.9848480225,"max":34.2982940674,"mean":14.6517648697,"median":13.8003082275,"min":1.44148051739,"var":29.46002388},"melbands_flatness_db":{"dmean":0.0160250421613,"dmean2":0.0238949097693,"dvar":0.000211479069549,"dvar2":0.000510002952069,"max":0.555742263794,"mean":0.278955668211,"median":0.271771937609,"min":0.00312378676608,"var":0.00659486185759},"melbands_kurtosis":{"dmean":2.89024186134,"dmean2":4.4999833107,"dvar":21.0275821686,"dvar2":50.4770469666,"max":109.928901672,"mean":6.92004537582,"median":4.12065172195,"min":-1.6517765522,"var":95.5103683472},"melbands_skewness":{"dmean":0.420431435108,"dmean2":0.654448866844,"dvar":0.173038750887,"dvar2":0.430717200041,"max":8.93665599823,"mean":1.56048345566,"median":1.42476642132,"min":-1.86002266407,"var":1.31707811356},"melbands_spread":{"dmean":3.14870071411,"dmean2":4.84350156784,"dvar":18.34283638,"dvar2":44.3089752197,"max":165.970184326,"mean":16.2863388062,"median":12.6047344208,"min":0.570962667465,"var":250.813842773},"mfcc":{"cov":[[10730.7714844,2038.62353516,-981.805603027,738.968933105,-151.719955444,-62.9936332703,-178.890991211,24.9906196594,90.3098754883,106.899291992,-174.521362305,-182.451660156,-74.8112487793],[2038.62353516,2942.89599609,357.045776367,421.555175781,317.332458496,107.326858521,182.139877319,50.7510032654,0.0934695377946,-69.8903045654,-237.390106201,-129.813476562,76.9555587769],[-981.805603027,357.045776367,439.092041016,70.6496276855,144.378036499,64.5678634644,69.6898956299,3.30725693703,-17.8720836639,-46.5351676941,-50.925868988,-4.85760784149,30.6991729736],[738.968933105,421.555175781,70.6496276855,288.356811523,140.19203186,63.3003120422,42.835899353,1.15646600723,-20.5964813232,-29.9572429657,-78.2115020752,-58.6837615967,-26.4988040924],[-151.719955444,317.332458496,144.378036499,140.19203186,218.452667236,102.032814026,71.1197433472,24.6213626862,0.0649255141616,-14.8599328995,-46.7620849609,-28.4199676514,-2.19539904594],[-62.9936332703,107.326858521,64.5678634644,63.3003120422,102.032814026,155.53163147,103.162315369,50.2701568604,32.9392433167,22.4695796967,9.81362247467,16.3887996674,18.1823978424],[-178.890991211,182.139877319,69.6898956299,42.835899353,71.1197433472,103.162315369,167.997802734,91.4141235352,48.5292816162,31.6434116364,20.6884384155,28.3186302185,19.034154892],[24.9906196594,50.7510032654,3.30725693703,1.15646600723,24.6213626862,50.2701568604,91.4141235352,158.734603882,117.012786865,80.7710800171,59.4893836975,39.1346282959,36.5514755249],[90.3098754883,0.0934695377946,-17.8720836639,-20.5964813232,0.0649255141616,32.9392433167,48.5292816162,117.012786865,185.883148193,129.389648438,62.6771850586,31.893705368,40.2596817017],[106.899291992,-69.8903045654,-46.5351676941,-29.9572429657,-14.8599328995,22.4695796967,31.6434116364,80.7710800171,129.389648438,204.114181519,152.424926758,74.9817733765,48.2902488708],[-174.521362305,-237.390106201,-50.925868988,-78.2115020752,-46.7620849609,9.81362247467,20.6884384155,59.4893836975,62.6771850586,152.424926758,252.769592285,154.185699463,44.407497406],[-182.451660156,-129.813476562,-4.85760784149,-58.6837615967,-28.4199676514,16.3887996674,28.3186302185,39.1346282959,31.893705368,74.9817733765,154.185699463,187.090789795,96.5213699341],[-74.8112487793,76.9555587769,30.6991729736,-26.4988040924,-2.19539904594,18.1823978424,19.034154892,36.5514755249,40.2596817017,48.2902488708,44.407497406,96.5213699341,187.243743896]],"icov":[[0.00029197576805,-0.000259788357653,0.000732236600015,-0.000876073958352,0.000674153270666,-0.000423321005655,0.000674242910463,-0.000269527488854,-1.71335668711e-05,-0.000219549285248,0.00023873031023,-0.000233850689256,0.000136711241794],[-0.000259788357653,0.000757057627197,-0.000836272141896,0.000227655225899,-0.000870079325978,0.000887786678504,-0.00118762266356,0.000310989737045,1.07750183815e-05,5.79943844059e-05,5.49727919861e-05,0.000432049448136,-0.000535029917955],[0.000732236600015,-0.000836272141896,0.00509185437113,-0.0016697285464,-0.000498985580634,-0.000597272475716,0.000643701117951,0.000166049168911,-0.000480231217807,0.00041784212226,0.000426213227911,-0.000746248406358,-0.000201477305382],[-0.000876073958352,0.000227655225899,-0.0016697285464,0.00870662275702,-0.00501496437937,0.00053097581258,-0.00166567298584,0.000510774203576,0.00113349710591,-0.00036545295734,0.000502392591443,0.000652437156532,0.000416650436819],[0.000674153270666,-0.000870079325978,-0.000498985580634,-0.00501496437937,0.0123040312901,-0.00617289217189,0.00247606332414,-0.00184988218825,0.000983600737527,-0.00122095621191,0.0012145480141,-0.000182470583241,0.000761542469263],[-0.000423321005655,0.000887786678504,-0.000597272475716,0.00053097581258,-0.00617289217189,0.0151951014996,-0.00881430506706,0.00247643236071,-0.00170870916918,0.000784769363236,-0.00111712678336,0.000475632026792,-0.00131148588844],[0.000674242910463,-0.00118762266356,0.000643701117951,-0.00166567298584,0.00247606332414,-0.00881430506706,0.0167064704001,-0.00861755944788,0.00255796941929,-0.00151698337868,0.00211080559529,-0.002916197991,0.00212899013422],[-0.000269527488854,0.000310989737045,0.000166049168911,0.000510774203576,-0.00184988218825,0.00247643236071,-0.00861755944788,0.017980189994,-0.0102416658774,0.00330287450925,-0.00376683590002,0.00153157394379,-0.00163234409411],[-1.71335668711e-05,1.07750183815e-05,-0.000480231217807,0.00113349710591,0.000983600737527,-0.00170870916918,0.00255796941929,-0.0102416658774,0.0172895696014,-0.0107405586168,0.00534421997145,-0.000848369731102,0.000366950203897],[-0.000219549285248,5.79943844059e-05,0.00041784212226,-0.00036545295734,-0.00122095621191,0.000784769363236,-0.00151698337868,0.00330287450925,-0.0107405586168,0.0184431280941,-0.0118540711701,0.0046956804581,-0.00286917365156],[0.00023873031023,5.49727919861e-05,0.000426213227911,0.000502392591443,0.0012145480141,-0.00111712678336,0.00211080559529,-0.00376683590002,0.00534421997145,-0.0118540711701,0.0176643133163,-0.0118799973279,0.00456019118428],[-0.000233850689256,0.000432049448136,-0.000746248406358,0.000652437156532,-0.000182470583241,0.000475632026792,-0.002916197991,0.00153157394379,-0.000848369731102,0.0046956804581,-0.0118799973279,0.0174908712506,-0.00733455875888],[0.000136711241794,-0.000535029917955,-0.000201477305382,0.000416650436819,0.000761542469263,-0.00131148588844,0.00212899013422,-0.00163234409411,0.000366950203897,-0.00286917365156,0.00456019118428,-0.00733455875888,0.00930605549365]],"mean":[-734.858093262,169.856338501,-21.2214374542,18.7882404327,-11.5848464966,-11.0717811584,-7.67891025543,-2.48250341415,-0.967487215996,2.98904943466,0.484061807394,2.57786011696,4.26590967178]},"pitch_salience":{"dmean":0.0519087873399,"dmean2":0.0831924602389,"dvar":0.00199645245448,"dvar2":0.00529795046896,"max":0.842540025711,"mean":0.507919490337,"median":0.501096189022,"min":0.162200450897,"var":0.0126483086497},"silence_rate_20dB":{"dmean":0,"dmean2":0,"dvar":0,"dvar2":0,"max":1,"mean":1,"median":1,"min":1,"var":0},"silence_rate_30dB":{"dmean":0.00677048088983,"dmean2":0.0135432537645,"dvar":0.00672462489456,"dvar2":0.0157298464328,"max":1,"mean":0.989507555962,"median":1,"min":0,"var":0.0103824958205},"silence_rate_60dB":{"dmean":0.012863913551,"dmean2":0.0257321819663,"dvar":0.012698892504,"dvar2":0.0298066716641,"max":1,"mean":0.114570990205,"median":0,"min":0,"var":0.101442947984},"spectral_centroid":{"dmean":111.352470398,"dmean2":172.14276123,"dvar":32188.5449219,"dvar2":61502.796875,"max":11633.0839844,"mean":960.013549805,"median":718.41229248,"min":248.905410767,"var":1044738.5},"spectral_complexity":{"dmean":1.52809751034,"dmean2":2.58879303932,"dvar":1.92250180244,"dvar2":5.18766641617,"max":28,"mean":12.0033845901,"median":12,"min":0,"var":30.557636261},"spectral_contrast_coeffs":{"dmean":[0.0438494049013,0.0388599969447,0.0323777198792,0.0270237140357,0.0195364020765,0.0129110068083],"dmean2":[0.0733425989747,0.0626004785299,0.0513858869672,0.0450273454189,0.0328431800008,0.0218436233699],"dvar":[0.00126625096891,0.00102623132989,0.000649215420708,0.000467620964628,0.000245489354711,0.000113884387247],"dvar2":[0.00352487480268,0.00271950685419,0.00167623430025,0.00126856390852,0.00066968583269,0.00031770428177],"max":[-0.287672370672,-0.408810049295,-0.42156869173,-0.5200548172,-0.536187112331,-0.565442860126],"mean":[-0.651334524155,-0.671468496323,-0.695644438267,-0.734875440598,-0.738495707512,-0.762037277222],"median":[-0.647978782654,-0.675252735615,-0.700740158558,-0.740582764149,-0.737604618073,-0.755618453026],"min":[-0.974173247814,-0.9752420187,-0.977201879025,-0.97022664547,-0.968355357647,-0.965147972107],"var":[0.0157119948417,0.00696790777147,0.0068592550233,0.00567695498466,0.00529731158167,0.00275783729739]},"spectral_contrast_valleys":{"dmean":[0.346371531487,0.275405019522,0.245558053255,0.19488029182,0.13893891871,0.123362258077],"dmean2":[0.583873927593,0.457782715559,0.414789259434,0.327691286802,0.232106730342,0.20604121685],"dvar":[0.0933623090386,0.0818916782737,0.0681775957346,0.0580380856991,0.0523984134197,0.0555116720498],"dvar2":[0.231198593974,0.169923141599,0.134957462549,0.106026701629,0.0842519104481,0.102307960391],"max":[-5.50715065002,-4.79590368271,-5.87349700928,-6.95914840698,-7.37945318222,-9.93940639496],"mean":[-8.43480587006,-7.20041942596,-8.25748634338,-9.06305885315,-9.26091098785,-12.306145668],"median":[-8.0703792572,-6.68481969833,-7.76716566086,-8.68023681641,-8.88770866394,-11.9666805267],"min":[-28.2130317688,-28.1422405243,-27.7432842255,-27.611158371,-27.5419101715,-27.4170913696],"var":[5.94833183289,5.53389978409,4.97727060318,4.43694829941,3.9795525074,2.52634477615]},"spectral_decrease":{"dmean":1.20107923607e-09,"dmean2":1.80779125003e-09,"dvar":3.09481561176e-18,"dvar2":7.9792224167e-18,"max":3.93342592477e-16,"mean":-5.84374904022e-09,"median":-4.04588540448e-09,"min":-4.18219947562e-08,"var":3.44555135842e-17},"spectral_energy":{"dmean":0.00469053443521,"dmean2":0.00705190096051,"dvar":4.64294716949e-05,"dvar2":0.000119281554362,"max":0.161390915513,"mean":0.0230085160583,"median":0.0160926580429,"min":9.96915327751e-21,"var":0.000520533300005},"spectral_energyband_high":{"dmean":2.45898827416e-05,"dmean2":4.07736697525e-05,"dvar":3.16345438733e-09,"dvar2":8.41449931954e-09,"max":0.00175085978117,"mean":7.01354510966e-05,"median":3.09658717015e-05,"min":7.27093050904e-21,"var":1.16789742322e-08},"spectral_energyband_low":{"dmean":0.0016501621576,"dmean2":0.00274993758649,"dvar":8.85328518052e-06,"dvar2":2.88635383185e-05,"max":0.0451192930341,"mean":0.00503591448069,"median":0.00184937706217,"min":1.41482739777e-23,"var":5.10492463945e-05},"spectral_energyband_middle_high":{"dmean":0.000752012128942,"dmean2":0.00112956925295,"dvar":1.16332068956e-06,"dvar2":2.52089307651e-06,"max":0.0273070633411,"mean":0.00259519624524,"median":0.00188645499293,"min":1.32272612004e-21,"var":6.67874064675e-06},"spectral_energyband_middle_low":{"dmean":0.00409920047969,"dmean2":0.00605859421194,"dvar":3.98851734644e-05,"dvar2":9.84776270343e-05,"max":0.125318095088,"mean":0.0158375333995,"median":0.00966218579561,"min":1.83870817367e-22,"var":0.000303838081891},"spectral_entropy":{"dmean":0.118952259421,"dmean2":0.178527787328,"dvar":0.0123792663217,"dvar2":0.0298218596727,"max":9.82584762573,"mean":6.6666226387,"median":6.73824357986,"min":4.64287662506,"var":0.292279571295},"spectral_flux":{"dmean":0.0106894942001,"dmean2":0.0179784484208,"dvar":0.000144794234075,"dvar2":0.000407863786677,"max":0.222560316324,"mean":0.049645498395,"median":0.0449476093054,"min":6.35455785214e-11,"var":0.000944560568314},"spectral_kurtosis":{"dmean":5.17022037506,"dmean2":9.19599342346,"dvar":44.4079055786,"dvar2":134.767318726,"max":122.785171509,"mean":13.8486013412,"median":9.4707660675,"min":-1.26986718178,"var":161.331375122},"spectral_rms":{"dmean":0.000436691305367,"dmean2":0.000647132052109,"dvar":2.12418768797e-07,"dvar2":5.48353170871e-07,"max":0.0125480890274,"mean":0.00416761217639,"median":0.00396234216169,"min":3.11865398957e-12,"var":5.07832237417e-06},"spectral_rolloff":{"dmean":180.991500854,"dmean2":311.38470459,"dvar":217075.734375,"dvar2":444376.46875,"max":21231.7382812,"mean":1223.18908691,"median":753.662109375,"min":64.599609375,"var":6096871.5},"spectral_skewness":{"dmean":0.403648972511,"dmean2":0.708927690983,"dvar":0.183339893818,"dvar2":0.562041699886,"max":9.32888126373,"mean":2.47785115242,"median":2.19419980049,"min":-0.0681209489703,"var":1.13238227367},"spectral_spread":{"dmean":245626.21875,"dmean2":412955.5625,"dvar":360712896512,"dvar2":740165091328,"max":42701676,"mean":3073832.5,"median":2581471.75,"min":811000.25,"var":13310971871200.0},"spectral_strongpeak":{"dmean":0.396171361208,"dmean2":0.654520332813,"dvar":0.300694108009,"dvar2":0.712860286236,"max":6.02400875092,"mean":1.05259609222,"median":0.792876124382,"min":0,"var":0.920785963535},"zerocrossingrate":{"dmean":0.00405526347458,"dmean2":0.00509145017713,"dvar":5.4501946579e-05,"dvar2":6.05628083576e-05,"max":0.74462890625,"mean":0.0443505458534,"median":0.03125,"min":0.005859375,"var":0.00460785906762}},"metadata":{"audio_properties":{"analysis_sample_rate":44100,"bit_rate":239467,"codec":"mp3","downmix":"mix","equal_loudness":0,"length":137.16897583,"lossless":false,"md5_encoded":"2f8db3cf331b6f388c43bd9e9fa51649","replay_gain":-6.72725296021,"sample_rate":44100},"tags":{"acoustid_id":["fb967723-a662-410a-ae58-33e073af0c52"],"album":["Journey"],"albumartist":["Austin Wintory"],"albumartistsort":["Wintory, Austin"],"artist":["Austin Wintory"],"artistsort":["Wintory, Austin"],"artistwebpage":["http://austinwintory.com/"],"date":["2012"],"discnumber":["1/1"],"file_name":"15 Reclamation.mp3","media":["Digital Media"],"musicbrainz album release country":["XW"],"musicbrainz album status":["official"],"musicbrainz album type":["album/soundtrack"],"musicbrainz_albumartistid":["78f15956-c5e1-46d6-a46b-fa6f46681ec8"],"musicbrainz_albumid":["1f3abcda-15a7-4465-92c6-9926cdc4f247"],"musicbrainz_artistid":["78f15956-c5e1-46d6-a46b-fa6f46681ec8"],"musicbrainz_recordingid":["c83f6258-7e22-4245-987d-9f04e39cbf9f"],"musicbrainz_releasegroupid":["d1850227-c7c7-42c8-b469-6e99023412de"],"originaldate":["2012"],"script":["Latn"],"title":["Reclamation"],"tracknumber":["15/18"]},"version":{"essentia":"2.1-beta2","essentia_build_sha":"26c37b627ab5a2028d412893e0969599b764ad4d","essentia_git_sha":"v2.1_beta2","extractor":"music 1.0"}},"rhythm":{"beats_count":251,"beats_loudness":{"dmean":0.0117071224377,"dmean2":0.0189618095756,"dvar":0.000152445805725,"dvar2":0.000401425611926,"max":0.127506241202,"mean":0.027757300064,"median":0.0202735438943,"min":0,"var":0.000658703618683},"beats_loudness_band_ratio":{"dmean":[0.143120661378,0.160379171371,0.144611850381,0.0706396922469,0.0252960454673,0.0135386222973],"dmean2":[0.247608214617,0.276460528374,0.249222546816,0.122648507357,0.0450239405036,0.0182188283652],"dvar":[0.0188842229545,0.0211938470602,0.0184657741338,0.00554650137201,0.00226632971317,0.00