{"lowlevel":{"average_loudness":0.0163511484861,"barkbands":{"dmean":[0.000201076676603,0.00173861475196,0.00135660055093,0.000859636347741,0.00234807725064,0.000733033113647,0.000387187115848,0.000293211516691,0.000139044059324,0.000114732116344,0.000138102390338,6.06330650044e-05,6.35294854874e-05,7.80058689998e-05,7.13083863957e-05,5.01765316585e-05,3.50233822246e-05,2.06536733458e-05,1.40128340718e-05,8.61331682245e-06,6.6419029281e-06,2.78056722891e-06,1.47101400216e-06,1.9335241177e-06,1.38712448461e-06,1.32385241614e-06,5.50475874661e-07],"dmean2":[0.000284806301352,0.00302385166287,0.00229277415201,0.00148493261077,0.00389935309067,0.00109624967445,0.000602986081503,0.000485161988763,0.000221043475904,0.000183102820301,0.000204905081773,9.76320079644e-05,9.27245564526e-05,0.000125849532196,0.000117921241326,8.40242864797e-05,5.79457046115e-05,3.30127622874e-05,2.30641144299e-05,1.40213269333e-05,1.07929054138e-05,4.47544880444e-06,2.35806692217e-06,3.08638186652e-06,1.91064532373e-06,2.21820391744e-06,8.73728765782e-07],"dvar":[2.83455193539e-07,2.12475151784e-05,1.92194675037e-05,5.95749634158e-06,2.84564339381e-05,3.06362517222e-06,1.4571671727e-06,8.97500797237e-07,2.61168906945e-07,1.7530682328e-07,2.80206620573e-07,5.74799798869e-08,5.26169401383e-08,8.81340156411e-08,6.99450808384e-08,4.05475617526e-08,1.85375963468e-08,6.62127996875e-09,3.00457947411e-09,1.15284148894e-09,8.45709446917e-10,1.5145787402e-10,6.27196072855e-11,2.17301412975e-10,1.44565276416e-10,1.94943242104e-10,3.01565508676e-11],"dvar2":[5.58009276119e-07,6.42810482532e-05,5.33191741852e-05,1.72897398443e-05,8.0205143604e-05,6.70981671647e-06,3.69130907529e-06,2.54819133261e-06,7.29848977699e-07,4.73477939522e-07,5.54190819457e-07,1.42671041203e-07,1.07013590878e-07,2.22721666887e-07,1.80822624429e-07,1.09098145629e-07,4.9560011206e-08,1.67480678215e-08,8.17864442837e-09,2.93563262588e-09,2.28578267425e-09,3.89980520099e-10,1.50547213584e-10,5.89351123459e-10,3.18139514732e-10,5.59512214338e-10,6.99246910374e-11],"max":[0.0152637613937,0.079923838377,0.144463256001,0.0597226396203,0.106367573142,0.0762234404683,0.0273024681956,0.021800044924,0.0170472245663,0.0117591377348,0.026692442596,0.00877965986729,0.0144363921136,0.0077374400571,0.00752330012619,0.00633810041472,0.00357985380106,0.00290788174607,0.00123025442008,0.00132028933149,0.00111433479469,0.000493876053952,0.000476961460663,0.00103025557473,0.000861986540258,0.00107499398291,0.000433914799942],"mean":[0.000413058063714,0.00261729070917,0.00190537783783,0.00129512290005,0.00521019333974,0.00172980967909,0.000785846496001,0.000500994210597,0.000281060842099,0.000254828628385,0.000248689990258,0.000114902744826,0.000172279629624,0.00013681013661,0.000132288769237,0.000103372571175,7.60206094128e-05,5.04763229401e-05,3.31667361024e-05,2.20826696022e-05,1.82516942004e-05,8.48733088787e-06,4.85397185912e-06,6.35887590761e-06,4.44660599896e-06,5.39795200893e-06,2.86675935968e-06],"median":[7.48090387788e-05,0.000658369041048,0.000456141715404,0.000399651238695,0.0016485467786,0.000397790776333,9.94606743916e-05,6.57645359752e-05,3.46673587046e-05,1.34565534609e-05,1.06627521745e-05,6.38037363387e-06,4.02995874538e-06,2.75805314232e-06,2.54181077253e-06,1.05761057512e-06,4.6739430104e-07,2.97617020806e-07,1.07692130769e-07,9.1978257899e-08,7.34528029511e-08,2.33736230371e-08,2.39740565178e-08,1.52802357434e-08,8.21191559197e-09,4.02343580674e-09,7.94847854202e-10],"min":[3.50927682612e-25,1.14045325245e-24,6.48205526706e-25,1.65174467209e-24,1.01189507564e-23,8.53521703698e-24,1.13178426275e-23,1.58269242301e-23,2.12529335727e-23,2.56044102327e-23,2.07857859218e-23,2.81217490005e-23,1.80748338666e-23,4.18052419101e-23,5.14786045841e-23,6.73163093873e-23,7.90336075114e-23,1.05378078136e-22,1.11164410741e-22,1.84560900265e-22,2.82275787931e-22,3.39063776661e-22,4.35949173929e-22,5.90134600075e-22,9.65727811575e-22,1.32714656838e-21,1.94571681468e-21],"var":[9.781413155e-07,3.36336997862e-05,2.7940623113e-05,8.7036187324e-06,8.29552373034e-05,1.74703473022e-05,4.33035575043e-06,1.76181549705e-06,7.64953711041e-07,6.4941087885e-07,9.48451656768e-07,1.49119600223e-07,6.11895529801e-07,2.24505541269e-07,1.64948630754e-07,1.15520023769e-07,6.05387739938e-08,2.74511080534e-08,1.190548371e-08,5.46917622302e-09,4.03313960007e-09,1.05323161304e-09,5.06372721532e-10,1.32003541431e-09,8.64241622711e-10,1.75579850659e-09,5.09185416053e-10]},"barkbands_crest":{"dmean":2.72381472588,"dmean2":4.56006669998,"dvar":5.35784006119,"dvar2":15.4592456818,"max":26.9410533905,"mean":13.0950479507,"median":12.4119491577,"min":3.16725158691,"var":21.4759140015},"barkbands_flatness_db":{"dmean":0.0213301908225,"dmean2":0.0342516973615,"dvar":0.000358305260306,"dvar2":0.000926903216168,"max":0.593450963497,"mean":0.323706030846,"median":0.353586047888,"min":0.0400757342577,"var":0.0121716475114},"barkbands_kurtosis":{"dmean":4.35727310181,"dmean2":6.90545558929,"dvar":199.806045532,"dvar2":468.698028564,"max":808.823181152,"mean":8.21594810486,"median":4.42763757706,"min":-1.75937759876,"var":407.853729248},"barkbands_skewness":{"dmean":0.53293889761,"dmean2":0.854086279869,"dvar":0.32717102766,"dvar2":0.800575733185,"max":19.4516601562,"mean":1.37994980812,"median":1.28227031231,"min":-7.0670542717,"var":1.73274254799},"barkbands_spread":{"dmean":1.32001435757,"dmean2":2.12749433517,"dvar":3.6800968647,"dvar2":9.45020484924,"max":112.385665894,"mean":5.51182842255,"median":2.92611956596,"min":0.0668037459254,"var":41.301738739},"dissonance":{"dmean":0.0422407910228,"dmean2":0.0717319175601,"dvar":0.00150479760487,"dvar2":0.00434647221118,"max":0.5,"mean":0.384079009295,"median":0.393466234207,"min":0.102762177587,"var":0.00542180612683},"dynamic_complexity":5.99448108673,"erbbands":{"dmean":[0.0667992159724,0.370918273926,1.30879449844,2.22136712074,4.30399465561,9.76022624969,10.0487232208,6.23813247681,4.82079410553,7.83893060684,5.6068816185,2.65078258514,3.63056588173,4.17951869965,4.40562963486,2.44031977654,2.3679151535,4.14044332504,3.24367117882,3.67453312874,2.94626069069,1.76483333111,1.00204491615,0.700976669788,0.700642585754,0.456575572491,0.368942588568,0.16062758863,0.0972931832075,0.0738846808672,0.0389419421554,0.0403288714588,0.0333724282682,0.0159794315696,0.0106795607135,0.00459201214835,0.00309080351144,0.000714754045475,0.000117893148854,8.66199752636e-06],"dmean2":[0.117224998772,0.648160755634,2.217004776,3.8371887207,7.2963886261,16.4554672241,16.3809356689,8.98567485809,7.60127019882,12.0303459167,9.30633449554,4.3309173584,5.84750270844,6.56708478928,6.55963850021,3.80292272568,3.4399728775,6.78535509109,5.3535194397,6.05236768723,4.90889406204,2.94341444969,1.60310959816,1.12574863434,1.14272284508,0.743499875069,0.605224788189,0.258769989014,0.156652897596,0.119798615575,0.062834084034,0.0661536157131,0.0537481717765,0.0223437547684,0.0162586476654,0.00751692103222,0.00531150354072,0.00120576284826,0.000196213761228,1.42782055264e-05],"dvar":[0.03074596636,1.06389021873,17.7563209534,36.5407943726,163.949996948,510.359680176,606.479919434,260.564819336,200.178710938,617.482788086,330.488037109,108.51688385,197.760055542,181.971252441,263.033996582,108.951530457,71.2422332764,275.257080078,171.181015015,215.138000488,144.041503906,43.6730155945,15.3181314468,7.33917427063,8.52519321442,3.18924808502,2.8324110508,0.489702135324,0.197634667158,0.123643942177,0.0486199222505,0.095905162394,0.0733034834266,0.0154527500272,0.00970718078315,0.00189677719027,0.00104781996924,6.46888147458e-05,1.41544012422e-06,2.54124055132e-09],"dvar2":[0.0952822342515,3.17660927773,50.7633018494,104.407524109,488.776275635,1446.34350586,1635.49194336,546.789550781,538.433410645,1478.46472168,950.922241211,306.601013184,536.007385254,487.399200439,526.741333008,261.385192871,132.419311523,715.26739502,468.214630127,548.965820312,383.440185547,116.47845459,39.0364494324,18.648651123,22.6441669464,8.02759075165,7.80049371719,1.26873922348,0.506421744823,0.301304012537,0.122147366405,0.26921120286,0.189058288932,0.0320372357965,0.0226339157671,0.00479704421014,0.00304806837812,0.000177309790161,3.62565219802e-06,7.11477454729e-09],"max":[3.32181596756,20.6095714569,129.986602783,128.904647827,302.714355469,525.268371582,655.348327637,717.483032227,308.497314453,719.753234863,382.887268066,386.20425415,488.469207764,329.526184082,840.329223633,451.80758667,693.439086914,514.491699219,367.765594482,481.329437256,432.714050293,231.999832153,135.471954346,107.664901733,88.2515258789,55.6919364929,65.0614471436,21.7868747711,18.6463317871,18.1412887573,14.4473276138,22.3023548126,15.2404670715,9.6103553772,6.81371116638,3.26730632782,2.24129867554,0.582092404366,0.0843249857426,0.00365342455916],"mean":[0.0954889282584,0.514103531837,1.92270851135,3.52658104897,8.05254840851,18.7892894745,21.6911201477,15.0878944397,10.4760723114,14.6469888687,9.63988113403,5.68356895447,7.75360441208,9.4039773941,8.78504180908,5.26440143585,7.83565092087,8.10763072968,6.09150695801,6.71149587631,6.30462551117,4.21012210846,2.7304494381,1.99148976803,1.71744120121,1.2119320631,0.931398868561,0.457101613283,0.303652942181,0.222632929683,0.128684639931,0.124264247715,0.103060610592,0.0526677668095,0.031659886241,0.0151229156181,0.0119481971487,0.00345428241417,0.000586365291383,3.85586427001e-05],"median":[0.0205258782953,0.127068892121,0.504206597805,1.22253763676,2.5420384407,5.54808282852,4.31927680969,3.40474081039,1.92677438259,2.27436375618,1.22989702225,0.752429127693,0.935727775097,0.913515329361,0.699057161808,0.43470698595,0.261661678553,0.156883865595,0.139363586903,0.116270326078,0.064247302711,0.0291527323425,0.0221321750432,0.0104904035106,0.0058822017163,0.00487628206611,0.00314804585651,0.00234507792629,0.000976853189059,0.000862417102326,0.000614200835116,0.000364279811038,0.000223898619879,0.000113162808702,5.64834517718e-05,2.22953112825e-05,1.04682103483e-05,2.17071601583e-06,3.73194734493e-06,8.34924503579e-06],"min":[5.2395538635e-23,2.55351397255e-22,1.04398038999e-21,4.28857120016e-21,1.46628038709e-20,3.40683221009e-20,3.89101236501e-20,5.79854126388e-20,2.36486232539e-19,2.33498895606e-19,3.82541668394e-19,4.44122369866e-19,5.5068127564e-19,8.15109979464e-19,7.12811984423e-19,1.28554537821e-18,7.30856205703e-19,2.21461230835e-18,2.27634107515e-18,3.66428769088e-18,4.19942887945e-18,5.1192326275e-18,6.4844268133e-18,7.35154205147e-18,6.82986529532e-18,8.12846647872e-18,9.54190969606e-18,1.00052681511e-17,1.10577165142e-17,1.31137318293e-17,1.29017502538e-17,1.25858938184e-17,1.07413133125e-17,8.17591852174e-18,7.43404504576e-18,4.6183193455e-18,2.33547290842e-18,1.05449925406e-18,2.38063278226e-19,2.76549064685e-20],"var":[0.0483150072396,1.50453519821,26.7502918243,62.6153907776,283.66204834,1172.09069824,2374.5390625,1494.00378418,575.077331543,1670.40441895,648.559082031,327.637176514,589.80480957,695.835144043,929.811096191,288.773864746,1348.8449707,778.026306152,369.961029053,505.708770752,421.455810547,169.901077271,72.6769790649,42.8053436279,33.4677810669,15.1264972687,10.5622549057,2.7385737896,1.39076185226,0.835609436035,0.345590502024,0.449703067541,0.391049623489,0.112420067191,0.0479298941791,0.012449439615,0.0089666377753,0.000753537751734,2.06076238101e-05,3.24241788974e-08]},"erbbands_crest":{"dmean":2.54646253586,"dmean2":4.06517219543,"dvar":4.92186927795,"dvar2":12.8910713196,"max":32.8984565735,"mean":13.1295461655,"median":12.2878732681,"min":2.64566493034,"var":28.9983386993},"erbbands_flatness_db":{"dmean":0.0152991162613,"dmean2":0.0235011335462,"dvar":0.000186923949514,"dvar2":0.000429515202995,"max":0.581194043159,"mean":0.292858958244,"median":0.304680228233,"min":0.0517115779221,"var":0.00696202134714},"erbbands_kurtosis":{"dmean":2.13733386993,"dmean2":3.35587406158,"dvar":12.04454422,"dvar2":27.1193561554,"max":108.747436523,"mean":4.57743215561,"median":2.25804281235,"min":-1.6152869463,"var":53.9403610229},"erbbands_skewness":{"dmean":0.411791354418,"dmean2":0.640847980976,"dvar":0.141332089901,"dvar2":0.344545334578,"max":7.04005479813,"mean":1.19380128384,"median":1.0844720602,"min":-2.3878660202,"var":1.16426336765},"erbbands_spread":{"dmean":2.61724328995,"dmean2":4.17695093155,"dvar":8.75993442535,"dvar2":23.0187702179,"max":143.490631104,"mean":14.277885437,"median":10.2918624878,"min":0.388862878084,"var":136.584579468},"gfcc":{"cov":[[21460.484375,-1848.55053711,-3893.26293945,658.0625,-274.074127197,87.816947937,-687.934448242,473.078918457,-252.609359741,398.770019531,-281.542327881,110.810516357,-263.987915039],[-1848.55053711,3345.74462891,1607.55554199,-498.41003418,266.661499023,-407.858459473,121.957748413,-438.268890381,185.574356079,-314.443450928,119.63735199,-222.852996826,193.749389648],[-3893.26293945,1607.55554199,2458.70654297,102.874435425,128.697341919,-205.418823242,102.935966492,-217.405181885,126.193275452,-177.764007568,15.550909996,-158.425308228,-1.99052870274],[658.0625,-498.41003418,102.874435425,646.836669922,-18.7365665436,63.721370697,-37.9386291504,68.4593658447,-4.94299650192,68.1380462646,-32.0498809814,-10.1383876801,-74.2122497559],[-274.074127197,266.661499023,128.697341919,-18.7365665436,253.464233398,14.9575862885,29.0908412933,-15.0398387909,14.2851963043,-34.963470459,2.42859387398,-4.29905366898,48.6420860291],[87.816947937,-407.858459473,-205.418823242,63.721370697,14.9575862885,198.486968994,73.7962875366,72.6359024048,-21.8084373474,26.7790031433,-12.03855896,38.0038871765,-14.0528659821],[-687.934448242,121.957748413,102.935966492,-37.9386291504,29.0908412933,73.7962875366,211.022216797,45.0035705566,48.4028701782,-18.345911026,34.1562309265,7.28935480118,40.6117095947],[473.078918457,-438.268890381,-217.405181885,68.4593658447,-15.0398387909,72.6359024048,45.0035705566,180.706008911,25.6768455505,62.3616065979,-12.0682029724,32.0809745789,-16.0091381073],[-252.609359741,185.574356079,126.193275452,-4.94299650192,14.2851963043,-21.8084373474,48.4028701782,25.6768455505,126.262298584,30.5689849854,23.3104419708,-20.6608695984,13.5941705704],[398.770019531,-314.443450928,-177.764007568,68.1380462646,-34.963470459,26.7790031433,-18.345911026,62.3616065979,30.5689849854,122.273551941,15.8350067139,18.6876373291,-28.4097766876],[-281.542327881,119.63735199,15.550909996,-32.0498809814,2.42859387398,-12.03855896,34.1562309265,-12.0682029724,23.3104419708,15.8350067139,90.6476135254,26.8136386871,26.1617698669],[110.810516357,-222.852996826,-158.425308228,-10.1383876801,-4.29905366898,38.0038871765,7.28935480118,32.0809745789,-20.6608695984,18.6876373291,26.8136386871,94.2498397827,34.4468269348],[-263.987915039,193.749389648,-1.99052870274,-74.2122497559,48.6420860291,-14.0528659821,40.6117095947,-16.0091381073,13.5941705704,-28.4097766876,26.1617698669,34.4468269348,105.545333862]],"icov":[[0.00010957269842,-0.000234193124925,0.000236004809267,-0.000195551270735,7.12993642082e-05,-2.31584908761e-05,0.000248742842814,-0.000382521830034,0.000189325466636,-0.000228279357543,0.000387865118682,-0.000317653117236,0.000302946806187],[-0.000234193124925,0.00188451830763,-0.000855421065353,0.000906614644919,-0.000784263713285,0.00114206597209,-0.000913135707378,0.00229077995755,-0.00159795361105,0.00190389936324,-0.00212071929127,0.0027417158708,-0.00186236330774],[0.000236004809267,-0.000855421065353,0.00126508902758,-0.000842409732286,5.96036989009e-05,0.000299248495139,3.89630768041e-05,-0.000554739846848,2.87897637463e-05,-5.48149109818e-05,0.00117092626169,-0.00107828783803,0.00154857651796],[-0.000195551270735,0.000906614644919,-0.000842409732286,0.00246696313843,-0.000369981105905,-0.000311196810799,1.12260377136e-05,0.000574010424316,-0.000447463418823,-4.96129759995e-05,-0.000934023875743,0.00146860466339,-0.000426355749369],[7.12993642082e-05,-0.000784263713285,5.96036989009e-05,-0.000369981105905,0.00508250622079,-0.00187766656745,0.000993991387077,-0.00110927619971,0.000241854548221,1.0025728443e-05,0.000721905438695,-1.66485715454e-05,-0.00198604771867],[-2.31584908761e-05,0.00114206597209,0.000299248495139,-0.000311196810799,-0.00187766656745,0.010339114815,-0.00529026659206,0.000806945492513,0.0010267078178,-4.66573619633e-05,0.0014688167721,-0.00188862648793,0.00213987263851],[0.000248742842814,-0.000913135707378,3.89630768041e-05,1.12260377136e-05,0.000993991387077,-0.00529026659206,0.0101021537557,-0.00420087389648,-0.00177573773544,0.00204952526838,-0.00272346637212,0.00127704837359,-0.00234107393771],[-0.000382521830034,0.00229077995755,-0.000554739846848,0.000574010424316,-0.00110927619971,0.000806945492513,-0.00420087389648,0.0127855017781,-0.00430291472003,-0.00070683209924,0.000943409919273,-0.000351195223629,-0.000349680281943],[0.000189325466636,-0.00159795361105,2.87897637463e-05,-0.000447463418823,0.000241854548221,0.0010267078178,-0.00177573773544,-0.00430291472003,0.0144989285618,-0.00692719453946,-4.46395206382e-05,0.00223917816766,-0.00130313483533],[-0.000228279357543,0.00190389936324,-5.48149109818e-05,-4.96129759995e-05,1.0025728443e-05,-4.66573619633e-05,0.00204952526838,-0.00070683209924,-0.00692719453946,0.0172273721546,-0.00610903836787,0.000946832296904,0.00172604504041],[0.000387865118682,-0.00212071929127,0.00117092626169,-0.000934023875743,0.000721905438695,0.0014688167721,-0.00272346637212,0.000943409919273,-4.46395206382e-05,-0.00610903836787,0.0190782882273,-0.00919938739389,0.00191715522669],[-0.000317653117236,0.0027417158708,-0.00107828783803,0.00146860466339,-1.66485715454e-05,-0.00188862648793,0.00127704837359,-0.000351195223629,0.00223917816766,0.000946832296904,-0.00919938739389,0.023549631238,-0.0110427876934],[0.000302946806187,-0.00186236330774,0.00154857651796,-0.000426355749369,-0.00198604771867,0.00213987263851,-0.00234107393771,-0.000349680281943,-0.00130313483533,0.00172604504041,0.00191715522669,-0.0110427876934,0.0191897246987]],"mean":[-210.203536987,191.592391968,-75.1259994507,2.94311094284,-38.0879974365,-7.80625152588,-28.8724155426,-11.4404859543,-15.1839857101,-8.22361946106,-6.93339443207,-5.94297981262,0.937911391258]},"hfc":{"dmean":1.10656285286,"dmean2":1.72704768181,"dvar":4.62231063843,"dvar2":11.6437330246,"max":110.454750061,"mean":5.75244140625,"median":1.89443004131,"min":1.1013384431e-16,"var":112.232696533},"melbands":{"dmean":[0.000510121753905,0.000578801613301,0.000398640841013,0.000458687427454,0.000400391640142,0.000134182570037,7.49307146179e-05,8.09846969787e-05,3.93995469494e-05,1.80803963303e-05,1.85291064554e-05,1.77090551006e-05,1.98879388336e-05,7.20378420738e-06,5.51231642021e-06,6.79690856487e-06,7.3539749792e-06,5.63365301787e-06,4.17649971496e-06,3.76753200726e-06,3.83538463211e-06,2.29607098845e-06,1.13303156013e-06,1.24712494198e-06,5.46864441731e-07,7.26299276721e-07,3.45159492099e-07,3.09405265853e-07,3.19628554735e-07,1.27491631474e-07,8.8029267431e-08,6.05647869634e-08,6.87916852371e-08,4.03068654009e-08,2.78677081411e-08,2.44026132634e-08,2.73611178159e-08,2.67728950121e-08,1.93843181506e-08,1.45126861639e-08],"dmean2":[0.000884172390215,0.000986967701465,0.00067920028232,0.000785349402577,0.000652600429021,0.000194229040062,0.00011758373148,0.00012627975957,6.59773213556e-05,2.93069915642e-05,2.97398109979e-05,2.80560907413e-05,2.9330543839e-05,1.17115032481e-05,8.03846796771e-06,1.05544122562e-05,1.20929698824e-05,9.27768996917e-06,6.96580173098e-06,6.241178653e-06,6.34413572698e-06,3.86573810829e-06,1.81929215159e-06,2.03628815143e-06,8.80657864855e-07,1.19310152513e-06,5.61077683869e-07,5.06290291469e-07,5.30312888714e-07,2.0807682688e-07,1.42730613106e-07,9.85737216297e-08,1.14009587548e-07,6.47376339202e-08,4.54802595584e-08,4.0587238459e-08,4.53226576269e-08,4.36450164898e-08,2.96053226378e-08,2.11425206231e-08],"dvar":[1.78640323156e-06,3.02468515656e-06,1.07886683054e-06,1.25011615637e-06,8.92531204499e-07,1.16630673119e-07,4.75615919981e-08,6.3342540102e-08,1.71315512887e-08,4.7464245867e-09,4.97296070989e-09,3.3454310433e-09,5.85663029185e-09,7.51545881084e-10,4.64042582138e-10,5.67739688595e-10,8.96369090064e-10,5.38584121745e-10,2.50191423135e-10,2.06491601595e-10,2.58170207434e-10,8.37856450886e-11,2.25220710137e-11,2.80000710118e-11,4.73320688199e-12,8.53756648711e-12,2.17413261873e-12,1.53978132328e-12,2.1160779292e-12,2.93813936939e-13,1.44481215186e-13,8.13633286179e-14,1.0719405913e-13,4.13142996647e-14,2.64352274337e-14,2.33556104551e-14,4.74453104842e-14,5.21774565557e-14,1.95738844783e-14,1.76376078185e-14],"dvar2":[5.44653130419e-06,8.79924482433e-06,3.08649487124e-06,3.65908499589e-06,2.4096418656e-06,2.43559753699e-07,1.27594603327e-07,1.57083732688e-07,4.90742664283e-08,1.33771056454e-08,1.33792577017e-08,9.17133746725e-09,1.13178284522e-08,1.91425608698e-09,9.39575750536e-10,1.33917033018e-09,2.34161134927e-09,1.44074785435e-09,6.4180566417e-10,5.43912137552e-10,6.75636213643e-10,2.22317705911e-10,5.59478956219e-11,7.36856409222e-11,1.20508169416e-11,2.31930204209e-11,5.44878725472e-12,3.87075874825e-12,5.85873623921e-12,7.74691129388e-13,3.80989266828e-13,2.16203614799e-13,2.78141767431e-13,9.88424159144e-14,6.85502273435e-14,6.21690809184e-14,1.35158499518e-13,1.40458811574e-13,4.71666366446e-14,4.05945080068e-14],"max":[0.0240130592138,0.0488198399544,0.0214935671538,0.0221870280802,0.0229796096683,0.0154178468511,0.00454069813713,0.00657854322344,0.00262659508735,0.00247807707638,0.0024024231825,0.00148362247273,0.0040170866996,0.00110657489859,0.00141453219112,0.000837254221551,0.00086482311599,0.000652883725706,0.000527960422914,0.000402752921218,0.000592008407693,0.000330298789777,0.000152271648403,0.000197989997105,8.7218322733e-05,6.57059281366e-05,8.23992013466e-05,4.05133214372e-05,5.27807678736e-05,1.81330160558e-05,1.16181709018e-05,1.15212606033e-05,1.1703967175e-05,1.03713373392e-05,8.34999264043e-06,8.88003887667e-06,1.42397439049e-05,1.27289158627e-05,8.37879269966e-06,1.08280319182e-05],"mean":[0.00078319304157,0.00091565225739,0.000747217854951,0.000902513857,0.000863463501446,0.000321411149343,0.00016534041788,0.000151373053086,6.689941074e-05,3.68578112102e-05,3.93118280044e-05,3.86155770684e-05,3.68105502275e-05,1.35856071211e-05,1.58197435667e-05,1.70710300154e-05,1.36720082082e-05,9.56403800956e-06,8.08015647635e-06,7.25224572307e-06,7.50237904867e-06,4.63429023512e-06,2.62800290329e-06,2.6925754355e-06,1.40125382586e-06,1.52724157942e-06,8.8489736072e-07,7.17652483218e-07,6.90476952059e-07,3.19975754337e-07,2.28353357556e-07,1.65876386404e-07,1.67740168422e-07,1.07227499768e-07,7.42968566669e-08,6.98480135952e-08,7.65397203395e-08,7.55060085567e-08,5.67880569236e-08,4.12747773737e-08],"median":[0.00019282825815,0.000270361168077,0.000276944570942,0.00030869335751,0.000191186743905,7.20989191905e-05,3.13326672767e-05,2.45884875767e-05,7.86761847849e-06,4.28135763286e-06,4.2498863877e-06,3.45498028764e-06,2.04526509151e-06,8.71788017776e-07,3.95457959712e-07,4.35103117979e-07,2.35458855968e-07,1.33445425377e-07,1.45676594343e-07,1.1573003178e-07,4.46449313074e-08,2.57388226288e-08,1.65891353987e-08,1.51247903091e-08,6.8840155798e-09,3.92837939955e-09,3.2104796599e-09,3.06199554601e-09,1.78248049654e-09,1.42596323638e-09,1.19164200729e-09,5.11571784934e-10,3.17624621049e-10,4.58794807701e-10,3.89405896417e-10,2.25904100981e-10,1.91466065225e-10,1.60371216307e-10,1.04849254279e-10,8.00504662557e-11],"min":[4.51091126685e-25,5.47099936193e-25,2.22573948964e-24,1.98122495232e-24,1.71280161869e-24,1.03598558606e-24,2.97404387244e-24,2.6401222067e-24,2.33832019601e-24,2.77969615552e-24,2.03332862347e-24,2.58375060084e-24,2.85656394542e-24,2.89462924511e-24,2.35391518725e-24,1.29329170018e-24,3.50211880088e-24,3.41431227124e-24,4.67637020716e-24,4.36103528765e-24,3.85282545452e-24,4.8654842264e-24,4.69632602148e-24,5.65407810221e-24,5.11910340186e-24,4.4824350645e-24,5.17892587975e-24,5.450323219e-24,4.66937024992e-24,5.75861676608e-24,5.15886435807e-24,5.47726952423e-24,5.17745544302e-24,7.05173176141e-24,6.97975135925e-24,6.83355886744e-24,5.56318475985e-24,6.79033007869e-24,7.12545791275e-24,6.24560900186e-24],"var":[2.97899828183e-06,5.05967136633e-06,2.29461011259e-06,2.63790866484e-06,3.23409267367e-06,6.96341203366e-07,1.38322462817e-07,1.65139894648e-07,3.42638166728e-08,1.4038250562e-08,1.48997854055e-08,1.24283578984e-08,2.04261745296e-08,2.11731232547e-09,5.66896751764e-09,3.49516593445e-09,2.41747066809e-09,1.05812636431e-09,6.5527705484e-10,5.26659105216e-10,6.817266196e-10,2.45085507444e-10,9.10797340326e-11,8.45588044029e-11,2.34676757194e-11,2.62562506459e-11,9.92258098603e-12,5.61252867098e-12,6.15299694876e-12,1.29155898216e-12,7.43575773871e-13,4.50881980406e-13,4.30013609356e-13,2.27234274149e-13,1.16294208421e-13,1.27417539952e-13,1.9196004107e-13,2.21671693588e-13,1.14465565932e-13,8.11953450438e-14]},"melbands_crest":{"dmean":3.19035983086,"dmean2":5.35730695724,"dvar":7.8034286499,"dvar2":22.0880088806,"max":37.5312995911,"mean":16.2432670593,"median":15.2207050323,"min":1.78340864182,"var":33.1101226807},"melbands_flatness_db":{"dmean":0.0231514517218,"dmean2":0.0371574573219,"dvar":0.00041406287346,"dvar2":0.00108719046693,"max":0.752286732197,"mean":0.4343123734,"median":0.47136926651,"min":0.00434581749141,"var":0.0181993804872},"melbands_kurtosis":{"dmean":4.68788671494,"dmean2":7.46008205414,"dvar":57.9488258362,"dvar2":134.833526611,"max":233.985305786,"mean":10.2305793762,"median":6.71153926849,"min":-1.70841264725,"var":212.120666504},"melbands_skewness":{"dmean":0.541776239872,"dmean2":0.867364287376,"dvar":0.263972997665,"dvar2":0.689944446087,"max":9.86515045166,"mean":1.80393016338,"median":1.73050093651,"min":-6.21865701675,"var":1.56905579567},"melbands_spread":{"dmean":1.83740961552,"dmean2":2.99721765518,"dvar":11.2694168091,"dvar2":27.9094562531,"max":179.119308472,"mean":7.24962377548,"median":3.50028038025,"min":0.264614254236,"var":147.609100342},"mfcc":{"cov":[[14237.3222656,-529.828796387,-3480.54980469,110.97718811,-56.2009010315,-237.060150146,-275.98739624,-130.748947144,-65.6475372314,115.83706665,43.2544059753,111.396499634,-68.1866149902],[-529.828796387,2687.35766602,1088.57434082,-240.072357178,189.263916016,3.72974681854,-109.146308899,-49.3263816833,-40.3941650391,-44.8529930115,-14.7264671326,-121.906669617,-198.266067505],[-3480.54980469,1088.57434082,2193.81933594,206.359588623,126.312858582,91.2693252563,30.8353595734,26.5859298706,20.1114120483,10.4068126678,49.2328643799,-74.3627090454,-123.182914734],[110.97718811,-240.072357178,206.359588623,420.626678467,119.672904968,18.281244278,22.7557468414,1.42114901543,0.991647303104,30.5181865692,29.0187187195,16.221200943,-21.2745075226],[-56.2009010315,189.263916016,126.312858582,119.672904968,191.591918945,54.3221664429,-4.3631529808,9.13492202759,8.60088157654,-0.101273030043,2.67681097984,-14.6360235214,-41.2464179993],[-237.060150146,3.72974681854,91.2693252563,18.281244278,54.3221664429,112.992263794,56.3149223328,19.2518768311,15.4483356476,-3.31953382492,-3.35647797585,1.67546570301,3.96057224274],[-275.98739624,-109.146308899,30.8353595734,22.7557468414,-4.3631529808,56.3149223328,131.274703979,68.7732162476,24.063747406,7.8248591423,-3.2149887085,0.931452691555,28.5166912079],[-130.748947144,-49.3263816833,26.5859298706,1.42114901543,9.13492202759,19.2518768311,68.7732162476,98.1860427856,53.4203834534,10.7112760544,1.35015559196,-0.439997226,16.4401721954],[-65.6475372314,-40.3941650391,20.1114120483,0.991647303104,8.60088157654,15.4483356476,24.063747406,53.4203834534,89.875213623,47.1461143494,10.3999023438,6.0827088356,13.6378593445],[115.83706665,-44.8529930115,10.4068126678,30.5181865692,-0.101273030043,-3.31953382492,7.8248591423,10.7112760544,47.1461143494,100.472557068,54.8571586609,11.217215538,5.0271396637],[43.2544059753,-14.7264671326,49.2328643799,29.0187187195,2.67681097984,-3.35647797585,-3.2149887085,1.35015559196,10.3999023438,54.8571586609,92.9222412109,43.2170524597,-9.75048732758],[111.396499634,-121.906669617,-74.3627090454,16.221200943,-14.6360235214,1.67546570301,0.931452691555,-0.439997226,6.0827088356,11.217215538,43.2170524597,80.7544708252,39.475856781],[-68.1866149902,-198.266067505,-123.182914734,-21.2745075226,-41.2464179993,3.96057224274,28.5166912079,16.4401721954,13.6378593445,5.0271396637,-9.75048732758,39.475856781,101.671165466]],"icov":[[0.000168978745933,-0.000150726817083,0.000378384749638,-0.000379912584322,0.000331930612447,-0.00023902283283,0.000423777441029,-0.000375119765522,0.000226938995183,-0.000361350423191,0.000131256369059,-0.00018974939303,0.000357800658094],[-0.000150726817083,0.000884146487806,-0.000736903049983,0.00130365823861,-0.00143609859515,0.000839494226966,-0.000455777917523,0.000576970458496,9.42753686104e-05,3.30182301695e-05,0.000283917033812,-5.3687406762e-05,0.000456063251477],[0.000378384749638,-0.000736903049983,0.00162217090838,-0.00165290420409,0.0014473964693,-0.00134928675834,0.00107914232649,-0.000985296093859,2.70782521739e-07,-8.76939520822e-05,-0.00085579365259,0.000637077842839,0.000607539259363],[-0.000379912584322,0.00130365823861,-0.00165290420409,0.00553603703156,-0.00481694331393,0.00296584819444,-0.00298806326464,0.00214216695167,0.000582055829,-0.00115428259596,0.0012205921812,-0.00191096158233,0.000703248078935],[0.000331930612447,-0.00143609859515,0.0014473964693,-0.00481694331393,0.0117076151073,-0.00738899270073,0.00549511378631,-0.00471744034439,0.000612764211837,-0.000295106263366,-0.000120439719467,0.000953346898314,0.00197748397477],[-0.00023902283283,0.000839494226966,-0.00134928675834,0.00296584819444,-0.00738899270073,0.0174577236176,-0.0110554704443,0.00785072986037,-0.00499468110502,0.00312008988112,-0.000186513279914,-0.00160039914772,-0.000264488480752],[0.000423777441029,-0.000455777917523,0.00107914232649,-0.00298806326464,0.00549511378631,-0.0110554704443,0.0213352404535,-0.0168519951403,0.00816884823143,-0.00504793040454,0.00193743302952,0.00103125383612,-0.00158231402747],[-0.000375119765522,0.000576970458496,-0.000985296093859,0.00214216695167,-0.00471744034439,0.00785072986037,-0.0168519951403,0.0308720469475,-0.0194618795067,0.0111950598657,-0.00736401416361,0.00461522070691,-0.00279809301719],[0.000226938995183,9.42753686104e-05,2.70782521739e-07,0.000582055829,0.000612764211837,-0.00499468110502,0.00816884823143,-0.0194618795067,0.0302064511925,-0.018954763189,0.0116422791034,-0.00744024664164,0.00264786276966],[-0.000361350423191,3.30182301695e-05,-8.76939520822e-05,-0.00115428259596,-0.000295106263366,0.00312008988112,-0.00504793040454,0.0111950598657,-0.018954763189,0.0299905352294,-0.0223269779235,0.0135860405862,-0.00751799810678],[0.000131256369059,0.000283917033812,-0.00085579365259,0.0012205921812,-0.000120439719467,-0.000186513279914,0.00193743302952,-0.00736401416361,0.0116422791034,-0.0223269779235,0.0351478420198,-0.0235787369311,0.0125339496881],[-0.00018974939303,-5.3687406762e-05,0.000637077842839,-0.00191096158233,0.000953346898314,-0.00160039914772,0.00103125383612,0.00461522070691,-0.00744024664164,0.0135860405862,-0.0235787369311,0.0323495455086,-0.0149417277426],[0.000357800658094,0.000456063251477,0.000607539259363,0.000703248078935,0.00197748397477,-0.000264488480752,-0.00158231402747,-0.00279809301719,0.00264786276966,-0.00751799810678,0.0125339496881,-0.0149417277426,0.0205769892782]],"mean":[-846.981018066,203.088195801,38.3466720581,17.2941799164,11.0683937073,3.51969885826,-2.49071478844,-4.0447716713,-2.81434059143,-3.8503742218,-6.78378295898,-3.69070839882,-1.05726492405]},"pitch_salience":{"dmean":0.0747343376279,"dmean2":0.123570397496,"dvar":0.00398265104741,"dvar2":0.0111057963222,"max":0.834431648254,"mean":0.547184109688,"median":0.56140935421,"min":0.0348073877394,"var":0.0177003201097},"silence_rate_20dB":{"dmean":0,"dmean2":0,"dvar":0,"dvar2":0,"max":1,"mean":1,"median":1,"min":1,"var":0},"silence_rate_30dB":{"dmean":0.0088757397607,"dmean2":0.0177533552051,"dvar":0.00879513006657,"dvar2":0.0206122882664,"max":1,"mean":0.982039093971,"median":1,"min":0,"var":0.0176367405802},"silence_rate_60dB":{"dmean":0.044801350683,"dmean2":0.0896121710539,"dvar":0.0427986904979,"dvar2":0.102517560124,"max":1,"mean":0.243000522256,"median":0,"min":0,"var":0.183957472444},"spectral_centroid":{"dmean":61.2011833191,"dmean2":97.33203125,"dvar":24052.5332031,"dvar2":50203.1171875,"max":11647.8427734,"mean":516.503723145,"median":304.862213135,"min":104.185668945,"var":649556.25},"spectral_complexity":{"dmean":1.15870666504,"dmean2":1.99809789658,"dvar":1.73679161072,"dvar2":4.77879285812,"max":54,"mean":7.91072368622,"median":5,"min":0,"var":57.7021179199},"spectral_contrast_coeffs":{"dmean":[0.0473700277507,0.0396795831621,0.0299526639283,0.0225676391274,0.0150446482003,0.0133019713685],"dmean2":[0.0798901692033,0.0646661072969,0.0485370829701,0.037446256727,0.0251759104431,0.022616231814],"dvar":[0.0013843200868,0.000997162889689,0.000592164404225,0.000338337442372,0.00015996946604,0.000145309837535],"dvar2":[0.00403275713325,0.00276340474375,0.00151025422383,0.000904320157133,0.000436568981968,0.000433430424891],"max":[-0.306025266647,-0.336651742458,-0.294510573149,-0.458141326904,-0.56863373518,-0.655754983425],"mean":[-0.634474098682,-0.715570032597,-0.763358294964,-0.794249415398,-0.818020224571,-0.819725096226],"median":[-0.634968101978,-0.726604282856,-0.781403899193,-0.808223009109,-0.822469651699,-0.823671162128],"min":[-0.972062289715,-0.975882053375,-0.977830529213,-0.969889223576,-0.968199849129,-0.96406275034],"var":[0.00974806584418,0.00703676044941,0.00866520125419,0.0056368499063,0.0030809044838,0.00196372787468]},"spectral_contrast_valleys":{"dmean":[0.379030615091,0.29664131999,0.240542665124,0.190481469035,0.1370293051,0.173651695251],"dmean2":[0.647969245911,0.49986448884,0.405817747116,0.322243094444,0.229627862573,0.29594707489],"dvar":[0.0961725115776,0.0685567855835,0.0507836565375,0.0416378378868,0.0361484773457,0.0551613494754],"dvar2":[0.258418887854,0.16348259151,0.109640784562,0.0797091051936,0.0602113269269,0.135361880064],"max":[-4.96101236343,-4.39898300171,-5.10095834732,-5.79666662216,-5.99031639099,-8.35680961609],"mean":[-7.7294011116,-7.78668355942,-9.00998878479,-9.97368431091,-10.651558876,-13.4345092773],"median":[-7.42769479752,-7.56106376648,-9.06695652008,-10.1243934631,-11.0173330307,-13.7674942017],"min":[-28.1231613159,-28.2047195435,-27.8298053741,-27.5370769501,-27.4817180634,-27.3937110901],"var":[3.50176143646,3.59457206726,3.45317649841,3.57785272598,3.93298792839,2.94659733772]},"spectral_decrease":{"dmean":1.18561815921e-09,"dmean2":1.94301175149e-09,"dvar":5.41096227235e-18,"dvar2":1.52975854266e-17,"max":2.34310436095e-16,"mean":-4.13662704091e-09,"median":-1.91920856984e-09,"min":-5.73263676529e-08,"var":3.76939951655e-17},"spectral_energy":{"dmean":0.00455772457644,"dmean2":0.00746011128649,"dvar":7.92492719484e-05,"dvar2":0.000223679962801,"max":0.220535308123,"mean":0.0161342695355,"median":0.00745072541758,"min":1.00512251039e-20,"var":0.00057687232038},"spectral_energyband_high":{"dmean":1.23240970424e-05,"dmean2":1.95249358512e-05,"dvar":3.68846886367e-09,"dvar2":9.43870759329e-09,"max":0.00486303633079,"mean":5.97193393332e-05,"median":2.26296776873e-07,"min":7.17756411298e-21,"var":6.09196533219e-08},"spectral_energyband_low":{"dmean":0.00283173960634,"dmean2":0.00485351029783,"dvar":5.18161832588e-05,"dvar2":0.000153863889864,"max":0.181066870689,"mean":0.00548108480871,"median":0.00195384444669,"min":8.75646885506e-24,"var":0.00012169740512},"spectral_energyband_middle_high":{"dmean":0.000325122498907,"dmean2":0.000493677449413,"dvar":8.08580011835e-07,"dvar2":1.94674476006e-06,"max":0.0347028933465,"mean":0.00130499619991,"median":0.000105395934952,"min":1.21779393764e-21,"var":9.4945771707e-06},"spectral_energyband_middle_low":{"dmean":0.00305901817046,"dmean2":0.00492442911491,"dvar":4.09650856454e-05,"dvar2":0.000111235647637,"max":0.132015511394,"mean":0.00984968338162,"median":0.00379473413341,"min":2.00679941266e-22,"var":0.000229290380958},"spectral_entropy":{"dmean":0.149964779615,"dmean2":0.235363423824,"dvar":0.018880141899,"dvar2":0.0449727252126,"max":9.82080841064,"mean":5.82905101776,"median":5.61067056656,"min":3.59939908981,"var":0.773148596287},"spectral_flux":{"dmean":0.0115428091958,"dmean2":0.019315186888,"dvar":0.000177975205588,"dvar2":0.000475273409393,"max":0.317108988762,"mean":0.0475583337247,"median":0.0351764149964,"min":6.34258964793e-11,"var":0.00186658173334},"spectral_kurtosis":{"dmean":16.6076850891,"dmean2":28.7606105804,"dvar":433.553100586,"dvar2":1270.05395508,"max":368.295440674,"mean":63.9104537964,"median":45.9504737854,"min":-1.26055085659,"var":3221.53051758},"spectral_rms":{"dmean":0.000483741227072,"dmean2":0.000779998721555,"dvar":2.92982861083e-07,"dvar2":8.26097675599e-07,"max":0.0146682104096,"mean":0.00326761254109,"median":0.00269610830583,"min":3.13146513928e-12,"var":5.0634944273e-06},"spectral_rolloff":{"dmean":93.3768920898,"dmean2":162.571456909,"dvar":64001.265625,"dvar2":114694.859375,"max":21382.4707031,"mean":619.983825684,"median":322.998046875,"min":43.06640625,"var":2546239.25},"spectral_skewness":{"dmean":0.849922716618,"dmean2":1.48675382137,"dvar":0.807009398937,"dvar2":2.38234448433,"max":16.2179412842,"mean":5.5721373558,"median":5.22534799576,"min":-0.0944925621152,"var":9.06667804718},"spectral_spread":{"dmean":292645.125,"dmean2":506250.8125,"dvar":327178190848,"dvar2":723416121344,"max":50238380,"mean":2017199.75,"median":1493317.125,"min":323018.625,"var":8709503713280.0},"spectral_strongpeak":{"dmean":0.240567773581,"dmean2":0.39915522933,"dvar":0.130715951324,"dvar2":0.336232513189,"max":6.31660699844,"mean":0.569984018803,"median":0.317868560553,"min":0,"var":0.475334078074},"zerocrossingrate":{"dmean":0.00247623189352,"dmean2":0.00330826919526,"dvar":2.77933104371e-05,"dvar2":3.4540775232e-05,"max":0.75244140625,"mean":0.0235500130802,"median":0.01318359375,"min":0.00146484375,"var":0.00205540237948}},"metadata":{"audio_properties":{"analysis_sample_rate":44100,"bit_rate":242945,"codec":"mp3","downmix":"mix","equal_loudness":0,"length":219.742034912,"lossless":false,"md5_encoded":"fd8e095797397669b313ee29e6c18ab7","replay_gain":-9.60795974731,"sample_rate":44100},"tags":{"acoustid_id":["456c1d53-7a2d-41d2-89e8-5b7e9109bde4"],"album":["Journey"],"albumartist":["Austin Wintory"],"albumartistsort":["Wintory, Austin"],"artist":["Austin Wintory"],"artistsort":["Wintory, Austin"],"artistwebpage":["http://austinwintory.com/"],"date":["2012"],"discnumber":["1/1"],"file_name":"02 The Call.mp3","media":["Digital Media"],"musicbrainz album release country":["XW"],"musicbrainz album status":["official"],"musicbrainz album type":["album/soundtrack"],"musicbrainz_albumartistid":["78f15956-c5e1-46d6-a46b-fa6f46681ec8"],"musicbrainz_albumid":["1f3abcda-15a7-4465-92c6-9926cdc4f247"],"musicbrainz_artistid":["78f15956-c5e1-46d6-a46b-fa6f46681ec8"],"musicbrainz_recordingid":["b1d51d40-51e6-45bc-a9bf-9cd304d98b4a"],"musicbrainz_releasegroupid":["d1850227-c7c7-42c8-b469-6e99023412de"],"originaldate":["2012"],"script":["Latn"],"title":["The Call"],"tracknumber":["2/18"]},"version":{"essentia":"2.1-beta2","essentia_build_sha":"26c37b627ab5a2028d412893e0969599b764ad4d","essentia_git_sha":"v2.1_beta2","extractor":"music 1.0"}},"rhythm":{"beats_count":417,"beats_loudness":{"dmean":0.00666259042919,"dmean2":0.0110106710345,"dvar":0.000119155534776,"dvar2":0.000297639111523,"max":0.193156227469,"mean":0.0160436648875,"median":0.00805461592972,"min":0,"var":0.000544775975868},"beats_loudness_band_ratio":{"dmean":[0.152426630259,0.150309190154,0.0566356405616,0.029060896486,0.012621874921,0.00521930400282],"dmean2":[0.257253885269,0.255117565393,0.0984293296933,0.0463786646724,0.0198089368641,0.00820639170706],"dvar":[0.0211751367897,0.0179528407753,0.00670411344618,0.00340176164173,0.00122309790459,0.00198204768822],"dvar2":[0.059049986