{"lowlevel":{"average_loudness":0.1142815575,"barkbands":{"dmean":[2.43094236794e-05,0.00120058027096,0.00141115032602,0.00135016115382,0.00290151848458,0.0015600802144,0.00114164082333,0.000494841777254,0.000356352480594,0.000263163761701,0.000241809233557,0.000161955482326,9.83369900496e-05,7.18061055522e-05,4.2675928853e-05,2.2755109967e-05,1.43930765262e-05,8.4965622591e-06,7.65841741668e-06,4.56945826954e-06,2.04617504096e-06,1.67660596162e-06,1.78115021754e-06,1.02436501948e-06,1.05065566913e-06,1.0723166497e-06,5.0238094218e-07],"dmean2":[4.15902322857e-05,0.00174269336276,0.00216208398342,0.0022832872346,0.0045891944319,0.00223739398643,0.00173166266177,0.000698075455148,0.00046569632832,0.000364593521226,0.000330052367644,0.000233158076298,0.000143119410495,0.00010605683201,6.74570255796e-05,3.57059980161e-05,2.24920386245e-05,1.32395653054e-05,1.21256316561e-05,7.12595465302e-06,3.37390360983e-06,2.82234623228e-06,3.25357427755e-06,1.84339342013e-06,1.85269118447e-06,1.65434062183e-06,7.92299090335e-07],"dvar":[8.26785928609e-09,1.36852831929e-05,1.68804908753e-05,1.38600471473e-05,2.46429244726e-05,8.22193487693e-06,6.42444001642e-06,2.11540191231e-06,1.01148975773e-06,8.54298605191e-07,1.43351610404e-06,8.2082760855e-07,3.70148285356e-07,4.58032403117e-08,1.89426465624e-08,4.85113105242e-09,1.22704058025e-09,4.21359058755e-10,6.12290551594e-10,1.52934151454e-10,5.47491288416e-11,7.38165639724e-11,1.54761037319e-10,6.34573504854e-11,5.14591251555e-11,4.14658654635e-11,1.29720999567e-11],"dvar2":[2.73495182057e-08,2.57481406152e-05,3.89963133784e-05,3.48721514456e-05,6.19241181994e-05,1.76055054908e-05,1.60796971613e-05,4.09775748267e-06,1.55915438427e-06,1.81078507921e-06,2.64286813945e-06,1.78246318683e-06,6.82844245148e-07,9.23371885619e-08,4.7977998463e-08,1.13258264989e-08,2.7979534245e-09,9.89212378677e-10,1.34657696105e-09,3.47216533303e-10,1.47252710025e-10,2.05479896986e-10,4.5061879228e-10,1.85260098928e-10,1.45485706815e-10,9.33408697557e-11,3.01622476995e-11],"max":[0.00262583396398,0.158595636487,0.120943590999,0.115191593766,0.123643249273,0.0809690207243,0.0645194202662,0.0479046739638,0.064170524478,0.0544013008475,0.0655204504728,0.0440074130893,0.0355484485626,0.0109816165641,0.00590201001614,0.00414479803294,0.001356558525,0.000555961800274,0.00162361934781,0.000614118529484,0.000188307938515,0.000334869604558,0.000300946092466,0.000287097296678,0.000246615702054,0.000212714920053,0.000189567028428],"mean":[3.62041100743e-05,0.00341374892741,0.00290276692249,0.00225951871835,0.00691003305838,0.0041784173809,0.00279335398227,0.00113643694203,0.000921128434129,0.000607012480032,0.000586943118833,0.000360153760994,0.000235213359701,0.000157503935043,8.38598789414e-05,4.7827281378e-05,3.30099537678e-05,1.87654295587e-05,1.59645151143e-05,1.03630645754e-05,3.72148406313e-06,2.73786281468e-06,1.97896270038e-06,1.22826247662e-06,1.34336539759e-06,2.12051554627e-06,9.04420403458e-07],"median":[4.50208654001e-06,0.000306356465444,0.000393741414882,0.000599682796746,0.00395418424159,0.00185767281801,0.00102772389073,0.000273930287221,0.000270549498964,0.000135126785608,6.3644562033e-05,5.33605089004e-05,3.79199664167e-05,3.42788771377e-05,2.53371781582e-05,1.59219634952e-05,9.40105474001e-06,5.60034823138e-06,4.83039275423e-06,2.87726174975e-06,9.85563701761e-07,5.43354474303e-07,2.917847155e-07,1.58802663464e-07,1.20608319776e-07,8.32057054367e-08,7.51961870549e-09],"min":[4.87191004082e-26,4.20982485161e-24,1.43342544442e-24,1.03959994952e-24,1.11293695577e-23,4.66962150212e-24,4.74130647587e-24,8.56234754123e-24,2.68806309829e-23,2.21081708122e-23,5.61371840057e-24,2.82586353003e-23,3.29706277049e-23,5.90331689083e-23,6.07761728556e-23,5.44716406773e-23,6.57804603137e-23,1.32252732709e-22,1.30974172197e-22,1.53288194685e-22,2.27336359047e-22,2.87825607414e-22,4.28242924274e-22,4.85736924582e-22,8.74188139698e-22,1.39914763238e-21,2.0381082039e-21],"var":[1.19612284522e-08,0.000119789896416,5.81216299906e-05,3.54672702088e-05,8.4355189756e-05,4.37517519458e-05,2.28650478675e-05,7.57325278755e-06,5.54793814445e-06,3.174082849e-06,8.18574699224e-06,3.7487075133e-06,1.98242946681e-06,1.99106025889e-07,4.29531326063e-08,1.63694995337e-08,5.7896984984e-09,1.45620893122e-09,1.65551494735e-09,5.20853249419e-10,8.89241735802e-11,8.28823745747e-11,1.01427130583e-10,4.38984057438e-11,4.77486210293e-11,1.02659283852e-10,2.73527294564e-11]},"barkbands_crest":{"dmean":2.33909988403,"dmean2":3.75066876411,"dvar":4.2471408844,"dvar2":11.295255661,"max":25.5418605804,"mean":12.5132741928,"median":11.825258255,"min":4.03545427322,"var":17.2060680389},"barkbands_flatness_db":{"dmean":0.0199304111302,"dmean2":0.0308231115341,"dvar":0.00037392709055,"dvar2":0.000937170407269,"max":0.597874641418,"mean":0.272958397865,"median":0.269990265369,"min":0.0530161932111,"var":0.00416827900335},"barkbands_kurtosis":{"dmean":3.68441724777,"dmean2":5.81416797638,"dvar":39.5180206299,"dvar2":98.6208953857,"max":173.720825195,"mean":8.48274040222,"median":5.35761165619,"min":-1.94445359707,"var":123.632133484},"barkbands_skewness":{"dmean":0.488593995571,"dmean2":0.760568618774,"dvar":0.255654245615,"dvar2":0.625033020973,"max":9.41487884521,"mean":1.70728266239,"median":1.57855069637,"min":-5.92577314377,"var":1.3383461237},"barkbands_spread":{"dmean":1.17623651028,"dmean2":1.8232960701,"dvar":3.53531622887,"dvar2":8.610206604,"max":120.190002441,"mean":5.46047878265,"median":4.4358458519,"min":0.170909583569,"var":25.575378418},"dissonance":{"dmean":0.0356284789741,"dmean2":0.0600536167622,"dvar":0.00102540885564,"dvar2":0.00280995154753,"max":0.500000119209,"mean":0.404386103153,"median":0.41278898716,"min":0.148466199636,"var":0.00286412215792},"dynamic_complexity":3.90959787369,"erbbands":{"dmean":[0.0172170810401,0.340296715498,1.55967843533,2.73497819901,7.97059488297,9.78009128571,12.7235364914,12.7986183167,17.652557373,11.4639835358,9.89955329895,7.28966760635,6.92958641052,8.09041595459,8.9043598175,5.24553203583,5.34255695343,3.3249874115,2.14098763466,2.1750421524,1.12259161472,0.851669669151,0.425942331553,0.491171091795,0.258994728327,0.209862500429,0.0938325002789,0.0740102082491,0.061496514827,0.046690620482,0.0534129366279,0.027488078922,0.0149369789287,0.0104959597811,0.00882117729634,0.0030454332009,0.00333824171685,0.000488201534608,0.000106575651444,9.60979105002e-06],"dmean2":[0.0275250542909,0.490161210299,2.31228542328,4.51662778854,13.232088089,15.7066068649,18.9692020416,17.3655948639,26.8944606781,16.2832832336,13.6302185059,9.47041893005,9.48267459869,11.0375595093,12.312253952,7.4053735733,7.62263822556,4.81901454926,3.3173828125,3.4239783287,1.7993991375,1.32031691074,0.66172337532,0.765599012375,0.405607402325,0.325251847506,0.155269920826,0.119428753853,0.104566283524,0.0832453295588,0.0981894209981,0.0503481701016,0.0260926280171,0.0188664440066,0.0152624277398,0.00522998487577,0.00493609299883,0.000778691493906,0.000163896358572,1.45442509165e-05],"dvar":[0.0028497101739,1.13389348984,22.2420501709,58.8277702332,247.573059082,310.681518555,540.908996582,702.938354492,1610.64575195,809.792602539,780.458557129,606.325439453,348.008972168,849.255371094,1732.765625,674.230651855,1125.25512695,133.788040161,23.8711357117,45.416809082,11.6048021317,4.81688690186,1.00172734261,2.43076705933,0.388356626034,0.345628410578,0.131033748388,0.0731523558497,0.138622403145,0.0713026449084,0.179058521986,0.056775983423,0.00878143962473,0.00446472177282,0.00391431292519,0.000381281395676,0.000488105375553,1.16742467071e-05,6.3133961703e-07,6.43418485158e-10],"dvar2":[0.00718623911962,2.0859849453,46.2686080933,146.043624878,672.053894043,821.019775391,1172.67858887,1186.63037109,4157.44873047,1657.91552734,1502.92175293,853.11151123,743.093811035,1692.87219238,3280.20019531,1367.6328125,2069.37963867,259.350738525,57.6325263977,112.55015564,29.7578353882,10.9449205399,2.31710147858,5.35916519165,0.860330164433,0.802924573421,0.361472934484,0.179338589311,0.400376647711,0.202693805099,0.526825010777,0.167770817876,0.0245137549937,0.0127690741792,0.0107607608661,0.0010405019857,0.00100678263698,2.91381365969e-05,1.43924171425e-06,1.44271405933e-09],"max":[3.02406406403,45.3339500427,153.704803467,218.725662231,386.861480713,458.339263916,802.813049316,947.557617188,1141.7376709,1030.85314941,1103.0567627,1877.28723145,659.073791504,1974.09619141,2148.82446289,1574.45703125,1972.31384277,649.026550293,129.330673218,243.30871582,146.589767456,94.0158615112,35.68957901,97.0906448364,31.9212284088,21.3145999908,12.5764474869,8.05105304718,17.0615692139,6.42191696167,11.3633546829,9.35128974915,3.40489220619,1.89076244831,2.74922466278,0.738737285137,0.770174741745,0.175034016371,0.0526231639087,0.0011628678767],"mean":[0.048321377486,0.945158362389,3.52206373215,5.21365690231,14.6409282684,21.1984405518,33.5810852051,36.8868904114,42.9664459229,31.8130378723,24.3062801361,19.297744751,17.3318881989,21.2297592163,22.8875827789,12.7023515701,13.5986385345,7.93068981171,4.56381368637,4.54927396774,2.39893341064,2.0571577549,1.06590867043,1.13326013088,0.655237972736,0.477811992168,0.174988672137,0.145058244467,0.0987037420273,0.0617454685271,0.0553500652313,0.0295635350049,0.0202021282166,0.0130090061575,0.011350505054,0.00457814894617,0.00692126015201,0.00089468510123,0.000210568934563,3.53197829099e-05],"median":[0.00448628840968,0.0892386361957,0.488135159016,1.642370224,6.47733163834,11.269903183,14.5736465454,15.0046682358,16.2041358948,12.1982622147,7.37217140198,5.96641111374,6.08979415894,5.81352472305,3.7419052124,2.56000781059,2.30186891556,1.89499545097,1.80274629593,1.44066429138,0.955168545246,0.651838481426,0.369826465845,0.340992867947,0.228911325336,0.137804880738,0.0558051206172,0.0333989821374,0.0224401429296,0.010817929171,0.00771960848942,0.00417162524536,0.00226841913536,0.00133162434213,0.000871001568157,0.000395488779759,0.000156041860464,2.96354028251e-05,1.47186228787e-05,2.33076498262e-05],"min":[1.09363132061e-22,9.4411044793e-22,2.3149374437e-21,4.24596655185e-21,4.26313216515e-21,3.67662782975e-20,5.05945570968e-20,2.93837107175e-20,9.97350599236e-20,1.2958858338e-19,4.58002150352e-19,6.64153963769e-19,6.19124577667e-19,7.42649267997e-19,9.06565239337e-19,1.29775290969e-18,1.95604516144e-18,1.57752100589e-18,2.32010079071e-18,3.73291142168e-18,4.56373907355e-18,4.92518060529e-18,5.78555473505e-18,4.9510614323e-18,8.49151108649e-18,7.9499666928e-18,8.61208506848e-18,1.15990607302e-17,1.04057658426e-17,1.26410866176e-17,1.22607555894e-17,1.13600411019e-17,8.72247976585e-18,7.64574537993e-18,6.03446413472e-18,4.62986802762e-18,2.15062058219e-18,1.0684835695e-18,2.6355850982e-19,2.71991396445e-20],"var":[0.0322232656181,8.9023475647,89.1795196533,148.511474609,516.849304199,880.313354492,2703.72753906,4468.87744141,5526.3203125,3615.80541992,2860.47021484,3465.92041016,1231.20214844,3986.7590332,9931.60742188,3512.90551758,6238.42480469,609.809082031,68.4173736572,118.068656921,27.7359848022,24.2786903381,3.76558351517,7.59573173523,1.54805386066,1.05485916138,0.173490941525,0.149200737476,0.116187028587,0.0650727078319,0.107447177172,0.0332010835409,0.00919582601637,0.00410123448819,0.00405347067863,0.000475988432299,0.00138176837936,2.32016573136e-05,1.2886141576e-06,2.2344948114e-09]},"erbbands_crest":{"dmean":2.5307841301,"dmean2":3.9268655777,"dvar":5.41218996048,"dvar2":13.4721212387,"max":32.4368667603,"mean":12.671423912,"median":11.597155571,"min":2.72153711319,"var":25.0990047455},"erbbands_flatness_db":{"dmean":0.0165750496089,"dmean2":0.0249580349773,"dvar":0.000313097785693,"dvar2":0.000739353767131,"max":0.546853065491,"mean":0.270927786827,"median":0.269559323788,"min":0.0444817170501,"var":0.00330649875104},"erbbands_kurtosis":{"dmean":1.82212531567,"dmean2":2.79303979874,"dvar":10.3319225311,"dvar2":24.7402381897,"max":123.499198914,"mean":3.64961957932,"median":1.72364711761,"min":-1.74546062946,"var":43.9124526978},"erbbands_skewness":{"dmean":0.367873966694,"dmean2":0.556062102318,"dvar":0.129550993443,"dvar2":0.307827979326,"max":7.14178514481,"mean":1.15505599976,"median":1.08800911903,"min":-4.35142469406,"var":1.04466581345},"erbbands_spread":{"dmean":2.88934755325,"dmean2":4.42633008957,"dvar":14.2195091248,"dvar2":36.6929664612,"max":159.545562744,"mean":15.2128705978,"median":13.3355855942,"min":0.550267934799,"var":85.7690811157},"gfcc":{"cov":[[11959.6689453,-186.640396118,-1195.2331543,530.36920166,-114.823394775,162.7215271,-55.9690856934,254.266174316,-43.2106018066,173.070068359,-75.4948425293,140.124725342,-134.839126587],[-186.640396118,1537.44519043,-46.9580993652,-76.4380340576,197.564880371,-125.720352173,135.123519897,-111.258491516,137.368011475,-128.034423828,98.9701156616,-145.748168945,105.870880127],[-1195.2331543,-46.9580993652,1089.43933105,197.715515137,115.392997742,62.7146873474,6.19733667374,40.2411422729,21.9105892181,29.0958404541,-32.0518455505,1.71761608124,-54.1414108276],[530.36920166,-76.4380340576,197.715515137,461.114105225,100.658630371,97.9920349121,70.2714157104,77.7275848389,58.8117218018,26.1084785461,5.34334278107,13.2439079285,-0.0979506596923],[-114.823394775,197.564880371,115.392997742,100.658630371,295.369781494,71.1585006714,71.5076980591,53.8730506897,43.4143333435,13.4091749191,21.6450328827,4.03977441788,21.5721282959],[162.7215271,-125.720352173,62.7146873474,97.9920349121,71.1585006714,204.158920288,69.3966751099,61.1948661804,10.9898605347,21.7519207001,-6.02701568604,22.6955738068,-2.61294984818],[-55.9690856934,135.123519897,6.19733667374,70.2714157104,71.5076980591,69.3966751099,174.54510498,64.1156387329,49.834312439,5.78192853928,29.1449947357,-2.17529034615,21.8465328217],[254.266174316,-111.258491516,40.2411422729,77.7275848389,53.8730506897,61.1948661804,64.1156387329,163.723983765,57.557182312,37.1214523315,-1.54920327663,30.4101696014,3.3888053894],[-43.2106018066,137.368011475,21.9105892181,58.8117218018,43.4143333435,10.9898605347,49.834312439,57.557182312,138.413162231,45.7794685364,30.3012619019,-14.9742021561,12.8459568024],[173.070068359,-128.034423828,29.0958404541,26.1084785461,13.4091749191,21.7519207001,5.78192853928,37.1214523315,45.7794685364,134.296920776,45.9650421143,19.9490261078,-28.6259174347],[-75.4948425293,98.9701156616,-32.0518455505,5.34334278107,21.6450328827,-6.02701568604,29.1449947357,-1.54920327663,30.3012619019,45.9650421143,108.961936951,25.4319858551,9.86911487579],[140.124725342,-145.748168945,1.71761608124,13.2439079285,4.03977441788,22.6955738068,-2.17529034615,30.4101696014,-14.9742021561,19.9490261078,25.4319858551,101.067390442,21.0359249115],[-134.839126587,105.870880127,-54.1414108276,-0.0979506596923,21.5721282959,-2.61294984818,21.8465328217,3.3888053894,12.8459568024,-28.6259174347,9.86911487579,21.0359249115,99.394493103]],"icov":[[0.000152549138875,-0.000240856432356,0.00025474652648,-0.000326225184835,0.000181445720955,-0.000135364360176,0.000251351215411,-0.000365245039575,0.000370993540855,-0.000461834366433,0.000456984300399,-0.000430114130722,0.00038090639282],[-0.000240856432356,0.00211994932033,-0.000488721823785,0.000918145873584,-0.00141695549246,0.00107434205711,-0.00137656298466,0.00183430523612,-0.00234180898406,0.00274305301718,-0.00251701334491,0.00256479624659,-0.00147456792183],[0.00025474652648,-0.000488721823785,0.00150500738528,-0.000951706490014,-2.66683236987e-05,-0.000291226257104,0.000598977610935,-0.000575153448153,0.00058943068143,-0.000965895189438,0.00129539368208,-0.00102608662564,0.0013052825816],[-0.000326225184835,0.000918145873584,-0.000951706490014,0.00358840753324,-0.00100929499604,-0.000330371840391,-0.00106177048292,0.000652827206068,-0.00195456831716,0.00158832059242,-0.00135136267636,0.00114428182133,-0.000911859562621],[0.000181445720955,-0.00141695549246,-2.66683236987e-05,-0.00100929499604,0.00525982072577,-0.00163062929641,0.000251231336733,-0.00182731205132,0.00128863635473,-0.00169179937802,0.000844355090521,-0.00115303404164,6.89595835865e-05],[-0.000135364360176,0.00107434205711,-0.000291226257104,-0.000330371840391,-0.00163062929641,0.00750141171739,-0.00311126396991,0.000111709930934,-8.09389312053e-05,0.000235389859881,0.000386509869713,-4.75592314615e-05,-0.000205857053516],[0.000251351215411,-0.00137656298466,0.000598977610935,-0.00106177048292,0.000251231336733,-0.00311126396991,0.0100353108719,-0.00403178017586,0.000449532555649,-0.000132731016492,-0.00146260892507,0.000396205723519,-0.000107065534394],[-0.000365245039575,0.00183430523612,-0.000575153448153,0.000652827206068,-0.00182731205132,0.000111709930934,-0.00403178017586,0.0121042439714,-0.00585865695029,0.000937021453865,0.00121662218589,-0.00184067746159,-0.00059314747341],[0.000370993540855,-0.00234180898406,0.00058943068143,-0.00195456831716,0.00128863635473,-8.09389312053e-05,0.000449532555649,-0.00585865695029,0.0146124381572,-0.00664857821539,0.000646965228952,0.00163250241894,-0.00107712787576],[-0.000461834366433,0.00274305301718,-0.000965895189438,0.00158832059242,-0.00169179937802,0.000235389859881,-0.000132731016492,0.000937021453865,-0.00664857821539,0.0156908221543,-0.00812469981611,0.00165262143128,0.00213295198046],[0.000456984300399,-0.00251701334491,0.00129539368208,-0.00135136267636,0.000844355090521,0.000386509869713,-0.00146260892507,0.00121662218589,0.000646965228952,-0.00812469981611,0.0173745956272,-0.00762724224478,0.00157766905613],[-0.000430114130722,0.00256479624659,-0.00102608662564,0.00114428182133,-0.00115303404164,-4.75592314615e-05,0.000396205723519,-0.00184067746159,0.00163250241894,0.00165262143128,-0.00762724224478,0.017843592912,-0.00640266481787],[0.00038090639282,-0.00147456792183,0.0013052825816,-0.000911859562621,6.89595835865e-05,-0.000205857053516,-0.000107065534394,-0.00059314747341,-0.00107712787576,0.00213295198046,0.00157766905613,-0.00640266481787,0.0148337110877]],"mean":[-122.780555725,176.930831909,-101.310707092,-9.06259822845,-47.2093544006,-18.5915184021,-35.8627357483,-10.2046461105,-22.9412021637,-7.02692699432,-11.6843442917,-5.58856773376,-6.30841636658]},"hfc":{"dmean":1.97730302811,"dmean2":2.86353540421,"dvar":8.77331924438,"dvar2":18.2361278534,"max":79.3547515869,"mean":9.21790981293,"median":6.82674884796,"min":1.11275128562e-16,"var":80.0707397461},"melbands":{"dmean":[0.00023403436353,0.000682595360558,0.000604477419984,0.000647723965812,0.000436937814811,0.000286569324089,0.00025461774203,0.000123580612126,7.56109293434e-05,4.497565169e-05,3.70717825717e-05,3.54320654878e-05,3.68363143934e-05,1.74277338374e-05,1.57191570906e-05,8.08552704257e-06,6.33919216853e-06,3.82862890547e-06,3.48299363395e-06,2.0909928935e-06,1.24960479297e-06,9.78828893494e-07,5.45593934476e-07,4.69395217806e-07,4.31657582567e-07,2.73711577847e-07,1.98588878675e-07,1.31579426466e-07,7.16794446021e-08,4.51319870365e-08,4.26451336466e-08,3.85877640952e-08,2.99200735299e-08,2.73131472994e-08,2.95377535764e-08,3.065537868e-08,1.19091989603e-08,1.03281632136e-08,1.00324086816e-08,8.62717719485e-09],"dmean2":[0.000351314141881,0.000996658112854,0.00100345746614,0.0010456033051,0.000657821889035,0.000395791314077,0.000386788567994,0.000172606363776,0.000103505793959,5.84321496717e-05,5.09456731379e-05,4.84088013764e-05,5.02924376633e-05,2.5617873689e-05,2.18673794734e-05,1.16467972475e-05,9.24148298509e-06,5.92713786318e-06,5.51863240617e-06,3.26930944539e-06,2.00028262043e-06,1.52566008182e-06,8.45808756367e-07,7.43466102904e-07,6.76389845466e-07,4.34771777691e-07,3.08709530827e-07,2.07396297469e-07,1.19470527693e-07,7.48151620655e-08,6.74524969213e-08,6.45331468263e-08,5.28716768144e-08,4.85353588431e-08,5.38351265789e-08,5.67756757164e-08,2.16154134591e-08,1.78025967301e-08,1.80701711372e-08,1.54132973051e-08],"dvar":[4.85622820179e-07,4.25805365012e-06,2.1275529889e-06,1.40087684031e-06,6.16977445134e-07,3.15418219543e-07,3.21649707757e-07,9.09237414248e-08,3.80167826108e-08,2.02169889718e-08,1.02594892581e-08,1.62047406604e-08,3.37409673534e-08,1.26047901006e-08,9.35704047578e-09,2.16364681727e-09,5.71781955117e-10,8.42445072036e-11,1.93961152695e-10,4.42480600771e-11,1.61064373644e-11,7.30630313195e-12,1.91674128826e-12,1.58792055026e-12,2.15293277997e-12,5.06020247405e-13,3.41762479861e-13,1.62846095658e-13,8.27725678255e-14,2.98535542532e-14,2.48946693202e-14,5.13658194212e-14,3.00795629724e-14,2.87382388665e-14,4.96540031043e-14,6.39425646221e-14,1.04786632252e-14,3.833972663e-15,4.74776535903e-15,2.90348939451e-15],"dvar2":[1.03220168057e-06,8.33024296298e-06,5.42207999388e-06,3.66317317457e-06,1.32268769448e-06,5.69769895264e-07,8.2982217009e-07,1.83875215498e-07,7.19436812346e-08,2.93224662329e-08,2.20936104967e-08,3.26873283996e-08,6.1752920999e-08,2.90922557156e-08,1.64099258626e-08,4.03855704434e-09,1.14568154963e-09,2.00734845412e-10,4.95747776164e-10,9.82522119219e-11,4.13863006365e-11,1.6417658899e-11,4.26326985867e-12,3.84991300992e-12,4.74066272349e-12,1.1535475266e-12,7.64634774768e-13,3.78684524059e-13,2.28905002592e-13,8.0750896692e-14,5.74911957776e-14,1.46358226645e-13,8.64482435831e-14,8.04140825109e-14,1.44943681623e-13,1.88678174647e-13,3.08858197535e-14,1.03625765128e-14,1.37620356734e-14,8.25711603313e-15],"max":[0.036264616996,0.0775238573551,0.0377932004631,0.0331494994462,0.0300359874964,0.0195390693843,0.0151550602168,0.00939315743744,0.00725564593449,0.0103623932227,0.0035205790773,0.00883409939706,0.0100730620325,0.00542280636728,0.00722540728748,0.00305654876865,0.00144371832721,0.00026928842999,0.000662044272758,0.000433002627688,0.000175459528691,0.000124568716274,6.29391433904e-05,3.60900230589e-05,9.1948924819e-05,3.41259692505e-05,3.79705088562e-05,1.72057498276e-05,1.07611867861e-05,4.97529026688e-06,7.36720085115e-06,1.08788663056e-05,4.28885959991e-06,5.41384770258e-06,5.94391167397e-06,7.28947679818e-06,4.07480501963e-06,2.71643352789e-06,1.72814043253e-06,1.64064056207e-06],"mean":[0.00068897602614,0.00168716639746,0.00118238816503,0.00132572243456,0.00116208195686,0.000820777495392,0.000630978902336,0.000332467316184,0.000184466975043,0.000116261624498,8.89336151886e-05,8.94847544259e-05,9.18069272302e-05,3.64456718671e-05,3.90663517464e-05,1.95179654838e-05,1.44563973663e-05,7.28718032406e-06,6.74091006658e-06,4.444626029e-06,2.28803605751e-06,2.1987391392e-06,1.2102555047e-06,9.57754082265e-07,9.1692118076e-07,5.72034878132e-07,4.42708625314e-07,2.64412165052e-07,1.17534220578e-07,7.59493445912e-08,8.35836431179e-08,6.36001971088e-08,3.61674814542e-08,3.39808003957e-08,3.10570236195e-08,2.96003825895e-08,1.30092105977e-08,1.44302294558e-08,1.16681029283e-08,1.05256328098e-08],"median":[6.37053817627e-05,0.000225425741519,0.000463154836325,0.000704385456629,0.000542609894183,0.000350183225237,0.000250909302849,0.000110489876533,5.54582147743e-05,3.21832631016e-05,2.8002919862e-05,2.34797844314e-05,1.0950984688e-05,5.71086229684e-06,4.86892304252e-06,3.55003771801e-06,2.85905707642e-06,2.19491084863e-06,1.8597061171e-06,1.35236655296e-06,8.04344608696e-07,5.78153787956e-07,3.61909286539e-07,2.63894435193e-07,2.4708856472e-07,1.83022166311e-07,1.17434751701e-07,7.08473066879e-08,3.35118670591e-08,1.93037177354e-08,1.66076876695e-08,1.29068373766e-08,6.37543839943e-09,5.24590282325e-09,4.28738156089e-09,3.42069617076e-09,1.93849292174e-09,1.54734158819e-09,1.14198384082e-09,1.02550934411e-09],"min":[1.2040974656e-24,1.29499061074e-24,1.10722899492e-24,1.39477372525e-24,1.95231793331e-24,6.76713184884e-25,1.52386785416e-24,1.98501325961e-24,4.53279002823e-24,3.19413961487e-24,2.86499193811e-24,3.05823860242e-24,1.40131959444e-24,3.9068762316e-24,3.20839058434e-24,2.48086854488e-24,2.14886598051e-24,2.68164291437e-24,4.10413563411e-24,4.7167196536e-24,4.27663821484e-24,4.11166018386e-24,2.00015011987e-24,5.56485359509e-24,3.11933883776e-24,4.26060974454e-24,4.25536894711e-24,5.13506994658e-24,5.49131992581e-24,5.12545846531e-24,6.29038750785e-24,5.53920417719e-24,5.53151278336e-24,6.38288066013e-24,5.98029023032e-24,5.25713394432e-24,5.55140430552e-24,4.68476684264e-24,5.89556617467e-24,6.31277380262e-24],"var":[5.40674272997e-06,2.05620235647e-05,5.2799932746e-06,3.48445860254e-06,3.18632169183e-06,1.96873202185e-06,1.11842200567e-06,4.00027744263e-07,1.5101345241e-07,1.12976991318e-07,3.54648790335e-08,7.15481860425e-08,1.96941442709e-07,4.41866454537e-08,5.92385269726e-08,1.17975975655e-08,2.64377741921e-09,2.20618093238e-10,4.20471074625e-10,1.58670007688e-10,2.96801506983e-11,3.72164313256e-11,7.15518963523e-12,4.45711263036e-12,6.18234673525e-12,1.47176097264e-12,1.24262427605e-12,3.8820669227e-13,9.7559642114e-14,4.57979059407e-14,5.4541488242e-14,4.83862522803e-14,2.41666207851e-14,2.53641441075e-14,3.22426615029e-14,3.64438873231e-14,6.35726475463e-15,4.82321524232e-15,3.53220785818e-15,2.82278727167e-15]},"melbands_crest":{"dmean":2.86000156403,"dmean2":4.58078289032,"dvar":6.33553314209,"dvar2":16.9764842987,"max":32.0041542053,"mean":15.4067640305,"median":14.5707454681,"min":1.7972009182,"var":26.1641101837},"melbands_flatness_db":{"dmean":0.0217297989875,"dmean2":0.0333529114723,"dvar":0.000469499325845,"dvar2":0.00115716818254,"max":0.727672994137,"mean":0.369174927473,"median":0.36695420742,"min":0.00361910485663,"var":0.00567342992872},"melbands_kurtosis":{"dmean":4.09825849533,"dmean2":6.48130750656,"dvar":43.7410736084,"dvar2":108.501213074,"max":272.584533691,"mean":9.46779060364,"median":6.61124610901,"min":-1.80924582481,"var":124.423019409},"melbands_skewness":{"dmean":0.498999774456,"dmean2":0.774661958218,"dvar":0.253557473421,"dvar2":0.63950407505,"max":11.6672258377,"mean":1.86804640293,"median":1.75484800339,"min":-2.1841044426,"var":1.2481367588},"melbands_spread":{"dmean":1.53953754902,"dmean2":2.36076331139,"dvar":4.61976003647,"dvar2":9.85722160339,"max":173.315246582,"mean":7.33716678619,"median":5.75688886642,"min":0.404728084803,"var":72.8994445801},"mfcc":{"cov":[[6308.16845703,367.7605896,-997.011352539,530.29498291,-115.313964844,82.2326812744,3.23134326935,121.018745422,44.953250885,151.763031006,107.356269836,7.71229362488,58.5793266296],[367.7605896,1290.55639648,-2.11797690392,43.5190849304,101.124084473,-6.48046350479,38.0971794128,18.6593456268,49.7294082642,37.0594863892,5.40772628784,-6.73642778397,16.0864696503],[-997.011352539,-2.11797690392,789.859375,77.8328475952,111.016601562,61.0061225891,2.01449084282,-10.3071584702,13.721654892,2.08316469193,10.3374319077,25.5045547485,-1.29378974438],[530.29498291,43.5190849304,77.8328475952,368.926513672,115.502388,75.8013076782,56.2037315369,60.2495346069,53.1160774231,67.3608703613,44.7811851501,12.3601112366,24.0367164612],[-115.313964844,101.124084473,111.016601562,115.502388,229.141891479,68.8644180298,40.8210067749,44.6943244934,51.9295921326,34.2594108582,28.0236206055,15.491071701,12.4260549545],[82.2326812744,-6.48046350479,61.0061225891,75.8013076782,68.8644180298,155.681564331,66.7961654663,35.6959877014,29.5405807495,24.2137432098,21.712059021,16.5018558502,10.6335382462],[3.23134326935,38.0971794128,2.01449084282,56.2037315369,40.8210067749,66.7961654663,148.678131104,74.9182357788,35.4241981506,28.5132389069,15.8980417252,11.2149972916,16.2512626648],[121.018745422,18.6593456268,-10.3071584702,60.2495346069,44.6943244934,35.6959877014,74.9182357788,146.584197998,77.8319549561,24.3409461975,6.24258995056,4.62338399887,8.55902576447],[44.953250885,49.7294082642,13.721654892,53.1160774231,51.9295921326,29.5405807495,35.4241981506,77.8319549561,140.643341064,67.295135498,8.87944507599,7.81721925735,13.9387979507],[151.763031006,37.0594863892,2.08316469193,67.3608703613,34.2594108582,24.2137432098,28.5132389069,24.3409461975,67.295135498,131.691757202,56.3340911865,12.7532730103,21.9152469635],[107.356269836,5.40772628784,10.3374319077,44.7811851501,28.0236206055,21.712059021,15.8980417252,6.24258995056,8.87944507599,56.3340911865,118.560424805,55.3053588867,18.2315273285],[7.71229362488,-6.73642778397,25.5045547485,12.3601112366,15.491071701,16.5018558502,11.2149972916,4.62338399887,7.81721925735,12.7532730103,55.3053588867,106.599143982,50.3392601013],[58.5793266296,16.0864696503,-1.29378974438,24.0367164612,12.4260549545,10.6335382462,16.2512626648,8.55902576447,13.9387979507,21.9152469635,18.2315273285,50.3392601013,108.841163635]],"icov":[[0.000289969902951,-0.000102002530184,0.000388202694012,-0.000531204976141,0.000339925696608,-0.000302905886201,0.000400274497224,-0.000281612446997,0.000187476442079,-0.000165145713254,-6.94131740602e-05,-3.56094387826e-05,-2.85576061287e-05],[-0.000102002530184,0.000863025023136,-9.75629227469e-05,0.000198813388124,-0.000541092886124,0.000422808428993,-0.000434818561189,0.000330841896357,-0.000308439281071,1.38788691402e-05,3.69939298253e-05,0.000155702116899,-9.98495233944e-05],[0.000388202694012,-9.75629227469e-05,0.00193478236906,-0.000869335257448,-0.000168148078956,-0.000757695059292,0.000683028483763,1.54404733621e-05,0.000126888422528,-7.99557528808e-05,0.000124253172544,-0.000494402833283,0.000218191795284],[-0.000531204976141,0.000198813388124,-0.000869335257448,0.0046568736434,-0.00183220684994,-0.000256784493104,-0.000764830852859,-0.00038711167872,6.70640474709e-06,-0.000849421601743,-0.000449468177976,0.000679603603203,-0.000472204672405],[0.000339925696608,-0.000541092886124,-0.000168148078956,-0.00183220684994,0.00674254260957,-0.00200874707662,0.0005661676405,-0.000765404198319,-0.00106297456659,0.000271970580798,-0.000898251368199,5.30175857421e-05,-9.09093796508e-05],[-0.000302905886201,0.000422808428993,-0.000757695059292,-0.000256784493104,-0.00200874707662,0.00961950793862,-0.00411267532036,0.00102530966979,-0.000865013862494,0.000400934542995,-0.000301755469991,-0.000514015962835,0.000289538525976],[0.000400274497224,-0.000434818561189,0.000683028483763,-0.000764830852859,0.0005661676405,-0.00411267532036,0.0116596277803,-0.00583383999765,0.00213962933049,-0.00181611708831,0.000172807616764,-0.000224295072258,-0.000752683379687],[-0.000281612446997,0.000330841896357,1.54404733621e-05,-0.00038711167872,-0.000765404198319,0.00102530966979,-0.00583383999765,0.0135257020593,-0.00738075887784,0.00325245363638,-0.000837590836454,0.000580195570365,0.000145282407175],[0.000187476442079,-0.000308439281071,0.000126888422528,6.70640474709e-06,-0.00106297456659,-0.000865013862494,0.00213962933049,-0.00738075887784,0.0148901399225,-0.00793550163507,0.00387968635187,-0.00201853713952,0.000386126630474],[-0.000165145713254,1.38788691402e-05,-7.99557528808e-05,-0.000849421601743,0.000271970580798,0.000400934542995,-0.00181611708831,0.00325245363638,-0.00793550163507,0.0152288349345,-0.00771313346922,0.00396022433415,-0.00237103924155],[-6.94131740602e-05,3.69939298253e-05,0.000124253172544,-0.000449468177976,-0.000898251368199,-0.000301755469991,0.000172807616764,-0.000837590836454,0.00387968635187,-0.00771313346922,0.015956627205,-0.00869457609951,0.00270934752189],[-3.56094387826e-05,0.000155702116899,-0.000494402833283,0.000679603603203,5.30175857421e-05,-0.000514015962835,-0.000224295072258,0.000580195570365,-0.00201853713952,0.00396022433415,-0.00869457609951,0.0170361492783,-0.00708952965215],[-2.85576061287e-05,-9.98495233944e-05,0.000218191795284,-0.000472204672405,-9.09093796508e-05,0.000289538525976,-0.000752683379687,0.000145282407175,0.000386126630474,-0.00237103924155,0.00270934752189,-0.00708952965215,0.0126608069986]],"mean":[-772.282104492,214.393478394,3.24389648438,14.7040987015,-1.03796935081,-7.9790058136,-7.64218473434,-8.21443367004,-9.91247749329,-5.32051992416,-7.72354316711,-7.99544858932,-2.85488247871]},"pitch_salience":{"dmean":0.0627760365605,"dmean2":0.101764373481,"dvar":0.00299635063857,"dvar2":0.00797514710575,"max":0.860078632832,"mean":0.538873434067,"median":0.54366350174,"min":0.118944719434,"var":0.0140845868737},"silence_rate_20dB":{"dmean":0,"dmean2":0,"dvar":0,"dvar2":0,"max":1,"mean":1,"median":1,"min":1,"var":0},"silence_rate_30dB":{"dmean":0.0107950214297,"dmean2":0.0215914137661,"dvar":0.0106790298596,"dvar2":0.0248093996197,"max":1,"mean":0.974093616009,"median":1,"min":0,"var":0.0252354126424},"silence_rate_60dB":{"dmean":0.019431039691,"dmean2":0.0388645455241,"dvar":0.0190530568361,"dvar2":0.0451010577381,"max":1,"mean":0.0977204889059,"median":0,"min":0,"var":0.0881599187851},"spectral_centroid":{"dmean":51.8761100769,"dmean2":80.1313171387,"dvar":11810.0722656,"dvar2":20988.28125,"max":11904.2978516,"mean":492.711364746,"median":418.7578125,"min":121.878097534,"var":354808.3125},"spectral_complexity":{"dmean":1.28308355808,"dmean2":2.18682932854,"dvar":1.32816064358,"dvar2":3.36287212372,"max":22,"mean":9.66759777069,"median":10,"min":0,"var":14.3888969421},"spectral_contrast_coeffs":{"dmean":[0.046234279871,0.0398936644197,0.0315157547593,0.0248901117593,0.0181140266359,0.0139038292691],"dmean2":[0.077335074544,0.0636650025845,0.0493057966232,0.0398258827627,0.0293412413448,0.0227468945086],"dvar":[0.00144910300151,0.00102060416248,0.000658823759295,0.000425511825597,0.000233054684941,0.000166852536495],"dvar2":[0.00397601816803,0.00269313156605,0.00157636206131,0.00105406506918,0.000579807674512,0.000423422956374],"max":[-0.224513918161,-0.314399331808,-0.417482376099,-0.432920962572,-0.609098732471,-0.640414953232],"mean":[-0.550676345825,-0.673011183739,-0.715171217918,-0.754075944424,-0.779978275299,-0.79972666502],"median":[-0.553480863571,-0.678153395653,-0.720000743866,-0.762631714344,-0.77997726202,-0.798538386822],"min":[-0.980303287506,-0.978797197342,-0.971861124039,-0.97268640995,-0.968246042728,-0.964553594589],"var":[0.0101362159476,0.00735688069835,0.006031898316,0.00521433446556,0.00237080617808,0.00145159021486]},"spectral_contrast_valleys":{"dmean":[0.379904597998,0.275143831968,0.24763302505,0.213978782296,0.191988661885,0.229263663292],"dmean2":[0.635896027088,0.45298397541,0.410010129213,0.353795647621,0.30904135108,0.368176132441],"dvar":[0.116601638496,0.0617361702025,0.0534528158605,0.0476050525904,0.0581095144153,0.105778507888],"dvar2":[0.284221678972,0.139431983232,0.116157330573,0.0992449894547,0.120041847229,0.245365098119],"max":[-5.04900550842,-4.64987659454,-6.28159093857,-7.19834518433,-7.21340084076,-9.0889787674],"mean":[-7.9015545845,-6.89485311508,-8.25843048096,-9.12839794159,-9.77497768402,-12.7445726395],"median":[-7.68540382385,-6.68603086472,-8.05886173248,-8.92631244659,-9.56579589844,-12.675567627],"min":[-28.1790504456,-28.2922840118,-28.047832489,-27.6305503845,-27.5023365021,-27.4159984589],"var":[2.60108828545,2.16535687447,1.9843159914,1.87254440784,1.84516632557,1.54131400585]},"spectral_decrease":{"dmean":1.71271041793e-09,"dmean2":2.57500110123e-09,"dvar":7.40339304098e-18,"dvar2":1.5998361261e-17,"max":2.33579181963e-16,"mean":-6.85865320094e-09,"median":-4.8023074406e-09,"min":-6.99617999089e-08,"var":5.47269873193e-17},"spectral_energy":{"dmean":0.00662487652153,"dmean2":0.00995055213571,"dvar":0.000109409556899,"dvar2":0.000236396677792,"max":0.266912728548,"mean":0.0267223175615,"median":0.0188375953585,"min":1.02915016848e-20,"var":0.000815988285467},"spectral_energyband_high":{"dmean":8.93240485311e-06,"dmean2":1.50226351252e-05,"dvar":1.98340743829e-09,"dvar2":5.56669554896e-09,"max":0.00152307364624,"mean":1.68352689798e-05,"median":4.25761800216e-06,"min":7.27908922406e-21,"var":2.22390084126e-09},"spectral_energyband_low":{"dmean":0.00274174450897,"dmean2":0.00408799899742,"dvar":5.42967572983e-05,"dvar2":0.000112904905109,"max":0.252648502588,"mean":0.00725294556469,"median":0.00134812737815,"min":1.96647388448e-23,"var":0.000297598715406},"spectral_energyband_middle_high":{"dmean":0.000644035870209,"dmean2":0.000885098183062,"dvar":3.47609011442e-06,"dvar2":6.93718084221e-06,"max":0.068198800087,"mean":0.00213650567457,"median":0.000814977684058,"min":1.23948188225e-21,"var":2.08298843063e-05},"spectral_energyband_middle_low":{"dmean":0.00514160515741,"dmean2":0.00795363914222,"dvar":5.82560860494e-05,"dvar2":0.00013989591389,"max":0.164899140596,"mean":0.0182320829481,"median":0.0132358493283,"min":1.54661102961e-22,"var":0.000319143873639},"spectral_entropy":{"dmean":0.160504415631,"dmean2":0.253747552633,"dvar":0.0286174807698,"dvar2":0.0746767669916,"max":9.82344913483,"mean":6.08721494675,"median":6.10317707062,"min":3.95553469658,"var":0.274247854948},"spectral_flux":{"dmean":0.0156959891319,"dmean2":0.0261110290885,"dvar":0.000374717259547,"dvar2":0.000980228884146,"max":0.339301496744,"mean":0.0539827533066,"median":0.0482099168003,"min":6.56854640124e-11,"var":0.00116155366413},"spectral_kurtosis":{"dmean":12.4152488708,"dmean2":21.2563686371,"dvar":247.854537964,"dvar2":661.186645508,"max":454.021057129,"mean":34.2041549683,"median":26.1071052551,"min":-1.2540320158,"var":889.280029297},"spectral_rms":{"dmean":0.00058369198814,"dmean2":0.000875183497556,"dvar":4.28081023074e-07,"dvar2":9.51294680362e-07,"max":0.016136996448,"mean":0.00452530197799,"median":0.00428697327152,"min":3.16867300627e-12,"var":5.59211048312e-06},"spectral_rolloff":{"dmean":81.5544586182,"dmean2":142.067321777,"dvar":66178.0234375,"dvar2":142481.5625,"max":21231.7382812,"mean":635.186218262,"median":473.73046875,"min":86.1328125,"var":1751559},"spectral_skewness":{"dmean":0.752775907516,"dmean2":1.29073262215,"dvar":0.566098332405,"dvar2":1.57852637768,"max":17.8196468353,"mean":4.11853933334,"median":3.80304002762,"min":-0.0582660734653,"var":2.63573503494},"spectral_spread":{"dmean":341263.46875,"dmean2":582495.8125,"dvar":354854174720,"dvar2":836151934976,"max":42211964,"mean":2103557,"median":1807909.875,"min":191271.921875,"var":5408128237570.0},"spectral_strongpeak":{"dmean":0.380188554525,"dmean2":0.627381801605,"dvar":0.354861140251,"dvar2":0.845220685005,"max":11.8038234711,"mean":0.993675112724,"median":0.709560394287,"min":0,"var":1.07959651947},"zerocrossingrate":{"dmean":0.00270703388378,"dmean2":0.00355595396832,"dvar":1.82127714652e-05,"dvar2":2.51816163654e-05,"max":0.73388671875,"mean":0.0245031993836,"median":0.02001953125,"min":0.00341796875,"var":0.00126594607718}},"metadata":{"audio_properties":{"analysis_sample_rate":44100,"bit_rate":244557,"codec":"mp3","downmix":"mix","equal_loudness":0,"length":365.66204834,"lossless":false,"md5_encoded":"9d70334b66002ecc0d86060bef733aaa","replay_gain":-8.99872970581,"sample_rate":44100},"tags":{"acoustid_id":["e1c01b93-0f73-48ea-b5cc-8e9fa7468e42"],"album":["Journey"],"albumartist":["Austin Wintory"],"albumartistsort":["Wintory, Austin"],"artist":["Austin Wintory"],"artistsort":["Wintory, Austin"],"artistwebpage":["http://austinwintory.com/"],"date":["2012"],"discnumber":["1/1"],"file_name":"05 Threshold.mp3","media":["Digital Media"],"musicbrainz album release country":["XW"],"musicbrainz album status":["official"],"musicbrainz album type":["album/soundtrack"],"musicbrainz_albumartistid":["78f15956-c5e1-46d6-a46b-fa6f46681ec8"],"musicbrainz_albumid":["1f3abcda-15a7-4465-92c6-9926cdc4f247"],"musicbrainz_artistid":["78f15956-c5e1-46d6-a46b-fa6f46681ec8"],"musicbrainz_recordingid":["59db8a77-da98-4468-bb8a-32780311ecfe"],"musicbrainz_releasegroupid":["d1850227-c7c7-42c8-b469-6e99023412de"],"originaldate":["2012"],"script":["Latn"],"title":["Threshold"],"tracknumber":["5/18"]},"version":{"essentia":"2.1-beta2","essentia_build_sha":"26c37b627ab5a2028d412893e0969599b764ad4d","essentia_git_sha":"v2.1_beta2","extractor":"music 1.0"}},"rhythm":{"beats_count":789,"beats_loudness":{"dmean":0.019882388413,"dmean2":0.0350042171776,"dvar":0.000944144325331,"dvar2":0.00293110776693,"max":0.269698709249,"mean":0.0346211455762,"median":0.0233063101768,"min":0,"var":0.00137399765663},"beats_loudness_band_ratio":{"dmean":[0.201151624322,0.190428629518,0.148601338267,0.0553783141077,0.00805103033781,0.00396588630974],"dmean2":[0.347936362028,0.326372981071,0.255783468485,0.0919820815325,0.0137704769149,0.00530115328729],"dvar":[0.0350639261305,0.0231223572046,0.023413002491,0.00857560988516,0.0001843647