{"lowlevel":{"average_loudness":0.121672779322,"barkbands":{"dmean":[0.000196166598471,0.00230647576973,0.00213644467294,0.00155186280608,0.00154407764785,0.00131973542739,0.000465442892164,0.000209933845326,0.000256624800386,0.000186855017091,8.66477639647e-05,4.21866679972e-05,4.30297586718e-05,3.25850414811e-05,3.52781753463e-05,1.92891911865e-05,2.09261052078e-05,7.74993168307e-06,5.50574532099e-06,2.23047072723e-06,1.30353942041e-06,6.15821647898e-07,7.19279341865e-07,1.24750647501e-06,1.53556015903e-06,1.79962250968e-06,1.4047706145e-06],"dmean2":[0.000306447414914,0.00399706605822,0.00351412524469,0.00248923851177,0.00249842833728,0.00173187011387,0.000595732417423,0.000296471058391,0.000351604772732,0.000276116246823,0.000131153137772,6.4083673351e-05,6.32734154351e-05,5.0123911933e-05,5.71710479562e-05,3.13014352287e-05,3.54516669177e-05,1.24853759189e-05,9.12667383091e-06,3.60026092494e-06,2.10174948734e-06,1.01773946426e-06,1.11893803023e-06,1.80388678928e-06,2.44080160883e-06,2.75865750154e-06,2.27009877563e-06],"dvar":[2.87530156129e-07,2.09412100958e-05,3.44888940162e-05,1.67443886312e-05,1.57092890731e-05,9.57220981945e-06,1.84576822448e-06,3.65057388763e-07,3.8073821429e-07,2.28797915724e-07,7.49463211491e-08,4.12429734808e-08,6.72148914305e-08,1.89183140265e-08,1.2855172038e-08,8.9856149188e-09,6.39048636231e-09,1.88202453621e-09,4.41160830089e-10,9.30965096679e-11,3.7968787836e-11,9.32777986795e-12,1.9526050915e-11,9.94206730831e-11,1.5773608808e-10,2.530028409e-10,1.45247841532e-10],"dvar2":[6.88459863341e-07,6.12177755102e-05,9.01081730262e-05,4.68707694381e-05,4.05763603339e-05,1.82276344276e-05,2.95497693514e-06,6.47124466013e-07,6.97713517184e-07,4.60853982531e-07,1.77625977926e-07,8.92854288281e-08,1.11323004148e-07,3.47784485655e-08,3.39660743975e-08,2.27586802737e-08,1.79439627601e-08,4.07292644056e-09,1.1748775286e-09,2.44085918144e-10,9.7250645037e-11,2.70609333552e-11,4.64355290331e-11,2.00384583926e-10,3.89003190771e-10,6.1313759625e-10,3.71076225303e-10],"max":[0.00750349182636,0.077463015914,0.088118776679,0.123472034931,0.0976804345846,0.0708625167608,0.0494363605976,0.0196907073259,0.0150749888271,0.0101648969576,0.0073130573146,0.00793384574354,0.0131431873888,0.00683377310634,0.00249079056084,0.00301471864805,0.00241062394343,0.00156314019114,0.000611038296483,0.000318263046211,0.000256417319179,0.000101181227365,0.000160272786161,0.000361179176252,0.000401624507504,0.000594014360104,0.000493787287269],"mean":[0.000261981622316,0.00442316476256,0.00430003274232,0.00268880580552,0.00385295739397,0.00445392727852,0.00102528627031,0.000463784206659,0.00059981807135,0.000330143317115,0.000144606397953,8.17124746391e-05,6.94059053785e-05,5.52554629394e-05,5.73504439672e-05,3.30071379722e-05,3.59038058377e-05,1.35247328217e-05,1.08099293357e-05,5.6210396906e-06,3.28051532961e-06,1.72570867107e-06,2.31856029131e-06,3.0619626159e-06,3.73395914721e-06,5.02073135067e-06,4.53066058981e-06],"median":[1.56044079631e-05,0.00106643442996,0.000618744059466,0.000669405562803,0.000880025036167,0.000736223417334,0.000119572832773,7.61877527111e-05,0.000103607395431,3.24954162352e-05,2.62716530415e-05,7.13523240847e-06,7.18395540389e-06,7.35107960281e-06,5.1858801271e-06,2.97533097182e-06,3.72107570001e-06,1.78953678187e-06,1.21627181215e-06,7.18176977443e-07,3.19577736718e-07,1.19284450761e-07,6.45393569698e-08,3.44350397086e-08,1.61755551176e-08,9.61560253643e-09,2.41345965435e-09],"min":[2.99943207877e-25,2.1333425784e-24,2.0370522195e-25,8.74998994045e-25,1.26329400208e-23,7.88612414036e-24,7.43140262648e-24,9.32337822257e-24,2.19862034499e-23,1.63287817607e-23,5.56116330378e-24,2.61778947559e-23,4.02188079198e-23,5.04842107032e-23,3.32693661742e-23,5.9434812705e-23,7.28162349968e-23,1.09098049553e-22,1.15580138544e-22,1.89809160313e-22,2.03850480529e-22,3.62690653022e-22,3.80316380486e-22,6.44886292684e-22,8.56798666608e-22,1.28479051854e-21,2.03870294191e-21],"var":[4.76969375995e-07,5.9564550611e-05,7.30439205654e-05,3.57788085239e-05,5.89224728174e-05,7.83495561336e-05,6.62672982799e-06,1.36421658681e-06,1.53656287694e-06,5.61961712719e-07,1.55301151494e-07,9.20845764085e-08,1.57359352215e-07,3.95910930706e-08,2.29930847695e-08,1.7409799824e-08,1.24563745985e-08,3.77247788563e-09,1.24083876507e-09,4.63336230494e-10,1.68367098041e-10,5.22885623688e-11,1.67114641569e-10,3.60759228046e-10,6.05315297886e-10,1.21101662032e-09,1.04876363149e-09]},"barkbands_crest":{"dmean":2.33018016815,"dmean2":3.85506772995,"dvar":4.64404392242,"dvar2":12.8496980667,"max":26.0537261963,"mean":12.3915529251,"median":11.4718856812,"min":3.64437484741,"var":19.3679161072},"barkbands_flatness_db":{"dmean":0.0207837820053,"dmean2":0.0339335352182,"dvar":0.000446205958724,"dvar2":0.00120851036627,"max":0.679020881653,"mean":0.329062342644,"median":0.295385837555,"min":0.0487767904997,"var":0.0202132798731},"barkbands_kurtosis":{"dmean":3.5607881546,"dmean2":5.6703119278,"dvar":56.9120445251,"dvar2":151.128921509,"max":233.608642578,"mean":7.60292482376,"median":4.24361991882,"min":-1.94933903217,"var":160.524139404},"barkbands_skewness":{"dmean":0.50029861927,"dmean2":0.78575783968,"dvar":0.264544308186,"dvar2":0.679436564445,"max":9.55630874634,"mean":1.58198535442,"median":1.46469855309,"min":-6.77378511429,"var":1.56151676178},"barkbands_spread":{"dmean":1.11203944683,"dmean2":1.71051907539,"dvar":5.56468009949,"dvar2":11.3324842453,"max":112.403747559,"mean":5.42951059341,"median":3.65712404251,"min":0.126663222909,"var":58.6736297607},"dissonance":{"dmean":0.0354341343045,"dmean2":0.0591547042131,"dvar":0.00110208929982,"dvar2":0.00292227976024,"max":0.499999910593,"mean":0.392565727234,"median":0.404843002558,"min":0.0953031927347,"var":0.00436390051618},"dynamic_complexity":7.70425415039,"erbbands":{"dmean":[0.0663877800107,0.557490766048,2.18456816673,4.23975896835,3.82455062866,6.09303379059,10.271982193,10.7922201157,6.50240278244,7.32796001434,3.98377466202,5.48734617233,6.45685052872,4.44601154327,3.00049495697,1.56588315964,2.21059560776,1.73996245861,1.64249312878,1.31897556782,1.19214296341,0.863545954227,0.494027674198,0.336105912924,0.221546381712,0.131889104843,0.0753827989101,0.0348889455199,0.0202003195882,0.0217405371368,0.0178914982826,0.0277881957591,0.0215690266341,0.0180980134755,0.0127703528851,0.00947606191039,0.00315017835237,0.00132079026662,0.00028577024932,1.42988283187e-05],"dmean2":[0.112347669899,0.972638845444,3.66276311874,6.73492002487,6.26829624176,9.87127590179,14.4657869339,13.8517284393,8.75174617767,9.41351032257,5.57773303986,7.28639554977,9.69412517548,6.40857124329,4.51468467712,2.39713025093,3.22495341301,2.67895889282,2.68444728851,2.1410317421,1.91781067848,1.45632696152,0.820554971695,0.547282397747,0.36746814847,0.213384598494,0.123562246561,0.0562225803733,0.0326138809323,0.0348298102617,0.0270598586649,0.0388741828501,0.0334639847279,0.0290397424251,0.0205555744469,0.0146087436005,0.00475947093219,0.00210127374157,0.000442906894023,2.25260173465e-05],"dvar":[0.0199880655855,1.39121830463,37.0273513794,103.197517395,94.1364212036,400.28604126,762.891113281,640.885009766,427.04977417,376.659301758,135.057846069,179.041046143,257.026702881,179.889251709,87.8461456299,83.6556015015,189.569320679,58.8898544312,34.5454826355,23.5025787354,38.9701881409,9.27755260468,4.9266667366,1.8595842123,0.830115973949,0.329530566931,0.114279069006,0.0363950058818,0.00932421348989,0.0136152505875,0.0111607769504,0.0515548735857,0.0306722037494,0.0197976790369,0.0156091079116,0.00903955847025,0.000665110826958,0.00014068026212,5.66851804251e-06,4.1189545108e-09],"dvar2":[0.0538664311171,4.02112627029,98.5068054199,258.447357178,296.399597168,1019.89099121,1623.73413086,1126.88574219,756.75769043,619.389770508,229.313461304,318.945617676,536.366394043,348.33026123,201.127609253,171.987197876,309.854370117,108.623252869,90.9551239014,61.7810554504,100.030952454,25.4732112885,13.024520874,4.41837787628,2.18690848351,0.857495725155,0.317104935646,0.098909124732,0.0250237770379,0.0369327999651,0.0262728482485,0.0955543741584,0.073027536273,0.0510731451213,0.0394806265831,0.0223485715687,0.00152733747382,0.000355049531208,1.43492225106e-05,1.00000852044e-08],"max":[1.66740739346,19.6481685638,94.6044387817,220.066970825,264.6980896,572.828552246,779.685852051,557.153991699,768.692749023,544.222167969,470.046936035,424.504577637,320.96875,296.489562988,260.26159668,408.635772705,720.364440918,380.56741333,143.918212891,139.398513794,208.303695679,90.8423080444,69.8795166016,52.8114776611,23.1539974213,18.7350959778,9.74664497375,8.71963405609,3.68214297295,4.20978069305,3.76382255554,9.13540554047,5.48597478867,4.75673246384,4.31998872757,3.48080706596,1.10685908794,0.577849328518,0.10646006465,0.00273657916114],"mean":[0.10281188041,1.08900606632,4.52299308777,8.16823482513,7.55461025238,14.3825845718,29.9971504211,35.3343048096,17.2705001831,17.2928962708,9.88714790344,13.8341598511,12.3956880569,8.60769081116,5.93225336075,3.35817456245,3.7823703289,3.04849863052,2.79400038719,2.32943844795,2.10493469238,1.65803682804,0.996881425381,0.675433754921,0.461250603199,0.31718814373,0.171743929386,0.094603292644,0.0605463050306,0.0641361773014,0.0577439516783,0.0653562322259,0.0525486320257,0.0439383238554,0.0271249115467,0.0178997740149,0.0098625337705,0.004160345532,0.000893206568435,5.10391728312e-05],"median":[0.01968447119,0.277364373207,0.762960910797,2.28714990616,2.76257610321,2.4547495842,3.81001019478,5.64544391632,2.36416840553,2.07559728622,2.17006015778,2.564432621,2.10447645187,1.51629781723,1.27549815178,0.47556835413,0.447165518999,0.397363722324,0.238824591041,0.333542644978,0.149409204721,0.202830970287,0.122393004596,0.0962374657393,0.0599489361048,0.0375165492296,0.0169659033418,0.00848107412457,0.00465341936797,0.00248915050179,0.00168801669497,0.00096355745336,0.000476200046251,0.0002271587,0.0001071447914,5.06853066327e-05,2.17061078729e-05,4.65088578494e-06,6.42138456897e-06,1.34156889544e-05],"min":[1.25371593696e-22,6.53013907658e-22,7.11649269789e-22,7.70914236324e-21,1.10420776178e-20,2.17203960989e-20,3.016529623e-20,7.28356569289e-20,1.37988835145e-19,1.86365187875e-19,2.93447879923e-19,4.92938433716e-19,5.45389697864e-19,3.07214646858e-19,7.1914968718e-19,1.19354025002e-18,2.03455866364e-18,3.07931921016e-18,2.17597842425e-18,3.90544558102e-18,3.93399696064e-18,5.14122198332e-18,5.59987502141e-18,7.2983278683e-18,7.42134286028e-18,1.00532446266e-17,7.78034751793e-18,1.03246723641e-17,1.20369387136e-17,1.30985960785e-17,1.11558135174e-17,1.19282901945e-17,9.71441076818e-18,6.54102168363e-18,6.56754357561e-18,4.36768237912e-18,2.42652564153e-18,9.28701729903e-19,2.3482308252e-19,2.98277257607e-20],"var":[0.0377719849348,3.88706660271,80.1495742798,244.34197998,187.366592407,1428.69921875,4608.13623047,5004.74707031,1614.32897949,1788.84655762,541.268554688,813.977416992,647.727416992,491.339538574,238.28288269,178.167526245,467.090637207,130.668258667,60.5433387756,48.2797737122,71.6158828735,22.5682563782,13.298248291,5.69501113892,2.30606007576,1.46045482159,0.456036835909,0.138207554817,0.0637848749757,0.100654140115,0.09610247612,0.166208788753,0.113099597394,0.0808398276567,0.0368585921824,0.0174419526011,0.00474011804909,0.000936503580306,3.989828474e-05,3.32589102925e-08]},"erbbands_crest":{"dmean":2.50542259216,"dmean2":3.81763267517,"dvar":4.82318115234,"dvar2":11.5629405975,"max":30.44789505,"mean":12.9366102219,"median":12.3082370758,"min":2.79078793526,"var":22.2643585205},"erbbands_flatness_db":{"dmean":0.0147433336824,"dmean2":0.0228132009506,"dvar":0.000189980855794,"dvar2":0.000469663762487,"max":0.525569677353,"mean":0.2865460217,"median":0.280248731375,"min":0.051000110805,"var":0.00653639156371},"erbbands_kurtosis":{"dmean":2.11065077782,"dmean2":3.25421524048,"dvar":10.6055936813,"dvar2":25.2267780304,"max":73.8773269653,"mean":5.01110172272,"median":2.26785516739,"min":-1.6367264986,"var":51.6371612549},"erbbands_skewness":{"dmean":0.362830370665,"dmean2":0.548964977264,"dvar":0.109137803316,"dvar2":0.24546970427,"max":6.03061056137,"mean":1.22332024574,"median":1.1064966917,"min":-1.596093297,"var":0.851288557053},"erbbands_spread":{"dmean":2.55363178253,"dmean2":3.83101558685,"dvar":10.9387750626,"dvar2":23.1964893341,"max":140.267868042,"mean":13.9288072586,"median":12.2367868423,"min":1.05208659172,"var":135.310241699},"gfcc":{"cov":[[33783.1289062,2659.96801758,-7284.14355469,-446.941802979,-783.047851562,-837.692138672,-502.35824585,45.7385902405,62.2151641846,-208.827713013,-185.651977539,-238.412109375,-164.35345459],[2659.96801758,2883.50048828,684.312744141,154.245681763,348.141571045,32.317779541,275.652954102,-192.925827026,108.769775391,-301.803405762,103.529037476,-256.932678223,122.282676697],[-7284.14355469,684.312744141,4844.37792969,653.687744141,795.406005859,535.950317383,295.691314697,63.9024276733,122.676620483,38.6539382935,108.191040039,-47.525844574,59.396232605],[-446.941802979,154.245681763,653.687744141,639.355102539,290.295562744,51.1938781738,79.4199142456,18.6056232452,92.8224639893,5.07386732101,55.4118080139,-30.1059474945,27.7289733887],[-783.047851562,348.141571045,795.406005859,290.295562744,413.202850342,102.837509155,100.287460327,14.0473165512,81.892288208,-21.4944324493,51.3953361511,-43.6164665222,16.4693756104],[-837.692138672,32.317779541,535.950317383,51.1938781738,102.837509155,207.973205566,89.9982452393,35.8376579285,6.60238075256,14.8315324783,-5.80119514465,-10.2965602875,-9.10352897644],[-502.35824585,275.652954102,295.691314697,79.4199142456,100.287460327,89.9982452393,210.904708862,10.0315742493,23.4346008301,-44.2839355469,18.4287338257,-59.2489395142,6.71851921082],[45.7385902405,-192.925827026,63.9024276733,18.6056232452,14.0473165512,35.8376579285,10.0315742493,114.315315247,23.5205993652,53.4299583435,-16.4935722351,24.472984314,-29.8017883301],[62.2151641846,108.769775391,122.676620483,92.8224639893,81.892288208,6.60238075256,23.4346008301,23.5205993652,98.099647522,14.81711483,20.8945121765,-22.2804107666,6.89782381058],[-208.827713013,-301.803405762,38.6539382935,5.07386732101,-21.4944324493,14.8315324783,-44.2839355469,53.4299583435,14.81711483,108.298088074,2.14956140518,41.4720153809,-24.8725643158],[-185.651977539,103.529037476,108.191040039,55.4118080139,51.3953361511,-5.80119514465,18.4287338257,-16.4935722351,20.8945121765,2.14956140518,63.377040863,8.75474834442,16.8471794128],[-238.412109375,-256.932678223,-47.525844574,-30.1059474945,-43.6164665222,-10.2965602875,-59.2489395142,24.472984314,-22.2804107666,41.4720153809,8.75474834442,88.1690826416,16.4391956329],[-164.35345459,122.282676697,59.396232605,27.7289733887,16.4693756104,-9.10352897644,6.71851921082,-29.8017883301,6.89782381058,-24.8725643158,16.8471794128,16.4391956329,65.1651229858]],"icov":[[7.20444513718e-05,-0.000149914063513,0.000128582396428,-8.71024822118e-05,1.50643381858e-05,-3.46019987774e-05,0.000210186641198,-0.000261059525656,1.81280483957e-05,-6.49997091386e-05,0.000117146060802,5.57090152142e-06,0.000174762186361],[-0.000149914063513,0.00106745318044,-0.000314691395033,0.00040308223106,-0.000239550645347,4.80841044919e-05,-0.000366922846297,0.000424822355853,-0.000244931783527,0.00132407201454,-0.00139897118788,0.00194161082618,-0.00156332249753],[0.000128582396428,-0.000314691395033,0.000625303247944,-0.000271676981356,-0.00046456680866,-0.0008197503048,0.0004105019907,-0.000442530290456,0.00026923706173,-0.000495699932799,5.61738524993e-05,4.85116142954e-05,-2.57969822997e-05],[-8.71024822118e-05,0.00040308223106,-0.000271676981356,0.00265436572954,-0.00147049326915,0.000554311496671,-0.000457909482066,3.5945304262e-05,-0.000727352278773,-0.000215647247387,-0.000911061128136,0.000980716198683,-0.00136238127016],[1.50643381858e-05,-0.000239550645347,-0.00046456680866,-0.00147049326915,0.00557344360277,-0.00113995780703,0.000256625848124,-0.000779832887929,-0.00205793650821,0.00178464851342,-0.00205918797292,0.000271145341685,0.000948703614995],[-3.46019987774e-05,4.80841044919e-05,-0.0008197503048,0.000554311496671,-0.00113995780703,0.00902775861323,-0.00378704979084,-0.00010436354205,0.000936730997637,-0.0020283383783,0.00329560996033,-0.001533482573,0.000887298025191],[0.000210186641198,-0.000366922846297,0.0004105019907,-0.000457909482066,0.000256625848124,-0.00378704979084,0.010157215409,-0.00535534834489,0.00159937515855,0.00298612681217,-0.00493933819234,0.00755601003766,-0.00270964717492],[-0.000261059525656,0.000424822355853,-0.000442530290456,3.5945304262e-05,-0.000779832887929,-0.00010436354205,-0.00535534834489,0.01955733262,-0.00685225008056,-0.00406896462664,0.00823533162475,-0.0113425813615,0.00851576775312],[1.81280483957e-05,-0.000244931783527,0.00026923706173,-0.000727352278773,-0.00205793650821,0.000936730997637,0.00159937515855,-0.00685225008056,0.0185022745281,-0.00527330720797,-0.00527459429577,0.0103398207575,-0.00729422783479],[-6.49997091386e-05,0.00132407201454,-0.000495699932799,-0.000215647247387,0.00178464851342,-0.0020283383783,0.00298612681217,-0.00406896462664,-0.00527330720797,0.0207725893706,-0.00477027660236,-0.00460071349517,0.00587256159633],[0.000117146060802,-0.00139897118788,5.61738524993e-05,-0.000911061128136,-0.00205918797292,0.00329560996033,-0.00493933819234,0.00823533162475,-0.00527459429577,-0.00477027660236,0.0274205114692,-0.0127199459821,0.00337080680765],[5.57090152142e-06,0.00194161082618,4.85116142954e-05,0.000980716198683,0.000271145341685,-0.001533482573,0.00755601003766,-0.0113425813615,0.0103398207575,-0.00460071349517,-0.0127199459821,0.035093780607,-0.0187550894916],[0.000174762186361,-0.00156332249753,-2.57969822997e-05,-0.00136238127016,0.000948703614995,0.000887298025191,-0.00270964717492,0.00851576775312,-0.00729422783479,0.00587256159633,0.00337080680765,-0.0187550894916,0.0302547197789]],"mean":[-222.736160278,181.743103027,-59.8977127075,3.49114322662,-39.1155357361,-10.7745294571,-28.4592914581,-4.50583934784,-16.0903091431,-9.86888313293,-8.31438159943,-5.57115316391,-1.62135219574]},"hfc":{"dmean":1.33014643192,"dmean2":1.97622537613,"dvar":4.91131401062,"dvar2":10.8922796249,"max":49.6750335693,"mean":6.15449905396,"median":2.7607717514,"min":1.07993021476e-16,"var":63.5653381348},"melbands":{"dmean":[0.000596371130086,0.000980063574389,0.00068419042509,0.000325913715642,0.00034538298496,0.00023626719485,0.000102225407318,7.07360086381e-05,3.16374789691e-05,3.55132651748e-05,3.25193213939e-05,1.88853537111e-05,1.29796053443e-05,4.96730808663e-06,4.23303072239e-06,3.92178526454e-06,3.18689194501e-06,2.53216762758e-06,1.91513868231e-06,1.35228685849e-06,1.53702967509e-06,8.87761871127e-07,1.04258901956e-06,4.72302758681e-07,2.73828703712e-07,2.23374769348e-07,9.42816811289e-08,8.99594851944e-08,6.0184085271e-08,2.81146181891e-08,2.4286428868e-08,1.25658399242e-08,1.30953434763e-08,1.58291229013e-08,9.82199832578e-09,1.56847814736e-08,2.12424495771e-08,1.51376422508e-08,1.55100927657e-08,1.57742032769e-08],"dmean2":[0.00102726800833,0.00165224622469,0.00109660695307,0.000532628560904,0.000502306502312,0.000307194364723,0.000136777904117,9.24756677705e-05,4.374177297e-05,4.83210387756e-05,4.88085388497e-05,2.72731213045e-05,1.95182383322e-05,7.48891625335e-06,6.55609210298e-06,5.68035738979e-06,4.98485724165e-06,4.16531975134e-06,3.11849589707e-06,2.2020740289e-06,2.47136722464e-06,1.50684309119e-06,1.72990564806e-06,7.56387464662e-07,4.56028487861e-07,3.71435646684e-07,1.55363409249e-07,1.45844524013e-07,9.97577842554e-08,4.60104168098e-08,4.1063078271e-08,2.06769517064e-08,2.22658140814e-08,2.57685961458e-08,1.4981502261e-08,2.39131239255e-08,2.84767089909e-08,2.4327313497e-08,2.48407001635e-08,2.57853898233e-08],"dvar":[1.35106563448e-06,6.18806870989e-06,2.65398625743e-06,7.00257828612e-07,7.64756862282e-07,2.99071842846e-07,9.7756021944e-08,3.52202391696e-08,7.8698718653e-09,7.33489136095e-09,6.51108900129e-09,3.43212813725e-09,1.68551705926e-09,4.93692919878e-10,4.56737453414e-10,4.77284878286e-10,1.84139647974e-10,7.80094808195e-11,3.45724768258e-11,2.56503759205e-11,6.32672456091e-11,8.43749809604e-12,2.32118577831e-11,9.35698914184e-12,1.09779817615e-12,7.45171611048e-13,1.96604736072e-13,1.50593797957e-13,7.2332588595e-14,1.66067382285e-14,2.26946384591e-14,3.34172518318e-15,5.40708860539e-15,9.15991762963e-15,3.30446123921e-15,8.3328585663e-15,3.94755503784e-14,1.3974201333e-14,1.5813251316e-14,1.4692887613e-14],"dvar2":[3.86900592275e-06,1.63857475854e-05,7.07248000253e-06,1.94504605133e-06,1.71089402556e-06,5.46098704035e-07,1.70991839354e-07,5.93808699989e-08,1.3268458332e-08,1.33084112619e-08,1.34550939279e-08,6.65532473576e-09,3.94301968853e-09,1.0338141454e-09,9.39937239153e-10,7.85531528713e-10,3.44503037208e-10,2.06459696561e-10,9.03442667899e-11,6.88505641389e-11,1.61701776968e-10,2.3712714084e-11,6.22587398302e-11,2.00022619995e-11,2.78201008237e-12,1.93575407439e-12,5.31153409016e-13,4.00778829611e-13,2.06670862065e-13,4.27359733159e-14,6.58473587613e-14,9.34633856989e-15,1.55547842944e-14,2.48775728072e-14,8.10290775585e-15,2.08232733221e-14,6.99509284589e-14,3.44373475862e-14,4.22315719721e-14,3.84719925188e-14],"max":[0.0185666680336,0.037254024297,0.041892029345,0.0196856483817,0.0216233264655,0.0113762877882,0.0115723377094,0.00514385988936,0.00367190269753,0.00230357213877,0.00163146050181,0.00130931544118,0.00115570880007,0.000807038741186,0.000980919692665,0.00106703815982,0.000649675435852,0.000203676754609,0.000116226823593,0.000140287869726,0.00027761462843,8.01320638857e-05,0.000170474653714,0.000108410189569,3.56690507033e-05,2.01002876565e-05,1.37775496114e-05,1.29011687022e-05,6.66656478643e-06,3.917414233e-06,6.65637071506e-06,2.04675120585e-06,2.36928008235e-06,3.40373958352e-06,2.09992231248e-06,2.78690527011e-06,7.75814442022e-06,3.59505133929e-06,3.72426779904e-06,4.2810515879e-06],"mean":[0.00106213532854,0.00211235973984,0.00137885694858,0.000708121689968,0.000980612821877,0.000778689689469,0.000268600269919,0.000167871185113,7.93611834524e-05,8.51656659506e-05,6.04794222454e-05,3.47463173966e-05,2.27810032811e-05,9.94473248284e-06,8.06944990472e-06,6.91526338414e-06,5.29859607923e-06,4.18048921347e-06,3.42128168995e-06,2.37370568357e-06,2.49410140896e-06,1.60051729381e-06,1.60503032021e-06,7.22725985725e-07,5.0717051181e-07,4.18468260932e-07,2.23715616698e-07,1.9341798918e-07,1.15806962242e-07,6.52677414337e-08,5.43537623798e-08,3.33136718211e-08,3.20885078509e-08,3.94363297573e-08,2.7491612542e-08,4.32378648441e-08,3.96444832518e-08,3.75646855844e-08,3.24081455005e-08,3.78397508882e-08],"median":[0.00025313324295,0.000447663827799,0.00044582830742,0.000177358742803,0.00013583463442,0.000126760205603,3.86739848182e-05,1.97552362806e-05,1.70521725522e-05,1.44878886204e-05,9.27586916077e-06,5.04235231347e-06,4.36887421529e-06,1.02313663319e-06,1.1173516441e-06,7.2486056979e-07,6.30550403002e-07,3.19034882068e-07,3.83778285595e-07,3.39415294093e-07,1.11963174731e-07,2.00145507279e-07,1.12811065378e-07,8.28529351793e-08,6.19900362153e-08,5.11279054649e-08,2.58518682017e-08,2.06555164084e-08,1.00826653693e-08,6.31231777959e-09,4.20823464964e-09,2.68231037381e-09,1.66704416937e-09,1.20061738329e-09,9.201861495e-10,7.67556462833e-10,4.83940110207e-10,3.37685823748e-10,2.26222346411e-10,1.65958802256e-10],"min":[1.03205528382e-24,3.04933024274e-25,1.57291804196e-24,2.50187314977e-24,9.38697835812e-25,1.73267716641e-24,1.95953660224e-24,2.50107403367e-24,2.25918107835e-24,2.70762740094e-24,2.68339970761e-24,7.20758789792e-25,2.70423786285e-24,3.04699437629e-24,3.62995607715e-24,3.38704647734e-24,4.98932316118e-24,3.38250145523e-24,2.36378521768e-24,5.31210926638e-24,3.54465536418e-24,4.5649163886e-24,4.51803517386e-24,5.2046044855e-24,5.5075061683e-24,3.99730493488e-24,4.24245056093e-24,5.27248951627e-24,5.27627013216e-24,4.1319595471e-24,5.38822842727e-24,6.7996662475e-24,6.78484118451e-24,6.54986791984e-24,5.50764106351e-24,6.97195425807e-24,6.50769581028e-24,6.96636517855e-24,5.7882661032e-24,4.87330696557e-24],"var":[3.19187392961e-06,1.52798875206e-05,6.27827967037e-06,2.09996551348e-06,4.20097967435e-06,2.37832568928e-06,3.7170076439e-07,1.72310222979e-07,3.29349099104e-08,3.03423242087e-08,1.6227248878e-08,8.92148488418e-09,3.80730647009e-09,1.21566468003e-09,1.26833288316e-09,1.29185651065e-09,3.80322079385e-10,1.38641778613e-10,7.67285124326e-11,5.71365038615e-11,1.12224854409e-10,1.88213871571e-11,3.70419632467e-11,1.69314406245e-11,3.04938973378e-12,1.82314276523e-12,7.35406906812e-13,5.68633736018e-13,2.00385281285e-13,7.06697748281e-14,5.29647669039e-14,1.79176572396e-14,2.33245074053e-14,4.52512850867e-14,2.22961585853e-14,5.33071342331e-14,8.92070841025e-14,5.68553925186e-14,4.46530799261e-14,6.10476431776e-14]},"melbands_crest":{"dmean":2.85885477066,"dmean2":4.67580842972,"dvar":6.61566734314,"dvar2":18.5454158783,"max":36.1156806946,"mean":15.8910636902,"median":15.592168808,"min":1.6000854969,"var":24.5370635986},"melbands_flatness_db":{"dmean":0.022942699492,"dmean2":0.0372847653925,"dvar":0.000555830658413,"dvar2":0.00148813810665,"max":0.871088325977,"mean":0.443500757217,"median":0.399625957012,"min":0.00281814765185,"var":0.0321989357471},"melbands_kurtosis":{"dmean":3.8884806633,"dmean2":6.05071926117,"dvar":104.464485168,"dvar2":262.343139648,"max":533.352050781,"mean":8.84078025818,"median":5.51793193817,"min":-1.57782375813,"var":196.380462646},"melbands_skewness":{"dmean":0.479491740465,"dmean2":0.733969628811,"dvar":0.233387798071,"dvar2":0.539090394974,"max":16.3367938995,"mean":1.78939092159,"median":1.60710287094,"min":-0.559316277504,"var":1.18372380733},"melbands_spread":{"dmean":1.49390161037,"dmean2":2.35892105103,"dvar":16.3963832855,"dvar2":41.5386276245,"max":206.455810547,"mean":7.48143386841,"median":4.43331766129,"min":0.294321030378,"var":249.949768066},"mfcc":{"cov":[[16429.9394531,3694.34033203,-4544.0625,-1342.00366211,-915.081176758,-851.570983887,-615.653076172,-265.843170166,-200.240585327,-5.70342874527,-129.64604187,-31.8410053253,-137.464691162],[3694.34033203,2984.29443359,-170.061172485,-47.4973564148,-2.36435246468,33.1137542725,77.2610015869,105.736503601,24.7400779724,-13.3853521347,-15.2527074814,-60.8683013916,-107.085540771],[-4544.0625,-170.061172485,2944.66113281,1006.19818115,725.68548584,548.578857422,365.840637207,268.929656982,196.309280396,77.6324615479,113.48134613,62.5919303894,61.1970367432],[-1342.00366211,-47.4973564148,1006.19818115,786.423522949,436.478515625,231.846954346,114.487220764,104.003463745,84.4680862427,67.4627838135,62.530292511,19.6372585297,30.6169128418],[-915.081176758,-2.36435246468,725.68548584,436.478515625,434.608428955,210.054016113,88.8594970703,78.7322998047,59.8972702026,44.559173584,63.4689445496,33.012588501,17.7615356445],[-851.570983887,33.1137542725,548.578857422,231.846954346,210.054016113,222.211761475,122.669250488,84.0669555664,51.9502067566,28.7844772339,32.7933578491,15.574057579,7.66556501389],[-615.653076172,77.2610015869,365.840637207,114.487220764,88.8594970703,122.669250488,167.936141968,93.2568435669,45.3407249451,22.5328636169,25.1396121979,6.66437101364,5.49248600006],[-265.843170166,105.736503601,268.929656982,104.003463745,78.7322998047,84.0669555664,93.2568435669,108.87399292,55.4323577881,23.2634124756,17.792263031,-0.585362672806,-1.46583580971],[-200.240585327,24.7400779724,196.309280396,84.4680862427,59.8972702026,51.9502067566,45.3407249451,55.4323577881,75.9148330688,43.464630127,18.4058361053,9.78863620758,11.6964359283],[-5.70342874527,-13.3853521347,77.6324615479,67.4627838135,44.559173584,28.7844772339,22.5328636169,23.2634124756,43.464630127,71.7161178589,41.817276001,14.5450563431,8.65870666504],[-129.64604187,-15.2527074814,113.48134613,62.530292511,63.4689445496,32.7933578491,25.1396121979,17.792263031,18.4058361053,41.817276001,68.6613006592,32.5469589233,5.68676614761],[-31.8410053253,-60.8683013916,62.5919303894,19.6372585297,33.012588501,15.574057579,6.66437101364,-0.585362672806,9.78863620758,14.5450563431,32.5469589233,58.2068786621,29.6384334564],[-137.464691162,-107.085540771,61.1970367432,30.6169128418,17.7615356445,7.66556501389,5.49248600006,-1.46583580971,11.6964359283,8.65870666504,5.68676614761,29.6384334564,57.7924385071]],"icov":[[0.000227915341384,-0.000277923652902,0.00032092485344,-2.74802769127e-05,-0.000123618432553,0.000204796117032,0.000413581467001,-0.000450592051493,0.000281412998447,-0.000675209390465,0.000520184752531,-0.000720217067283,2.43449976551e-05],[-0.000277923652902,0.000719769392163,-0.000316421239404,3.23473250319e-05,8.62869856064e-05,-0.000242113659624,-0.000611997325905,0.000156835681992,-0.000463970092824,0.000982380355708,-0.000585739326198,0.000861408712808,0.000620865204837],[0.00032092485344,-0.000316421239404,0.00138701440301,-0.0006805221783,-0.000430589687312,-0.000583537796047,-9.03597392607e-05,-0.0005521751591,-0.000826631730888,0.000444803648861,0.000154220542754,-0.00100682280026,-0.000125018937979],[-2.74802769127e-05,3.23473250319e-05,-0.0006805221783,0.00355909974314,-0.00267492374405,0.000300671556033,0.000361068028724,-0.000440905365394,0.00067330384627,-0.00189061579295,0.00043200829532,0.00165926769841,-0.00118007918354],[-0.000123618432553,8.62869856064e-05,-0.000430589687312,-0.00267492374405,0.00765143986791,-0.00450587645173,0.00197790795937,-7.14980560588e-05,-0.000548044918105,0.00186633795965,-0.00344386766665,-0.000546779599972,0.000245814531809],[0.000204796117032,-0.000242113659624,-0.000583537796047,0.000300671556033,-0.00450587645173,0.0140500860289,-0.00550151057541,-0.00123221694957,0.000458063092083,-0.00207677367143,0.00283594895154,-0.00213023484685,0.00154180382378],[0.000413581467001,-0.000611997325905,-9.03597392607e-05,0.000361068028724,0.00197790795937,-0.00550151057541,0.0162634123117,-0.0106169506907,0.00305217248388,-0.00176412251312,-0.00134000799153,-0.000379070115741,-0.00196609087288],[-0.000450592051493,0.000156835681992,-0.0005521751591,-0.000440905365394,-7.14980560588e-05,-0.00123221694957,-0.0106169506907,0.0271384567022,-0.0157734807581,0.00706853624433,-0.00459024356678,0.00497781159356,0.00195203302428],[0.000281412998447,-0.000463970092824,-0.000826631730888,0.00067330384627,-0.000548044918105,0.000458063092083,0.00305217248388,-0.0157734807581,0.0367775186896,-0.0230105090886,0.0114182028919,-0.00551203172654,-0.00254668388516],[-0.000675209390465,0.000982380355708,0.000444803648861,-0.00189061579295,0.00186633795965,-0.00207677367143,-0.00176412251312,0.00706853624433,-0.0230105090886,0.0399506613612,-0.0245340634137,0.00979318190366,-0.00314311706461],[0.000520184752531,-0.000585739326198,0.000154220542754,0.00043200829532,-0.00344386766665,0.00283594895154,-0.00134000799153,-0.00459024356678,0.0114182028919,-0.0245340634137,0.039886828512,-0.0221388470381,0.00924677215517],[-0.000720217067283,0.000861408712808,-0.00100682280026,0.00165926769841,-0.000546779599972,-0.00213023484685,-0.000379070115741,0.00497781159356,-0.00551203172654,0.00979318190366,-0.0221388470381,0.0389304310083,-0.0174554139376],[2.43449976551e-05,0.000620865204837,-0.000125018937979,-0.00118007918354,0.000245814531809,0.00154180382378,-0.00196609087288,0.00195203302428,-0.00254668388516,-0.00314311706461,0.00924677215517,-0.0174554139376,0.0282538346946]],"mean":[-850.444152832,197.463684082,36.5455780029,28.5475158691,9.48266983032,-2.78608250618,-2.0799369812,-0.381322324276,-1.52529168129,-2.29512572289,-4.78397607803,-4.6586728096,-3.55449485779]},"pitch_salience":{"dmean":0.0627261027694,"dmean2":0.102650776505,"dvar":0.00341218779795,"dvar2":0.00921670719981,"max":0.879932045937,"mean":0.525849819183,"median":0.533145904541,"min":0.103909701109,"var":0.0133002530783},"silence_rate_20dB":{"dmean":0,"dmean2":0,"dvar":0,"dvar2":0,"max":1,"mean":1,"median":1,"min":1,"var":0},"silence_rate_30dB":{"dmean":0.0151759022847,"dmean2":0.0303587857634,"dvar":0.0149444276467,"dvar2":0.0344935655594,"max":1,"mean":0.972413778305,"median":1,"min":0,"var":0.0268268007785},"silence_rate_60dB":{"dmean":0.0289721768349,"dmean2":0.0579576827586,"dvar":0.0281326901168,"dvar2":0.0651777014136,"max":1,"mean":0.249885052443,"median":0,"min":0,"var":0.187442645431},"spectral_centroid":{"dmean":53.2935256958,"dmean2":82.8714065552,"dvar":32470.71875,"dvar2":60023.2851562,"max":11635.2822266,"mean":521.986206055,"median":345.715576172,"min":97.7705383301,"var":1250217},"spectral_complexity":{"dmean":1.01908481121,"dmean2":1.74011039734,"dvar":1.28935563564,"dvar2":3.29588532448,"max":27,"mean":7.01839065552,"median":7,"min":0,"var":27.0825920105},"spectral_contrast_coeffs":{"dmean":[0.0419503450394,0.0341404415667,0.0299757588655,0.0218376908451,0.0157055128366,0.0104634677991],"dmean2":[0.0704291090369,0.0538852065802,0.0479710735381,0.0361896343529,0.0261084958911,0.0173482466489],"dvar":[0.00122543866746,0.000768237281591,0.000627650122624,0.000322540348861,0.000196103617782,9.35379357543e-05],"dvar2":[0.00346586038359,0.00190630462021,0.00156025588512,0.000870096206199,0.00052062276518,0.000239032233367],"max":[-0.321704953909,-0.426096111536,-0.523318588734,-0.600562930107,-0.679796636105,-0.709795296192],"mean":[-0.626169979572,-0.679256021976,-0.753740668297,-0.805052340031,-0.825191140175,-0.83132225275],"median":[-0.630272626877,-0.682293772697,-0.754097044468,-0.796766161919,-0.810109376907,-0.816066145897],"min":[-0.975019991398,-0.971990525723,-0.987279295921,-0.9698112607,-0.967039585114,-0.96428579092],"var":[0.00953191891313,0.00724222743884,0.00533416122198,0.00344389025122,0.00308512430638,0.00329750473611]},"spectral_contrast_valleys":{"dmean":[0.352211505175,0.282613843679,0.249433293939,0.206877321005,0.154055088758,0.13700863719],"dmean2":[0.591778218746,0.458586156368,0.411683738232,0.338414281607,0.248752787709,0.222217604518],"dvar":[0.110694676638,0.0967015698552,0.0936890766025,0.0763098821044,0.0669706240296,0.0603449270129],"dvar2":[0.24815453589,0.183761104941,0.177266195416,0.13400118053,0.100284904242,0.0997028574347],"max":[-5.16771125793,-5.33527708054,-5.90713500977,-7.21049308777,-7.08589076996,-9.11548519135],"mean":[-8.06544494629,-8.09602928162,-9.3137140274,-10.3891563416,-10.7964324951,-13.3957109451],"median":[-7.48810005188,-7.58251857758,-8.56560134888,-9.60751724243,-10.0083723068,-13.3678359985],"min":[-27.8644428253,-27.8183574677,-27.7271957397,-27.7373371124,-27.5920448303,-27.4439716339],"var":[6.96036958694,6.35297679901,6.60615158081,6.50472640991,6.13708353043,3.44740581512]},"spectral_decrease":{"dmean":1.65802349628e-09,"dmean2":2.64032817832e-09,"dvar":8.74206822993e-18,"dvar2":2.18038572527e-17,"max":2.4066188618e-16,"mean":-5.92770277308e-09,"median":-2.8913262895e-09,"min":-5.15863298745e-08,"var":5.7342046034e-17},"spectral_energy":{"dmean":0.00636670505628,"dmean2":0.010123305954,"dvar":0.000128028463223,"dvar2":0.000318963167956,"max":0.198400214314,"mean":0.0229307487607,"median":0.0111716873944,"min":1.00987815268e-20,"var":0.000851362652611},"spectral_energyband_high":{"dmean":6.54848827253e-06,"dmean2":1.00261022453e-05,"dvar":1.88632931497e-09,"dvar2":4.08992217871e-09,"max":0.00189994159155,"mean":2.5920002372e-05,"median":8.76287799656e-07,"min":7.06983918628e-21,"var":2.02125178816e-08},"spectral_energyband_low":{"dmean":0.00449056597427,"dmean2":0.00747438706458,"dvar":8.94224140211e-05,"dvar2":0.000229865792789,"max":0.128779500723,"mean":0.0107295429334,"median":0.00300872744992,"min":2.1435471253e-23,"var":0.000280194537481},"spectral_energyband_middle_high":{"dmean":0.000250390585279,"dmean2":0.000359517638572,"dvar":3.60721969628e-07,"dvar2":7.14959639936e-07,"max":0.0155354738235,"mean":0.000770560116507,"median":0.00016875496658,"min":1.28717320664e-21,"var":2.18573200073e-06},"spectral_energyband_middle_low":{"dmean":0.0036330409348,"dmean2":0.00550850993022,"dvar":4.46003832621e-05,"dvar2":0.00011392160377,"max":0.179030865431,"mean":0.0132195195183,"median":0.0057688895613,"min":1.50009158648e-22,"var":0.00033823956619},"spectral_entropy":{"dmean":0.133695080876,"dmean2":0.206207916141,"dvar":0.0171311292797,"dvar2":0.0406694710255,"max":9.82150840759,"mean":5.86670446396,"median":5.9741859436,"min":3.67329335213,"var":1.03191566467},"spectral_flux":{"dmean":0.0147175546736,"dmean2":0.024694563821,"dvar":0.000404933904065,"dvar2":0.00107655092143,"max":0.281949281693,"mean":0.0467739291489,"median":0.0375144630671,"min":6.25308693714e-11,"var":0.00154285586905},"spectral_kurtosis":{"dmean":16.4857902527,"dmean2":28.9151859283,"dvar":694.375976562,"dvar2":2242.60498047,"max":459.932128906,"mean":61.6914672852,"median":32.9143943787,"min":-1.26146399975,"var":4824.29248047},"spectral_rms":{"dmean":0.000563331937883,"dmean2":0.000887324858923,"dvar":5.31082434918e-07,"dvar2":1.27920418436e-06,"max":0.0139126265422,"mean":0.00382985617034,"median":0.00330139463767,"min":3.13886438542e-12,"var":7.70365113567e-06},"spectral_rolloff":{"dmean":90.4397583008,"dmean2":149.483764648,"dvar":104146.523438,"dvar2":143186.15625,"max":21296.3378906,"mean":793.482666016,"median":366.064453125,"min":64.599609375,"var":6538913},"spectral_skewness":{"dmean":0.756726384163,"dmean2":1.31149089336,"dvar":0.69272506237,"dvar2":2.10154557228,"max":18.7144680023,"mean":5.54547691345,"median":4.28524208069,"min":-0.091907761991,"var":12.7052783966},"spectral_spread":{"dmean":301974.375,"dmean2":512196.65625,"dvar":445032169472,"dvar2":843587125248,"max":42800316,"mean":2459801,"median":1653649.5,"min":285086.8125,"var":18223428796400.0},"spectral_strongpeak":{"dmean":0.216695651412,"dmean2":0.360096931458,"dvar":0.122863925993,"dvar2":0.306346148252,"max":5.88535881042,"mean":0.558362603188,"median":0.352411925793,"min":8.66450938775e-11,"var":0.356291770935},"zerocrossingrate":{"dmean":0.00296741165221,"dmean2":0.0037659869995,"dvar":6.02231666562e-05,"dvar2":6.3176608819e-05,"max":0.748046875,"mean":0.0286212507635,"median":0.01513671875,"min":0.001953125,"var":0.00541542191058}},"metadata":{"audio_properties":{"analysis_sample_rate":44100,"bit_rate":243881,"codec":"mp3","downmix":"mix","equal_loudness":0,"length":100.963264465,"lossless":false,"md5_encoded":"fb77deeb9cb8b2ef2602989644ebebb1","replay_gain":-9.32809257507,"sample_rate":44100},"tags":{"acoustid_id":["d76dd841-b875-470e-84f8-cda37d896054"],"album":["Journey"],"albumartist":["Austin Wintory"],"albumartistsort":["Wintory, Austin"],"artist":["Austin Wintory"],"artistsort":["Wintory, Austin"],"artistwebpage":["http://austinwintory.com/"],"date":["2012"],"discnumber":["1/1"],"file_name":"06 Third Confluence.mp3","media":["Digital Media"],"musicbrainz album release country":["XW"],"musicbrainz album status":["official"],"musicbrainz album type":["album/soundtrack"],"musicbrainz_albumartistid":["78f15956-c5e1-46d6-a46b-fa6f46681ec8"],"musicbrainz_albumid":["1f3abcda-15a7-4465-92c6-9926cdc4f247"],"musicbrainz_artistid":["78f15956-c5e1-46d6-a46b-fa6f46681ec8"],"musicbrainz_recordingid":["ed94c67d-bea8-4741-a3a6-593f20a22eb6"],"musicbrainz_releasegroupid":["d1850227-c7c7-42c8-b469-6e99023412de"],"originaldate":["2012"],"script":["Latn"],"title":["Third Confluence"],"tracknumber":["6/18"]},"version":{"essentia":"2.1-beta2","essentia_build_sha":"26c37b627ab5a2028d412893e0969599b764ad4d","essentia_git_sha":"v2.1_beta2","extractor":"music 1.0"}},"rhythm":{"beats_count":211,"beats_loudness":{"dmean":0.0193154625595,"dmean2":0.0346225723624,"dvar":0.00057695817668,"dvar2":0.00205492414534,"max":0.124655403197,"mean":0.0276484042406,"median":0.0137429581955,"min":0,"var":0.00101956783328},"beats_loudness_band_ratio":{"dmean":[0.161286503077,0.141717925668,0.103048712015,0.0405590496957,0.00875638239086,0.0114204240963],"dmean2":[0.292485624552,0.254168599844,0.184508368373,0.0703710690141,0.0149856824428,0.0164618883282],"dvar":[0.0294055454433,0.0179132390767,0.0207545049489,0.00506834825501,0.000571794167627,0.007782115601