{"lowlevel":{"average_loudness":0.442082166672,"barkbands":{"dmean":[0.00019365362823,0.00788751710206,0.00218190904707,0.00153394369408,0.00180753041059,0.00173177139368,0.00078203168232,0.000470638158731,0.000389773806091,0.000257726322161,0.000156896363478,5.2847652114e-05,7.70971382735e-05,5.61434681003e-05,4.20413780375e-05,2.55831964751e-05,2.75260827038e-05,1.46979837155e-05,8.88371687324e-06,1.69570330399e-06,9.36837238896e-07,1.00010265669e-06,2.47375140816e-07,2.29718651212e-07,8.32454176702e-08,3.53976545853e-08,6.86313006426e-09],"dmean2":[0.000292002223432,0.0139208137989,0.00371864927001,0.00255098636262,0.00285954098217,0.00237674894743,0.00102892774157,0.000653959345073,0.000490123347845,0.000340460974257,0.000216179905692,7.96451931819e-05,0.000117801871966,8.48669587867e-05,6.8070476118e-05,4.08857558796e-05,4.31759035564e-05,2.31000049098e-05,1.32615959956e-05,2.72392821898e-06,1.40440818086e-06,1.40213956001e-06,3.58854236993e-07,3.27869315697e-07,1.22494100196e-07,5.1718320293e-08,1.13333307183e-08],"dvar":[1.42224962474e-07,0.000217066539335,1.81020459422e-05,1.4243413716e-05,2.06750610232e-05,1.04929949885e-05,3.237254532e-06,1.69789052507e-06,8.74773945725e-07,2.3662207127e-07,1.67957310282e-07,1.14415783514e-08,2.02743670741e-08,2.85014269963e-08,5.06871078443e-09,6.52149045877e-09,4.08080857994e-09,3.01813729564e-09,6.13955775108e-10,1.20339797155e-11,6.6083028806e-12,1.21830150135e-11,5.25508185144e-13,7.23620057104e-13,5.90289874814e-14,1.03605461748e-14,5.66488170646e-16],"dvar2":[3.3799369703e-07,0.000653849041555,5.00392488902e-05,4.32168526459e-05,5.01818358316e-05,2.54691440205e-05,5.57537077839e-06,2.90472576125e-06,1.18727143672e-06,3.86434976463e-07,2.66850605612e-07,2.48537137537e-08,4.5743838939e-08,6.50904681265e-08,1.28518076181e-08,1.46608520879e-08,9.19667453303e-09,5.8742348763e-09,1.1807351763e-09,2.8729988874e-11,1.48134664257e-11,2.1740055936e-11,1.10625007418e-12,1.53455124042e-12,1.28515010049e-13,2.00470150598e-14,1.59232029688e-15],"max":[0.0143811525777,0.153609961271,0.11317448318,0.0686870887876,0.13071270287,0.077397339046,0.064451135695,0.0485167056322,0.0525919795036,0.0123024946079,0.0110964048654,0.0023038664367,0.00191324204206,0.00324139674194,0.00127771450207,0.00241295946762,0.00154284806922,0.00259096291848,0.000676125229802,8.99333099369e-05,7.55020446377e-05,0.000128258529003,2.50038956437e-05,2.13767216337e-05,6.91896502758e-06,3.82814187105e-06,6.12181452198e-07],"mean":[0.000454733264633,0.010995904915,0.00358609156683,0.00337916612625,0.00410624500364,0.00550072547048,0.00202230899595,0.00116839318071,0.00114620686509,0.000602230953518,0.000347127730493,0.000107553227281,0.000125982274767,0.000108000582259,7.75048538344e-05,5.03742303408e-05,5.70271877223e-05,3.32890012942e-05,1.79435992322e-05,3.97113399231e-06,2.50408811553e-06,2.67246355179e-06,6.07195602242e-07,6.0184186168e-07,2.55566021679e-07,1.29239097646e-07,1.3288858014e-08],"median":[0.000110790388135,0.00382797722705,0.00124828808475,0.000487536861328,0.00168273446616,0.00183685962111,0.000850667129271,0.00021483200544,0.000338473037118,0.000188266974874,9.05735141714e-05,4.69247352157e-05,5.13181403221e-05,2.70445871138e-05,3.4536147723e-05,1.97846420633e-05,1.83414304047e-05,6.49475259706e-06,5.47637637283e-06,2.10254165722e-06,7.86527721175e-07,3.73089790173e-07,1.40351090749e-07,1.28766913576e-07,6.58028227463e-08,4.07634743738e-08,6.15156592332e-09],"min":[2.21851056552e-25,3.43275544477e-24,1.98496040592e-24,5.24871413606e-25,1.19269994408e-23,1.12655624487e-23,4.740525898e-24,1.17384214525e-23,1.9725637329e-23,9.47763839487e-24,2.36688216726e-23,1.66096083544e-23,3.99826986954e-23,4.39089288405e-23,3.98788435795e-23,7.44970135959e-23,7.28803283676e-23,1.06540436281e-22,1.31495754406e-22,1.74372767985e-22,2.19289750622e-22,3.57034356248e-22,4.63180298967e-22,5.68027107683e-22,9.05403302608e-22,1.35744559241e-21,1.98721599749e-21],"var":[1.05927642835e-06,0.000356595352059,3.68529581465e-05,5.71972923353e-05,5.89810042584e-05,7.92987339082e-05,1.8994036509e-05,1.27446628539e-05,9.26863685891e-06,1.13267753932e-06,7.26974008103e-07,3.31002247833e-08,4.24969748281e-08,8.79049082414e-08,1.33192097351e-08,1.69065348388e-08,1.62901923062e-08,1.7159937471e-08,1.67854208311e-09,3.52021120587e-11,2.98554271583e-11,5.2423770186e-11,2.19037526832e-12,2.79454562789e-12,3.00609526421e-13,7.59014162285e-14,9.39707139651e-16]},"barkbands_crest":{"dmean":3.1697101593,"dmean2":5.34030246735,"dvar":7.94692993164,"dvar2":22.486536026,"max":26.2420158386,"mean":13.4350633621,"median":12.4933214188,"min":3.52690672874,"var":26.0385322571},"barkbands_flatness_db":{"dmean":0.0252869911492,"dmean2":0.0414716340601,"dvar":0.000585397181567,"dvar2":0.00166900735348,"max":0.471813738346,"mean":0.276136606932,"median":0.283292293549,"min":0.056173030287,"var":0.00418684957549},"barkbands_kurtosis":{"dmean":8.11602687836,"dmean2":13.3242826462,"dvar":580.374938965,"dvar2":1533.18334961,"max":631.155334473,"mean":13.4024658203,"median":4.71237134933,"min":-1.9709764719,"var":1027.92016602},"barkbands_skewness":{"dmean":0.743996024132,"dmean2":1.20504403114,"dvar":1.04598045349,"dvar2":2.77781414986,"max":23.470703125,"mean":2.17665815353,"median":1.68250501156,"min":-6.95699119568,"var":5.03819084167},"barkbands_spread":{"dmean":2.25257587433,"dmean2":3.62292957306,"dvar":30.6822834015,"dvar2":76.3743057251,"max":148.305679321,"mean":7.57980394363,"median":5.26044893265,"min":0.434521466494,"var":113.051261902},"dissonance":{"dmean":0.0291572920978,"dmean2":0.0478631407022,"dvar":0.000643378414679,"dvar2":0.001686225296,"max":0.499999940395,"mean":0.41930359602,"median":0.423646777868,"min":0.234960511327,"var":0.00201257527806},"dynamic_complexity":7.22295331955,"erbbands":{"dmean":[0.235206156969,1.83044791222,2.96035170555,3.66119670868,3.28731703758,8.01019954681,9.31890201569,16.1653575897,10.6100387573,12.675652504,9.25897026062,11.1168031693,5.99999380112,7.83093690872,5.11546039581,2.45917725563,3.76052212715,2.8959608078,2.57155203819,1.36175513268,1.29730713367,1.04826080799,1.01645421982,0.600253760815,0.189771175385,0.0884692147374,0.05091721192,0.0276316665113,0.0427836701274,0.0158879309893,0.00641399528831,0.00744640035555,0.00247622979805,0.0013645318104,0.000387133273762,0.000149695944856,8.32803707453e-05,1.52859029185e-05,5.43484702575e-06,1.22016972455e-05],"dmean2":[0.415580153465,3.23523044586,5.11168289185,6.10871648788,5.54506778717,12.624124527,13.4727621078,22.5492267609,13.3004837036,17.8257751465,11.651512146,13.7580757141,8.22704315186,10.0070486069,7.28461313248,3.70292115211,5.79776000977,4.37605524063,4.12009525299,2.16606521606,2.07335996628,1.66846597195,1.58637034893,0.887414455414,0.305450439453,0.141451880336,0.0795951262116,0.04053311795,0.0610339939594,0.0210520997643,0.00919168721884,0.0109989726916,0.00359868467785,0.0020103037823,0.000564835732803,0.00022312431247,0.000125094898976,2.32436013903e-05,9.09948994376e-06,2.06029708352e-05],"dvar":[0.190476357937,12.2642774582,31.8853225708,63.6529998779,41.9259605408,563.746582031,363.492370605,1193.578125,375.68536377,1718.79003906,1027.11486816,720.406311035,220.4921875,275.570465088,148.6484375,24.4034690857,49.392829895,69.7160949707,16.2238616943,10.444396019,12.5909643173,5.71413469315,11.5703611374,2.87279486656,0.217819705606,0.0254485420883,0.0154149206355,0.0072378218174,0.0237551126629,0.00238475040533,0.000335932563758,0.000983514590189,4.83220464957e-05,1.71141564351e-05,1.03833451703e-06,1.44417342085e-07,7.68410188812e-08,1.60048596598e-09,7.77312311739e-11,3.36915939592e-10],"dvar2":[0.575603485107,36.72631073,91.5756378174,191.617141724,126.061943054,1386.06494141,797.047485352,3003.64990234,837.804077148,2863.45874023,1492.09265137,965.378417969,407.752044678,355.941162109,275.194122314,52.8512420654,113.892913818,157.870422363,40.8594589233,24.6609764099,26.296207428,13.5653495789,22.3347835541,5.55052757263,0.516630232334,0.0600922815502,0.0357562340796,0.0148764802143,0.0448788069189,0.00366393709555,0.000657500000671,0.00217487057671,9.14819247555e-05,3.77362448489e-05,2.11419842344e-06,2.86452916498e-07,1.45925582729e-07,3.54185147877e-09,2.27259225327e-10,9.89086257341e-10],"max":[6.07650947571,38.7124290466,117.319534302,124.135948181,129.677062988,755.854797363,695.994934082,882.606689453,486.943115234,1671.14831543,1272.73266602,1551.79040527,303.491577148,469.960662842,312.162994385,118.234169006,100.071708679,167.847610474,52.6158943176,90.9999084473,116.788909912,60.7739562988,159.451904297,48.6561660767,14.9178037643,2.61431860924,3.15698218346,3.07929778099,5.18250417709,1.32796323299,0.69076359272,0.925416767597,0.258608162403,0.1223346591,0.037347394973,0.00968671776354,0.0113597493619,0.00153141340706,0.000191328115761,0.00028757652035],"mean":[0.305683612823,2.45392942429,4.74741649628,8.07643699646,8.20289230347,15.9686145782,34.2574119568,45.6135292053,30.5055484772,30.8922595978,29.0248737335,33.6909141541,14.3266534805,20.433549881,12.5192108154,5.34091901779,6.38905572891,5.93402338028,4.76933002472,3.04014658928,2.75207853317,2.51743197441,2.44578289986,1.24694633484,0.453157901764,0.215110898018,0.140805855393,0.0801747888327,0.108360081911,0.0406159311533,0.0179281141609,0.0167293418199,0.00764209358022,0.0038001392968,0.00130481820088,0.000532303878572,0.000275677099125,5.13185295858e-05,1.7289265088e-05,3.7379693822e-05],"median":[0.100896410644,0.829919278622,1.84059715271,2.38123726845,2.77194499969,5.13037538528,10.0676326752,14.305729866,13.4191503525,8.54539585114,5.95844364166,9.89496612549,5.60941028595,6.61774921417,4.60643863678,2.74608397484,2.98463916779,2.03317093849,2.44192504883,1.34959113598,1.21679115295,0.894674003124,0.561841130257,0.333948373795,0.202308952808,0.119431532919,0.0549135655165,0.0219361502677,0.0144223188981,0.00659988448024,0.00386143801734,0.00299612735398,0.00197434239089,0.000939858611673,0.000389616354369,0.00018512175302,9.00321974768e-05,1.86508950719e-05,1.43758024933e-05,2.96802936646e-05],"min":[8.77445504147e-23,1.01522213122e-21,2.71058059641e-21,4.92084172632e-21,1.76435152809e-20,2.9897150771e-20,5.68348884172e-20,9.27913051963e-20,6.91118255206e-20,6.50435961717e-20,2.80661011821e-19,4.49832914623e-19,5.83471542303e-19,7.62598176035e-19,8.25142077632e-19,8.6213338783e-19,1.87232848639e-18,2.39395085542e-18,1.84970116753e-18,2.92010431304e-18,4.44027781763e-18,5.65619816291e-18,5.85026135206e-18,6.98038362907e-18,7.04854496591e-18,8.72591504693e-18,9.32601803773e-18,1.00076338876e-17,1.12539841397e-17,1.12967733656e-17,1.20966512277e-17,9.586924865e-18,9.45541307377e-18,8.64322428264e-18,6.94481155401e-18,4.62937502798e-18,2.33547042688e-18,9.00394575365e-19,2.47992159763e-19,2.8022555939e-20],"var":[0.289167433977,19.662902832,57.791343689,206.370773315,187.477096558,1412.40209961,5407.47363281,7567.30908203,2242.65698242,10510.046875,9077.19628906,8043.37841797,733.38269043,1727.41418457,608.142456055,66.4719924927,100.042160034,221.165313721,40.6458091736,34.3783912659,31.8849086761,27.1986980438,66.475112915,9.12477111816,0.712613582611,0.0850869566202,0.0692246705294,0.0351012796164,0.0941742137074,0.0111412163824,0.00186461873818,0.00260944291949,0.000339949940098,7.59601098252e-05,6.92662160873e-06,9.93136950456e-07,4.29497021059e-07,1.06343476247e-08,2.47451559243e-10,1.24112187194e-09]},"erbbands_crest":{"dmean":2.28345918655,"dmean2":3.47160816193,"dvar":4.05647087097,"dvar2":9.84071826935,"max":30.8581809998,"mean":11.3106517792,"median":10.1307668686,"min":2.86064291,"var":24.7393417358},"erbbands_flatness_db":{"dmean":0.0120984707028,"dmean2":0.0174817442894,"dvar":9.25581771298e-05,"dvar2":0.000217351902393,"max":0.411671966314,"mean":0.243656724691,"median":0.24768961966,"min":0.0327510498464,"var":0.00394210079685},"erbbands_kurtosis":{"dmean":1.10249614716,"dmean2":1.69416832924,"dvar":2.53965377808,"dvar2":6.61665439606,"max":40.4402885437,"mean":1.56801509857,"median":0.53089094162,"min":-1.76247143745,"var":12.7838134766},"erbbands_skewness":{"dmean":0.32587313652,"dmean2":0.483105093241,"dvar":0.0771744847298,"dvar2":0.18040175736,"max":5.10573673248,"mean":0.712225973606,"median":0.617235600948,"min":-2.37949919701,"var":0.749768257141},"erbbands_spread":{"dmean":4.04973697662,"dmean2":6.23621273041,"dvar":48.1654815674,"dvar2":127.41381073,"max":209.385757446,"mean":22.6325817108,"median":17.8873806,"min":1.38988244534,"var":440.606170654},"gfcc":{"cov":[[39280.7578125,8646.09765625,-5784.22900391,137.322616577,-1115.6809082,-1219.69384766,-875.953857422,-433.159240723,-39.7246894836,-528.470336914,51.7931632996,-262.541687012,131.882522583],[8646.09765625,3238.14526367,-958.745117188,-378.329833984,-78.1212844849,-426.682189941,35.2935333252,-193.068328857,-89.9181137085,-221.087463379,60.6699485779,-182.283096313,161.323379517],[-5784.22900391,-958.745117188,1422.57666016,-29.8726730347,230.523696899,300.304229736,214.025100708,88.8115005493,21.9758224487,70.6352157593,-6.76749753952,16.776014328,5.37101125717],[137.322616577,-378.329833984,-29.8726730347,370.539154053,83.962677002,121.070167542,22.7901706696,58.3916664124,104.421813965,46.3951759338,-0.663519144058,35.9752426147,-45.8021736145],[-1115.6809082,-78.1212844849,230.523696899,83.962677002,277.062591553,105.050811768,168.042633057,54.6811141968,47.7655487061,13.6308422089,32.135974884,-9.29173660278,28.6655292511],[-1219.69384766,-426.682189941,300.304229736,121.070167542,105.050811768,276.12677002,105.136131287,113.751586914,76.0350265503,60.1257286072,25.220823288,57.4471931458,-4.7412853241],[-875.953857422,35.2935333252,214.025100708,22.7901706696,168.042633057,105.136131287,304.675140381,84.9465026855,85.2661895752,24.698797226,59.8183555603,0.24154163897,47.0705490112],[-433.159240723,-193.068328857,88.8115005493,58.3916664124,54.6811141968,113.751586914,84.9465026855,130.721435547,73.5385513306,41.3092803955,28.2430000305,38.7787208557,3.75357341766],[-39.7246894836,-89.9181137085,21.9758224487,104.421813965,47.7655487061,76.0350265503,85.2661895752,73.5385513306,137.94921875,58.3557395935,42.7209968567,29.1471405029,1.09736323357],[-528.470336914,-221.087463379,70.6352157593,46.3951759338,13.6308422089,60.1257286072,24.698797226,41.3092803955,58.3557395935,94.1877593994,38.8599739075,36.1551475525,-6.13974094391],[51.7931632996,60.6699485779,-6.76749753952,-0.663519144058,32.135974884,25.220823288,59.8183555603,28.2430000305,42.7209968567,38.8599739075,96.8680801392,48.3458747864,31.1062145233],[-262.541687012,-182.283096313,16.776014328,35.9752426147,-9.29173660278,57.4471931458,0.24154163897,38.7787208557,29.1471405029,36.1551475525,48.3458747864,97.7644882202,29.5756721497],[131.882522583,161.323379517,5.37101125717,-45.8021736145,28.6655292511,-4.7412853241,47.0705490112,3.75357341766,1.09736323357,-6.13974094391,31.1062145233,29.5756721497,87.3443756104]],"icov":[[0.000360648205969,-0.000967158644926,0.000731847947463,-0.00102511164732,0.000840112566948,-0.00056841596961,0.000533486541826,-0.000530374178197,9.73912974587e-05,-4.96503671457e-05,0.000139446885441,-5.57251223654e-05,5.24330280314e-05],[-0.000967158644926,0.00335573265329,-0.0015377328964,0.00316170672886,-0.00217052828521,0.00149863248225,-0.00148512551095,0.00180568406358,-0.000819842331111,0.00134031567723,-0.00163902773056,0.00195628590882,-0.00144288118463],[0.000731847947463,-0.0015377328964,0.00292745092884,-0.00110452470835,0.00100207747892,-0.00245749368332,0.000518781715073,-0.000251641118666,0.000250155368121,-0.000376913754735,0.000728520099074,0.000398917094572,-0.000179274822585],[-0.00102511164732,0.00316170672886,-0.00110452470835,0.00845809560269,-0.00471242470667,5.37585292477e-05,-0.00102614471689,0.00323777087033,-0.00439123343676,0.000818950065877,0.00166579510551,-0.00208554416895,0.00240046833642],[0.000840112566948,-0.00217052828521,0.00100207747892,-0.00471242470667,0.00925070606172,-0.00223233550787,-0.0010823358316,-0.00192461267579,0.00158160179853,0.000690473476425,-0.0024082288146,0.00402750447392,-0.00276093836874],[-0.00056841596961,0.00149863248225,-0.00245749368332,5.37585292477e-05,-0.00223233550787,0.00985133182257,-0.00163873715792,-0.0036839954555,0.000297963386402,-0.000949123001192,0.00103304826189,-0.00351724377833,0.00133106345311],[0.000533486541826,-0.00148512551095,0.000518781715073,-0.00102614471689,-0.0010823358316,-0.00163873715792,0.00846113171428,-0.00318170292303,-0.00275832763873,0.00138156395406,-0.00315712671727,0.00377675704658,-0.00281201861799],[-0.000530374178197,0.00180568406358,-0.000251641118666,0.00323777087033,-0.00192461267579,-0.0036839954555,-0.00318170292303,0.0172020122409,-0.0056685982272,0.000114938367915,0.00149454467464,-0.00353316660039,0.00132953654975],[9.73912974587e-05,-0.000819842331111,0.000250155368121,-0.00439123343676,0.00158160179853,0.000297963386402,-0.00275832763873,-0.0056685982272,0.0174288991839,-0.0068596904166,-0.00222749751993,0.000966104853433,4.12840126955e-05],[-4.96503671457e-05,0.00134031567723,-0.000376913754735,0.000818950065877,0.000690473476425,-0.000949123001192,0.00138156395406,0.000114938367915,-0.0068596904166,0.0207165405154,-0.00759548600763,0.000510732003022,0.00109893677291],[0.000139446885441,-0.00163902773056,0.000728520099074,0.00166579510551,-0.0024082288146,0.00103304826189,-0.00315712671727,0.00149454467464,-0.00222749751993,-0.00759548600763,0.0236116498709,-0.0135933523998,0.00181705493014],[-5.57251223654e-05,0.00195628590882,0.000398917094572,-0.00208554416895,0.00402750447392,-0.00351724377833,0.00377675704658,-0.00353316660039,0.000966104853433,0.000510732003022,-0.0135933523998,0.028381228447,-0.012788801454],[5.24330280314e-05,-0.00144288118463,-0.000179274822585,0.00240046833642,-0.00276093836874,0.00133106345311,-0.00281201861799,0.00132953654975,4.12840126955e-05,0.00109893677291,0.00181705493014,-0.012788801454,0.0215012133121]],"mean":[-160.12487793,181.615646362,-93.0375823975,4.02593231201,-32.0053825378,-6.15434598923,-23.8711109161,0.999272584915,-11.0465583801,-3.63505315781,-4.26267051697,-2.91018772125,-2.02508640289]},"hfc":{"dmean":1.78298056126,"dmean2":2.6619489193,"dvar":5.57179737091,"dvar2":13.7514457703,"max":59.1561164856,"mean":8.87706184387,"median":7.62745666504,"min":1.05220384854e-16,"var":63.867641449},"melbands":{"dmean":[0.00214006472379,0.00177691178396,0.000595376943238,0.000364389445167,0.000355973344995,0.000350233865902,0.000168732469319,0.000124469137518,7.69599137129e-05,6.2594168412e-05,2.92302793241e-05,3.28690694005e-05,2.0317183953e-05,7.48802858652e-06,7.65705226513e-06,5.87746035308e-06,6.23690539214e-06,4.24120526077e-06,2.09989730138e-06,2.41920611188e-06,1.50904941165e-06,1.13608757601e-06,1.78275581675e-06,4.238167719e-07,5.64268816561e-07,1.61161949563e-07,7.26678521801e-08,6.57822241124e-08,3.86744929415e-08,3.2681640505e-08,1.5312755508e-08,2.9995501194e-08,1.67077427449e-08,7.08775838021e-09,3.72386144143e-09,6.02451244447e-09,4.24976054347e-09,1.75014513992e-09,1.94436244882e-09,1.03085562309e-09],"dmean2":[0.00379289407283,0.00311279436573,0.000989196123555,0.000593713193666,0.000529933953658,0.000483412441099,0.000213801045902,0.000176162124262,9.60253819358e-05,7.81034686952e-05,4.02771911467e-05,4.21079312218e-05,2.85195619654e-05,1.12139368866e-05,1.17138706628e-05,8.90359660843e-06,9.46345062403e-06,6.7347532422e-06,3.36061816597e-06,3.81198765353e-06,2.39586165662e-06,1.78583184152e-06,2.84632483272e-06,6.63709556648e-07,8.31955219383e-07,2.69566015731e-07,1.14829397546e-07,1.05591254851e-07,6.23241263042e-08,4.8413177467e-08,2.39667787838e-08,4.3283080231e-08,2.31759873515e-08,9.69635038928e-09,5.61848478853e-09,8.88104789709e-09,6.27109386642e-09,2.58341326109e-09,2.84232615222e-09,1.57465929185e-09],"dvar":[1.57787344506e-05,1.12058432933e-05,1.67209077517e-06,6.86093812874e-07,6.8306508183e-07,5.1315686278e-07,9.10660062914e-08,1.49577161324e-07,6.47494786676e-08,2.23844960345e-08,5.5157869383e-09,4.73415129321e-09,2.52192089434e-09,2.55522880632e-10,1.76068534752e-10,1.11245526679e-10,3.70779018599e-10,4.54813617323e-11,1.31858482466e-11,4.97332071359e-11,1.39208124195e-11,7.13177520512e-12,2.2378448053e-11,1.94166926461e-12,2.7254218847e-12,1.10111138957e-13,4.48579433147e-14,1.66617750413e-14,9.06704554916e-15,1.5534181065e-14,2.19442964403e-15,1.32655744164e-14,3.13639190303e-15,4.40260673868e-16,1.38540444155e-16,5.41821194793e-16,3.05874502803e-16,1.99276395699e-17,3.45434164135e-17,1.07513056543e-17],"dvar2":[4.77397807117e-05,3.25990076817e-05,4.98311283081e-06,1.74926481122e-06,1.58270836437e-06,1.27548003093e-06,1.9750908109e-07,2.61928619238e-07,9.86362778121e-08,3.01352720555e-08,1.02267261326e-08,6.09678352248e-09,4.27225232968e-09,5.37804412115e-10,4.00018212998e-10,2.37819430815e-10,8.41183067646e-10,1.10842383882e-10,3.27685309442e-11,1.13686934866e-10,2.74533035194e-11,1.46652603256e-11,4.89124123149e-11,3.60532198714e-12,5.21007108983e-12,2.81304873059e-13,1.00305668719e-13,3.92193635695e-14,2.26979910155e-14,3.45094402544e-14,5.01174783572e-15,2.54080593777e-14,5.10516244079e-15,7.3855820226e-16,3.2826618934e-16,1.16796790762e-15,6.47448691475e-16,3.77374486174e-17,7.35732685636e-17,2.44228682364e-17],"max":[0.0456697568297,0.0515807010233,0.0235805381089,0.0269593633711,0.0198498424143,0.0182993579656,0.00690275803208,0.0151548022404,0.00967892631888,0.00839004013687,0.0015133745037,0.0020678662695,0.00156867224723,0.000399954558816,0.000192931925994,0.000201666320208,0.000384578481317,0.000116628805699,8.21170397103e-05,0.00016264077567,0.000103872618638,7.68635363784e-05,0.000173154141521,6.37166449451e-05,4.74409280287e-05,7.50712433728e-06,8.7302250904e-06,2.3124478048e-06,2.31665831052e-06,3.91570983993e-06,1.25316910271e-06,3.62988680536e-06,1.80082076895e-06,6.25490429229e-07,3.26189791622e-07,8.60039051531e-07,4.40716917183e-07,1.65354464343e-07,1.6380117529e-07,1.10855559399e-07],"mean":[0.00292384251952,0.00282205245458,0.00142081594095,0.000779975729529,0.00112833047751,0.00100266351365,0.000474838365335,0.000299726758385,0.000243029382546,0.000184111268027,6.48276327411e-05,8.36965627968e-05,4.63561227662e-05,1.67287089425e-05,1.3213893908e-05,1.03309248516e-05,1.19800342873e-05,7.72162456997e-06,4.11217661167e-06,4.73245972898e-06,2.95072413792e-06,2.38637494476e-06,3.7774680095e-06,1.01245609585e-06,1.06018126189e-06,3.49214133166e-07,1.72672159238e-07,1.38533650329e-07,8.87782931613e-08,7.84067282211e-08,3.49901831953e-08,6.88657095793e-08,3.99347293012e-08,1.55232644516e-08,9.17427467328e-09,1.23438717026e-08,8.94994478529e-09,5.00452657093e-09,4.87028284368e-09,2.54888798956e-09],"median":[0.000995529699139,0.00112766074017,0.000456139037851,0.000324313907186,0.000355385738658,0.000324322318193,0.000205840158742,8.03888688097e-05,5.01509675814e-05,5.52857236471e-05,1.91707895283e-05,2.37278472923e-05,1.47847877088e-05,8.03438251751e-06,6.50668334856e-06,4.66167875857e-06,2.79567279904e-06,3.97303710997e-06,1.99107012122e-06,1.63596473612e-06,1.18997002119e-06,7.67351082231e-07,8.34421030049e-07,2.40380558125e-07,2.420607359e-07,1.61182555303e-07,7.94477799104e-08,7.4294014496e-08,3.41136328075e-08,1.77854531103e-08,1.04821635816e-08,8.33597457728e-09,5.34165733868e-09,2.63756483321e-09,1.95927940538e-09,2.06952743831e-09,1.57447666016e-09,1.37852695925e-09,1.03757458181e-09,6.18950612985e-10],"min":[9.7122109182e-25,1.76030208923e-24,1.15214890423e-24,1.4456703406e-24,1.78555806276e-24,1.95086149887e-24,1.0456018991e-24,8.29190038494e-25,1.99419264231e-24,2.83432812587e-24,2.64373321749e-24,2.37846453862e-24,3.74423520104e-24,1.83886119691e-24,2.94238885646e-24,4.16592789768e-24,3.48748069792e-24,2.67488730679e-24,2.5563157935e-24,4.59653472254e-24,5.0633857617e-24,4.46056705135e-24,4.92361459765e-24,4.67615760915e-24,4.91528619864e-24,5.13854606216e-24,3.27015504056e-24,5.08554368123e-24,4.54974343795e-24,5.43808167547e-24,4.97248729174e-24,5.98699397029e-24,6.3916023063e-24,6.25385733149e-24,6.16398398628e-24,4.56661086182e-24,4.54175582685e-24,5.27364835294e-24,5.37789198283e-24,6.10808885241e-24],"var":[2.50964203588e-05,1.97888766706e-05,6.61990725348e-06,1.94451399693e-06,5.01798467667e-06,3.2405409911e-06,5.52084600258e-07,8.96271558304e-07,5.85429972944e-07,2.36840719481e-07,1.79099686193e-08,2.99753217803e-08,1.02749595499e-08,9.30536314669e-10,3.702578244e-10,2.59477772602e-10,1.16726805999e-09,1.12601900026e-10,3.88357263015e-11,1.45397680007e-10,4.11265778377e-11,3.04456113098e-11,1.06495132157e-10,1.12547540732e-11,7.56324256695e-12,3.1485472324e-13,1.51023806091e-13,4.2825287858e-14,2.77753707756e-14,5.21924287101e-14,7.94250597366e-15,4.65809980648e-14,1.30336932179e-14,1.79974341907e-15,6.02597396946e-16,1.29769830915e-15,7.96690973402e-16,1.38647898225e-16,1.55692318707e-16,3.58831115162e-17]},"melbands_crest":{"dmean":3.35284805298,"dmean2":5.62090682983,"dvar":7.90478610992,"dvar2":22.7903251648,"max":33.9609069824,"mean":16.8889369965,"median":16.2158355713,"min":1.68858873844,"var":38.5581588745},"melbands_flatness_db":{"dmean":0.0284710079432,"dmean2":0.0469139777124,"dvar":0.000743230222724,"dvar2":0.00209620199166,"max":0.622689902782,"mean":0.379215717316,"median":0.390114039183,"min":0.00361688272096,"var":0.00856734067202},"melbands_kurtosis":{"dmean":12.6407661438,"dmean2":20.7237281799,"dvar":1681.54101562,"dvar2":4377.83349609,"max":1177.77050781,"mean":28.226940155,"median":7.81473827362,"min":-1.83596551418,"var":8600.48925781},"melbands_skewness":{"dmean":0.76655548811,"dmean2":1.25116014481,"dvar":0.955058038235,"dvar2":2.59456562996,"max":27.7812309265,"mean":2.85915350914,"median":2.10467767715,"min":-0.816361010075,"var":8.03432369232},"melbands_spread":{"dmean":2.35568499565,"dmean2":3.73466134071,"dvar":22.9342498779,"dvar2":49.5101203918,"max":214.506500244,"mean":9.82179832458,"median":5.73819589615,"min":0.335677176714,"var":410.459075928},"mfcc":{"cov":[[13515.1308594,5281.62988281,-1651.68579102,444.220092773,-130.265350342,-348.550384521,-400.91305542,-39.0426673889,-129.560058594,-147.08605957,-17.5279331207,-26.1871967316,-144.804824829],[5281.62988281,3987.23120117,-286.259979248,66.6663284302,-72.4076919556,-207.427886963,98.8637161255,-93.3015594482,-33.1635093689,-56.204498291,-153.889266968,-65.2928161621,-15.8274021149],[-1651.68579102,-286.259979248,572.27734375,-14.6890239716,59.0466995239,115.962409973,92.3593292236,51.1035690308,61.4265823364,42.513168335,17.1764011383,21.864107132,24.952955246],[444.220092773,66.6663284302,-14.6890239716,187.418731689,67.0926437378,55.1045722961,2.0365228653,29.5340080261,41.7049446106,14.4021320343,39.4435768127,33.4560089111,6.67408370972],[-130.265350342,-72.4076919556,59.0466995239,67.0926437378,139.54335022,68.502822876,26.1678714752,42.7185440063,29.8217334747,24.2559356689,18.6499328613,11.3937416077,7.29246520996],[-348.550384521,-207.427886963,115.962409973,55.1045722961,68.502822876,158.503814697,65.942237854,67.4383850098,63.5435028076,37.9095802307,55.2971954346,43.3435935974,14.0447826385],[-400.91305542,98.8637161255,92.3593292236,2.0365228653,26.1678714752,65.942237854,185.414962769,74.8297576904,62.1610527039,50.4775390625,16.6419410706,30.908367157,29.4089069366],[-39.0426673889,-93.3015594482,51.1035690308,29.5340080261,42.7185440063,67.4383850098,74.8297576904,139.906524658,71.3376083374,48.4409370422,61.3686180115,34.2270736694,16.95677948],[-129.560058594,-33.1635093689,61.4265823364,41.7049446106,29.8217334747,63.5435028076,62.1610527039,71.3376083374,120.783996582,55.4080963135,42.8998832703,37.6566162109,11.2607812881],[-147.08605957,-56.204498291,42.513168335,14.4021320343,24.2559356689,37.9095802307,50.4775390625,48.4409370422,55.4080963135,84.0861053467,52.6908073425,28.559047699,15.8540410995],[-17.5279331207,-153.889266968,17.1764011383,39.4435768127,18.6499328613,55.2971954346,16.6419410706,61.3686180115,42.8998832703,52.6908073425,121.151306152,64.3369445801,16.8087921143],[-26.1871967316,-65.2928161621,21.864107132,33.4560089111,11.3937416077,43.3435935974,30.908367157,34.2270736694,37.6566162109,28.559047699,64.3369445801,103.674407959,35.2881660461],[-144.804824829,-15.8274021149,24.952955246,6.67408370972,7.29246520996,14.0447826385,29.4089069366,16.95677948,11.2607812881,15.8540410995,16.8087921143,35.2881660461,77.0352859497]],"icov":[[0.000665387371555,-0.00089828070486,0.00133557512891,-0.000894695636816,0.000495425309055,-0.000804987561423,0.00206025806256,-0.00174842821434,0.000614675343968,-0.000364701903891,9.01999010239e-05,-0.000535309140105,0.000620021834038],[-0.00089828070486,0.00152817985509,-0.00170007639099,0.000885113491677,-0.000622144027147,0.00158183660824,-0.003264879575,0.00251871533692,-0.000929916452151,0.00057673023548,0.000106385152321,0.000736091518775,-0.000781219219789],[0.00133557512891,-0.00170007639099,0.00495404843241,-0.00110255728941,0.000528310600203,-0.00300825107843,0.00358972791582,-0.00315570039675,0.000726007390767,-0.000964782258961,0.000623743922915,-0.000927387911361,0.000855843478348],[-0.000894695636816,0.000885113491677,-0.00110255728941,0.00922302622348,-0.00409371685237,-0.000504324038047,-0.00156178523321,0.00299341138452,-0.00319893751293,0.00214904127643,-0.00183707324322,-0.000225385563681,-0.000995624577627],[0.000495425309055,-0.000622144027147,0.000528310600203,-0.00409371685237,0.0114719308913,-0.00422365497798,0.00228429213166,-0.0035855344031,0.00219183438458,-0.00300299399532,0.00251810345799,0.000360948673915,0.000171071194927],[-0.000804987561423,0.00158183660824,-0.00300825107843,-0.000504324038047,-0.00422365497798,0.0143418610096,-0.00555932149291,0.00165916536935,-0.00333109870553,0.00277124624699,-0.00334107037634,-0.00037703543785,0.00019046489615],[0.00206025806256,-0.003264879575,0.00358972791582,-0.00156178523321,0.00228429213166,-0.00555932149291,0.0163430515677,-0.00935636740178,0.00138513580896,-0.0052620372735,0.00437468709424,-0.00335409655236,0.000254524842603],[-0.00174842821434,0.00251871533692,-0.00315570039675,0.00299341138452,-0.0035855344031,0.00165916536935,-0.00935636740178,0.0189490318298,-0.00667742360383,0.00226344610564,-0.00629755901173,0.00357888988219,-0.0023234738037],[0.000614675343968,-0.000929916452151,0.000726007390767,-0.00319893751293,0.00219183438458,-0.00333109870553,0.00138513580896,-0.00667742360383,0.0173283535987,-0.00813278462738,0.00309219863266,-0.00338508398272,0.00236386060715],[-0.000364701903891,0.00057673023548,-0.000964782258961,0.00214904127643,-0.00300299399532,0.00277124624699,-0.0052620372735,0.00226344610564,-0.00813278462738,0.0243018437177,-0.0101168844849,0.0030437768437,-0.00215045711957],[9.01999010239e-05,0.000106385152321,0.000623743922915,-0.00183707324322,0.00251810345799,-0.00334107037634,0.00437468709424,-0.00629755901173,0.00309219863266,-0.0101168844849,0.0206249020994,-0.00923202559352,0.00159419362899],[-0.000535309140105,0.000736091518775,-0.000927387911361,-0.000225385563681,0.000360948673915,-0.00037703543785,-0.00335409655236,0.00357888988219,-0.00338508398272,0.0030437768437,-0.00923202559352,0.0185534209013,-0.00662393914536],[0.000620021834038,-0.000781219219789,0.000855843478348,-0.000995624577627,0.000171071194927,0.00019046489615,0.000254524842603,-0.0023234738037,0.00236386060715,-0.00215045711957,0.00159419362899,-0.00662393914536,0.0169418733567]],"mean":[-788.284362793,211.433441162,1.88606190681,22.0600833893,9.03329372406,-0.951816439629,-0.842187821865,1.23502373695,0.428680032492,-0.194061458111,-0.554499328136,0.982882916927,0.834718465805]},"pitch_salience":{"dmean":0.0774351358414,"dmean2":0.12771242857,"dvar":0.00465759681538,"dvar2":0.0130086857826,"max":0.829943954945,"mean":0.472919642925,"median":0.483988553286,"min":0.0781605839729,"var":0.0212650950998},"silence_rate_20dB":{"dmean":0,"dmean2":0,"dvar":0,"dvar2":0,"max":1,"mean":1,"median":1,"min":1,"var":0},"silence_rate_30dB":{"dmean":0.0192175712436,"dmean2":0.0384483337402,"dvar":0.0188485197723,"dvar2":0.0486423224211,"max":1,"mean":0.969811320305,"median":1,"min":0,"var":0.029276823625},"silence_rate_60dB":{"dmean":0.00823610182852,"dmean2":0.0164778586477,"dvar":0.00816825218499,"dvar2":0.0216983258724,"max":1,"mean":0.166380792856,"median":0,"min":0,"var":0.138695120811},"spectral_centroid":{"dmean":80.7390060425,"dmean2":125.044487,"dvar":47906.4882812,"dvar2":84298.03125,"max":11857.6533203,"mean":669.219848633,"median":418.281829834,"min":131.887313843,"var":1843128.75},"spectral_complexity":{"dmean":1.27934110165,"dmean2":2.1620323658,"dvar":1.44978058338,"dvar2":3.75201845169,"max":19,"mean":9.57632923126,"median":11,"min":0,"var":21.1197452545},"spectral_contrast_coeffs":{"dmean":[0.0457542277873,0.0361158326268,0.028132095933,0.0247205607593,0.0166701916605,0.011191544123],"dmean2":[0.0779437944293,0.056771196425,0.0439373441041,0.0402756854892,0.0275032147765,0.0184512231499],"dvar":[0.0014129083138,0.000893816933967,0.000480410904856,0.000382799596991,0.00019855251594,8.97169229575e-05],"dvar2":[0.00411552609876,0.00223632017151,0.00122110673692,0.000977903022431,0.000494101725053,0.000254159065662],"max":[-0.24167843163,-0.370152801275,-0.504608690739,-0.575298905373,-0.571699380875,-0.682358503342],"mean":[-0.648679971695,-0.672211587429,-0.727458000183,-0.764594554901,-0.787269175053,-0.805470824242],"median":[-0.658973813057,-0.66937571764,-0.726806342602,-0.765303015709,-0.789958953857,-0.793228447437],"min":[-0.977432370186,-0.976248562336,-0.976406037807,-0.971163749695,-0.965551316738,-0.963451504707],"var":[0.0143045857549,0.00916254706681,0.00681375525892,0.00457671564072,0.00410535093397,0.00290649663657]},"spectral_contrast_valleys":{"dmean":[0.365925043821,0.282474517822,0.234036505222,0.190035119653,0.141118839383,0.130602046847],"dmean2":[0.629540085793,0.457469701767,0.385977685452,0.316623657942,0.233940467238,0.214768230915],"dvar":[0.124650418758,0.112576290965,0.105185754597,0.0884140878916,0.0926641151309,0.0783686041832],"dvar2":[0.279828220606,0.199653491378,0.176680952311,0.137443348765,0.134240493178,0.115234375],"max":[-5.19950056076,-5.01972723007,-6.32696437836,-7.53324270248,-8.15739917755,-11.2178678513],"mean":[-7.80274105072,-7.66888666153,-8.6818857193,-9.56741428375,-10.1359558105,-13.1294612885],"median":[-6.94929504395,-6.82815122604,-7.95193815231,-8.79472351074,-9.43148803711,-12.7859678268],"min":[-28.0214805603,-27.7943916321,-27.7136707306,-27.7587223053,-27.5608596802,-27.4367103577],"var":[9.26231575012,9.5789270401,8.44549560547,7.58530187607,6.50320386887,3.84664559364]},"spectral_decrease":{"dmean":2.94279089985e-09,"dmean2":4.98347940692e-09,"dvar":1.98980628999e-17,"dvar2":5.85172645436e-17,"max":6.27132288598e-16,"mean":-8.76797390248e-09,"median":-6.90923318558e-09,"min":-6.86673899963e-08,"var":7.02315515331e-17},"spectral_energy":{"dmean":0.0112432846799,"dmean2":0.0190178379416,"dvar":0.000288433890091,"dvar2":0.000847566290759,"max":0.263343662024,"mean":0.0338974557817,"median":0.0267810132354,"min":9.66314895745e-21,"var":0.00103811675217},"spectral_energyband_high":{"dmean":2.45236628871e-06,"dmean2":3.48967068931e-06,"dvar":3.34646164946e-11,"dvar2":5.91764207081e-11,"max":0.000170235536643,"mean":9.1524416348e-06,"median":3.17378339787e-06,"min":6.73175496029e-21,"var":2.82151607633e-10},"spectral_energyband_low":{"dmean":0.0093520572409,"dmean2":0.0162807237357,"dvar":0.0002658542071,"dvar2":0.000791661732364,"max":0.195294171572,"mean":0.0168687775731,"median":0.00849437434226,"min":1.67917058503e-23,"var":0.000551084696781},"spectral_energyband_middle_high":{"dmean":0.000405946047977,"dmean2":0.000549956923351,"dvar":3.85829338256e-07,"dvar2":6.49753985726e-07,"max":0.0135630853474,"mean":0.00144806841854,"median":0.000912594900001,"min":1.17379655225e-21,"var":2.82605947177e-06},"spectral_energyband_middle_low":{"dmean":0.00434883916751,"dmean2":0.00666558835655,"dvar":4.70883533126e-05,"dvar2":0.000123391160741,"max":0.161432415247,"mean":0.0174919329584,"median":0.0119707882404,"min":1.17530076484e-22,"var":0.00037894360139},"spectral_entropy":{"dmean":0.127241551876,"dmean2":0.198729470372,"dvar":0.0129235712811,"dvar2":0.0344253927469,"max":9.81843757629,"mean":6.37096261978,"median":6.26681518555,"min":5.09683561325,"var":0.455030441284},"spectral_flux":{"dmean":0.0208160337061,"dmean2":0.0349435769022,"dvar":0.000625424494501,"dvar2":0.00168543960899,"max":0.28624150157,"mean":0.0669160783291,"median":0.0585445910692,"min":6.47452438884e-11,"var":0.00229447055608},"spectral_kurtosis":{"dmean":9.99156284332,"dmean2":17.8131008148,"dvar":120.142150879,"dvar2":369.994720459,"max":150.421600342,"mean":28.3156299591,"median":22.0391750336,"min":-1.24680817127,"var":473.450653076},"spectral_rms":{"dmean":0.000845586531796,"dmean2":0.00141156686004,"dvar":9.86887016552e-07,"dvar2":2.93954235531e-06,"max":0.0160287450999,"mean":0.00499121006578,"median":0.00511153787374,"min":3.07041718439e-12,"var":8.1585458247e-06},"spectral_rolloff":{"dmean":157.522827148,"dmean2":281.217529297,"dvar":772365.4375,"dvar2":2033060.25,"max":21447.0703125,"mean":979.563354492,"median":409.130859375,"min":64.599609375,"var":10213524},"spectral_skewness":{"dmean":0.649451494217,"dmean2":1.15212452412,"dvar":0.404695004225,"dvar2":1.28680324554,"max":10.3190155029,"mean":3.64709973335,"median":3.40438175201,"min":-0.119713127613,"var":2.22802233696},"spectral_spread":{"dmean":273684.9375,"dmean2":463583.71875,"dvar":638690590720,"dvar2":1274422755330.0,"max":42039608,"mean":3031905.25,"median":1893304.125,"min":663787.4375,"var":27930967146500.0},"spectral_strongpeak":{"dmean":0.29423803091,"dmean2":0.487938344479,"dvar":0.201428189874,"dvar2":0.520865619183,"max":6.33220720291,"mean":0.772773146629,"median":0.437776476145,"min":0,"var":0.766075670719},"zerocrossingrate":{"dmean":0.00414871517569,"dmean2":0.00547971250489,"dvar":0.000122884099255,"dvar2":0.000185510099982,"max":0.7548828125,"mean":0.0340140238404,"median":0.017578125,"min":0.0029296875,"var":0.00760351354256}},"metadata":{"audio_properties":{"analysis_sample_rate":44100,"bit_rate":229263,"codec":"mp3","downmix":"mix","equal_loudness":0,"length":67.6571426392,"lossless":false,"md5_encoded":"dc8bf728fa11e71d7afa5c99e7eec8d0","replay_gain":-5.22529220581,"sample_rate":44100},"tags":{"acoustid_id":["b7d2f41d-c209-4ae8-a3e5-64a9a350aac8"],"album":["Journey"],"albumartist":["Austin Wintory"],"albumartistsort":["Wintory, Austin"],"artist":["Austin Wintory"],"artistsort":["Wintory, Austin"],"artistwebpage":["http://austinwintory.com/"],"date":["2012"],"discnumber":["1/1"],"file_name":"08 Fourth Confluence.mp3","media":["Digital Media"],"musicbrainz album release country":["XW"],"musicbrainz album status":["official"],"musicbrainz album type":["album/soundtrack"],"musicbrainz_albumartistid":["78f15956-c5e1-46d6-a46b-fa6f46681ec8"],"musicbrainz_albumid":["1f3abcda-15a7-4465-92c6-9926cdc4f247"],"musicbrainz_artistid":["78f15956-c5e1-46d6-a46b-fa6f46681ec8"],"musicbrainz_recordingid":["cd1ffb32-1035-4f40-b3c2-346d7fa48af7"],"musicbrainz_releasegroupid":["d1850227-c7c7-42c8-b469-6e99023412de"],"originaldate":["2012"],"script":["Latn"],"title":["Fourth Confluence"],"tracknumber":["8/18"]},"version":{"essentia":"2.1-beta2","essentia_build_sha":"26c37b627ab5a2028d412893e0969599b764ad4d","essentia_git_sha":"v2.1_beta2","extractor":"music 1.0"}},"rhythm":{"beats_count":128,"beats_loudness":{"dmean":0.0162557959557,"dmean2":0.0272673610598,"dvar":0.000414451991674,"dvar2":0.00110810389742,"max":0.180516928434,"mean":0.0346164144576,"median":0.0271927956492,"min":0,"var":0.000991453765891},"beats_loudness_band_ratio":{"dmean":[0.13682949543,0.142181128263,0.0863123834133,0.0283499211073,0.0101965460926,0.0162041727453],"dmean2":[0.22392141819,0.243389815092,0.144475847483,0.0474736914039,0.017463484779,0.0187233593315],"dvar":[0.0164566338062,0.0213751960546,0.00698897056282,0.00187351938803,0.000407645158703,0.0108706234