{"lowlevel":{"average_loudness":0.284033566713,"barkbands":{"dmean":[1.44880987136e-05,0.000356223143172,0.000372929032892,0.000871090800501,0.00196686363779,0.0015829000622,0.000928785069846,0.000660828023683,0.000190039005247,0.000146981910802,0.000125905105961,5.28684868186e-05,6.08505724813e-05,4.15497015638e-05,3.96469149564e-05,3.2285155612e-05,2.6616949981e-05,1.07598871182e-05,1.0892091268e-05,4.03762123824e-06,1.83429347089e-06,7.54725022034e-07,4.35860613379e-07,2.32277926671e-07,1.05415715268e-07,1.07165391228e-07,2.46034304041e-08],"dmean2":[2.08667424886e-05,0.000635339005385,0.000619424739853,0.00152634631377,0.00304113468155,0.00238270964473,0.0012588450918,0.000763870892115,0.000244552793447,0.00019943411462,0.000181287963642,8.37617262732e-05,9.42105616559e-05,6.67565182084e-05,6.49203066132e-05,5.25303621544e-05,4.45033838332e-05,1.79667476914e-05,1.84388190974e-05,6.83427833792e-06,3.15151282848e-06,1.29759860101e-06,7.79399670137e-07,4.20826040681e-07,1.9379540106e-07,2.04853733976e-07,4.63456757416e-08],"dvar":[5.96244109641e-10,6.17776379386e-07,7.65603886066e-07,3.36577818416e-06,1.97290555661e-05,1.03674910861e-05,6.3417792262e-06,3.75741069547e-06,2.86425319018e-07,1.09919731983e-07,7.85776919088e-08,2.18522888673e-08,1.52591947966e-08,1.03679074215e-08,9.10638853213e-09,6.44089759305e-09,6.53860121602e-09,7.58561879977e-10,7.16934456246e-10,1.39259756504e-10,4.94870755485e-10,1.68710496962e-11,6.75990730406e-12,2.44854939276e-12,4.51630134115e-13,1.34581267571e-12,7.34294217227e-14],"dvar2":[1.31275434967e-09,2.12575196201e-06,2.14036003854e-06,1.05933131636e-05,4.56302659586e-05,2.27056425501e-05,1.06823008537e-05,4.65689890916e-06,4.1564572939e-07,2.01023951263e-07,1.64631302368e-07,5.42185851771e-08,3.57067548862e-08,2.67606559134e-08,2.51346978786e-08,1.61122422071e-08,1.79176247173e-08,2.09130757156e-09,2.04235939272e-09,3.8797468016e-10,1.36206756984e-09,4.66481783756e-11,1.92910843549e-11,6.96203251299e-12,1.31089507738e-12,4.00036557699e-12,2.17580768398e-13],"max":[0.00115700834431,0.0189105104655,0.0226757898927,0.0486375056207,0.260251611471,0.143882080913,0.0913518816233,0.0921379551291,0.0379342772067,0.0142831522971,0.00728233810514,0.00364161655307,0.00352503010072,0.00312986900099,0.00277320644818,0.00245980871841,0.00199584336951,0.000791019934695,0.000694324728101,0.000396535237087,0.00180943962187,0.000291357398964,0.000124104961287,6.67757703923e-05,2.7301355658e-05,6.15065146121e-05,1.62998676387e-05],"mean":[7.89078112575e-05,0.0006816489622,0.000786671473179,0.00164371007122,0.00539792701602,0.00525866635144,0.00234554405324,0.0021152344998,0.000465143762995,0.000310423580231,0.000249419448664,9.73589922069e-05,0.000126486396766,7.16075810487e-05,6.96983915986e-05,5.60526277695e-05,4.33458953921e-05,2.05923970498e-05,2.10884190892e-05,8.42746339913e-06,3.08881681121e-06,1.34960669129e-06,5.5941239907e-07,3.03744030816e-07,1.48983957615e-07,1.06514121967e-07,2.0041300175e-08],"median":[7.05276988811e-06,0.000386077008443,0.000181036710273,0.00060185068287,0.00225654151291,0.00203460920602,0.000484724179842,0.000270654767519,0.000113045287435,9.58651580731e-05,6.07923939242e-05,3.03649212583e-05,4.29323663411e-05,2.06656004593e-05,1.45011908899e-05,1.52053344209e-05,9.0831581474e-06,3.64560196431e-06,4.54544488093e-06,1.49243896885e-06,5.29922317583e-07,2.45335286309e-07,9.39828481705e-08,5.78487338032e-08,2.73292908304e-08,1.73990866159e-08,2.32012742352e-09],"min":[5.36010277499e-25,5.5172308511e-24,1.37626369576e-24,1.09920933635e-24,1.23699787601e-23,8.14313975645e-24,1.23713632109e-23,1.06023465753e-23,1.26488781665e-23,3.06478299249e-23,1.48040256492e-23,1.51051496339e-23,3.88693288128e-23,5.24583477403e-23,5.687426487e-23,5.31994730944e-23,8.60806660608e-23,9.21709877935e-23,1.48090181921e-22,1.82952457056e-22,2.2758404875e-22,3.40805177643e-22,4.93926285277e-22,6.1563634006e-22,7.73273165195e-22,1.33672296112e-21,2.03173067369e-21],"var":[2.01300700553e-08,1.22214453313e-06,3.25371183862e-06,8.99514543562e-06,0.000109753360448,0.000101058110886,3.11821495416e-05,3.82713405997e-05,1.71227452483e-06,3.7240405959e-07,2.26088658906e-07,4.11575484804e-08,4.99548526989e-08,2.33016237416e-08,2.07582058209e-08,1.31290942562e-08,1.1250708809e-08,1.81399195665e-09,1.61576108049e-09,3.6195979547e-10,3.50813628147e-10,1.56860375383e-11,4.51666698834e-12,1.64549775715e-12,2.94149849877e-13,7.10646060227e-13,3.92630230357e-14]},"barkbands_crest":{"dmean":2.17119669914,"dmean2":3.52086400986,"dvar":3.82405614853,"dvar2":10.5967330933,"max":26.2313137054,"mean":12.4106264114,"median":11.6977863312,"min":3.57890701294,"var":18.3642635345},"barkbands_flatness_db":{"dmean":0.0189696457237,"dmean2":0.0302795860916,"dvar":0.00036722884397,"dvar2":0.00102364725899,"max":0.552612662315,"mean":0.284643441439,"median":0.288915932178,"min":0.055821377784,"var":0.00640833610669},"barkbands_kurtosis":{"dmean":3.83089256287,"dmean2":6.23480892181,"dvar":94.4601974487,"dvar2":300.29498291,"max":495.533569336,"mean":9.29635238647,"median":5.15143632889,"min":-1.66980242729,"var":324.713775635},"barkbands_skewness":{"dmean":0.471537202597,"dmean2":0.751238882542,"dvar":0.253161996603,"dvar2":0.690500557423,"max":15.4342718124,"mean":1.55416083336,"median":1.39792585373,"min":-6.61778926849,"var":2.16912007332},"barkbands_spread":{"dmean":1.37675738335,"dmean2":2.18785142899,"dvar":5.31397104263,"dvar2":12.4798364639,"max":111.173042297,"mean":6.29795503616,"median":4.22486925125,"min":0.173959001899,"var":48.7076759338},"dissonance":{"dmean":0.0327038988471,"dmean2":0.0553087778389,"dvar":0.000954976771027,"dvar2":0.00259175337851,"max":0.5,"mean":0.406377315521,"median":0.417156755924,"min":0.146781280637,"var":0.00352450367063},"dynamic_complexity":4.80448293686,"erbbands":{"dmean":[0.00974617805332,0.0853665024042,0.33702275157,1.68223869801,4.55725860596,6.0760307312,14.1051483154,12.7877473831,13.3755884171,15.7896442413,7.57308721542,5.51378679276,2.92775917053,5.32729768753,5.11814928055,2.54213380814,2.72092461586,2.36841392517,1.69252324104,1.77712357044,1.54473936558,0.863043129444,0.724903106689,0.629781067371,0.391658067703,0.195919856429,0.0957064032555,0.0508800037205,0.0272569078952,0.0174646526575,0.0121290162206,0.00706957420334,0.0026209319476,0.00142092641909,0.000690000655595,0.000440041447291,0.000216679181904,3.52777751687e-05,7.19774334357e-06,4.99797533848e-06],"dmean2":[0.0174144729972,0.151186317205,0.566046476364,2.90131020546,7.99795198441,8.83429813385,20.1703300476,20.1422252655,17.3944950104,19.8910865784,9.29180145264,7.02304935455,3.97948336601,7.3371963501,7.35553026199,3.96225953102,4.22708749771,3.73758649826,2.7268242836,2.88821768761,2.54535531998,1.4371535778,1.21074473858,1.07666504383,0.660749316216,0.330508947372,0.163939118385,0.0876209661365,0.0470568016171,0.0304834470153,0.0216168314219,0.012847864069,0.00478260731325,0.00261351023801,0.00126632675529,0.000835724815261,0.000413987698266,6.62353413645e-05,1.2929098375e-05,7.52525056669e-06],"dvar":[0.000315433571814,0.0413167998195,0.603548586369,10.202545166,116.58316803,300.879760742,1029.13110352,865.112548828,1286.77941895,1720.49890137,411.72265625,236.99961853,33.5896759033,167.687347412,160.602935791,54.4952125549,28.5751438141,27.3206062317,11.8289670944,18.4904937744,13.5380544662,5.63031673431,3.40408301353,2.82021331787,1.1473582983,0.304671049118,0.596175134182,0.325828075409,0.0133251082152,0.0172630995512,0.00525359017774,0.00290575646795,0.000277220242424,7.78808389441e-05,2.80807416857e-05,2.58945165115e-05,4.39612949776e-06,7.76183100015e-08,5.03691488518e-09,5.69651617544e-11],"dvar2":[0.00111229962204,0.139438569546,1.73056173325,30.390083313,385.666290283,653.044677734,2085.70800781,1956.61303711,2029.43164062,2491.10205078,652.946777344,350.275604248,57.5684890747,319.604553223,335.180267334,133.858474731,68.0622329712,68.838142395,30.7935180664,49.8580970764,35.071395874,15.2119522095,9.34738540649,8.32186222076,3.04782271385,0.850783228874,1.6589140892,0.883148312569,0.036225002259,0.0493148006499,0.0149203334004,0.00827048812062,0.000805031973869,0.000227042692131,8.14079758129e-05,7.69879989093e-05,1.30152629936e-05,2.3022954565e-07,1.49293217788e-08,1.27796440097e-10],"max":[0.379149496555,4.71408939362,23.028585434,106.828697205,461.430206299,1086.60595703,1085.7611084,1712.38500977,1305.22192383,1680.6361084,1086.6763916,1062.30749512,242.833816528,555.261901855,348.143280029,182.753875732,158.352096558,139.133010864,89.9028320312,125.994216919,100.916404724,60.1579093933,54.1002731323,49.8315811157,27.4466705322,15.9330692291,60.9142189026,46.4410476685,7.34414434433,9.08090400696,3.53032374382,3.16318631172,0.632983565331,0.356851667166,0.276950895786,0.288248509169,0.0911026000977,0.0115378824994,0.00448023248464,0.00033762716339],"mean":[0.0229916460812,0.144957453012,0.700993180275,3.49545311928,10.030125618,17.0919437408,42.5563964844,38.8937911987,37.6781845093,47.0374298096,25.3077487946,14.4684791565,7.06544446945,11.4898910522,10.3239145279,5.01393985748,5.82411146164,4.80710172653,3.29017233849,3.56439614296,2.94457507133,1.62661135197,1.446002841,1.20521700382,0.777199804783,0.419765263796,0.194491028786,0.0870759114623,0.0494705140591,0.027474142611,0.0162585508078,0.008425174281,0.00370286148973,0.001972659491,0.000961081474088,0.000474332686281,0.000208477824344,3.96340001316e-05,1.32745262817e-05,2.21976642933e-05],"median":[0.00964720267802,0.0644897073507,0.225437954068,1.44477391243,3.82043504715,6.25594043732,12.5234241486,14.2882442474,10.5367736816,6.81757259369,5.58906745911,4.03753948212,3.05565404892,3.02438569069,2.85475373268,1.78714692593,2.32117152214,1.83146750927,1.1031690836,0.986797451973,0.869492888451,0.451699197292,0.312679290771,0.252049088478,0.163080871105,0.0868277996778,0.0339723266661,0.0169292166829,0.0095124989748,0.00463173445314,0.00277131935582,0.00161262182519,0.000744029530324,0.000381482590456,0.000188075442566,9.13167750696e-05,3.9525959437e-05,8.35149694467e-06,7.24485744286e-06,1.50899213622e-05],"min":[1.36479310599e-22,9.90919863702e-22,2.36202413462e-21,4.45137593512e-21,1.74345697813e-20,5.18506663998e-20,5.79182429881e-20,8.98287255207e-20,1.19427794003e-19,2.75283588207e-19,3.70151510944e-19,2.24217257049e-19,5.26838518267e-19,1.40858032592e-18,9.02773236614e-19,8.5762577048e-19,2.15373822592e-18,2.70605726747e-18,3.84392443656e-18,2.85769208826e-18,4.18430801785e-18,5.04788664531e-18,5.68343267099e-18,5.73482250731e-18,7.16378528731e-18,9.08473358895e-18,8.11369634171e-18,1.17045279126e-17,1.10013276118e-17,1.23444472422e-17,1.35371986721e-17,1.21063366855e-17,1.11581023262e-17,8.86111192779e-18,6.07048164654e-18,4.37183399862e-18,2.21506829166e-18,9.02092673765e-19,2.51500181042e-19,2.81475312973e-20],"var":[0.00100714876316,0.0836902782321,2.09658360481,36.4200210571,422.490600586,1696.18066406,7462.50683594,8607.296875,6939.48291016,14096.3476562,4357.32714844,1416.59411621,145.687911987,553.26348877,443.58493042,102.469978333,89.9565048218,77.7574234009,30.1374092102,48.074344635,30.5050678253,11.045627594,8.51329517365,5.96913385391,2.54062008858,0.83331745863,0.483476907015,0.241379231215,0.0156774241477,0.0119738737121,0.00362251885235,0.00183492980432,0.00018490308139,5.16021646035e-05,1.73131666088e-05,1.36474982355e-05,2.35513061853e-06,4.40640732791e-08,2.79148237858e-09,5.56255652651e-10]},"erbbands_crest":{"dmean":2.52827334404,"dmean2":3.99033713341,"dvar":5.44116449356,"dvar2":14.4480056763,"max":32.8649368286,"mean":13.7535543442,"median":12.7177171707,"min":2.62324810028,"var":28.9550590515},"erbbands_flatness_db":{"dmean":0.0162073355168,"dmean2":0.0249389987439,"dvar":0.000289757765131,"dvar2":0.000752502353862,"max":0.495503991842,"mean":0.292865127325,"median":0.291165649891,"min":0.030005581677,"var":0.00388752901927},"erbbands_kurtosis":{"dmean":1.78179073334,"dmean2":2.76881361008,"dvar":14.8205604553,"dvar2":45.444683075,"max":213.871170044,"mean":3.59340834618,"median":1.7565767765,"min":-1.71585571766,"var":53.9006156921},"erbbands_skewness":{"dmean":0.370213419199,"dmean2":0.57144010067,"dvar":0.127071499825,"dvar2":0.338748812675,"max":12.4644641876,"mean":1.24533390999,"median":1.14924645424,"min":-1.95372533798,"var":1.05085039139},"erbbands_spread":{"dmean":2.90643525124,"dmean2":4.59600782394,"dvar":11.3087482452,"dvar2":29.3084259033,"max":144.631958008,"mean":15.6377124786,"median":13.1894292831,"min":0.745253443718,"var":103.623672485},"gfcc":{"cov":[[14634.7236328,2814.25244141,-1834.47131348,343.478179932,-618.132629395,-493.195770264,-103.956169128,-267.057830811,-236.04838562,-463.363494873,21.4798355103,126.986846924,108.841560364],[2814.25244141,3318.75415039,1042.42651367,-625.208740234,159.475143433,-413.026672363,-46.8920860291,-282.777740479,102.154716492,-259.897644043,123.55809021,-182.749664307,30.6777610779],[-1834.47131348,1042.42651367,1346.78564453,-317.2003479,242.057418823,-69.4804000854,-57.6960411072,-121.522239685,46.6070213318,-61.818397522,24.162984848,-96.2353057861,-5.51011371613],[343.478179932,-625.208740234,-317.2003479,561.044372559,72.5864868164,137.408843994,50.8251571655,74.1279373169,-78.8576507568,-24.1526451111,-64.7557373047,80.5694732666,56.2318077087],[-618.132629395,159.475143433,242.057418823,72.5864868164,263.956878662,89.4340667725,35.0138244629,-3.01480293274,-6.84032201767,-21.4603939056,-18.1935901642,-10.9731550217,47.9747238159],[-493.195770264,-413.026672363,-69.4804000854,137.408843994,89.4340667725,267.075042725,119.666137695,102.980979919,9.40037822723,63.2454338074,-12.0770988464,49.7474021912,28.4002857208],[-103.956169128,-46.8920860291,-57.6960411072,50.8251571655,35.0138244629,119.666137695,194.132873535,100.933280945,46.5473899841,31.4085941315,25.2665309906,20.4645004272,28.9664955139],[-267.057830811,-282.777740479,-121.522239685,74.1279373169,-3.01480293274,102.980979919,100.933280945,185.145828247,67.2204971313,59.3771820068,-4.78500938416,14.1786432266,-9.43938159943],[-236.04838562,102.154716492,46.6070213318,-78.8576507568,-6.84032201767,9.40037822723,46.5473899841,67.2204971313,143.980484009,81.4653930664,38.2426490784,-29.4537181854,-22.4783782959],[-463.363494873,-259.897644043,-61.818397522,-24.1526451111,-21.4603939056,63.2454338074,31.4085941315,59.3771820068,81.4653930664,174.939605713,62.5488586426,9.2527217865,-15.2926883698],[21.4798355103,123.55809021,24.162984848,-64.7557373047,-18.1935901642,-12.0770988464,25.2665309906,-4.78500938416,38.2426490784,62.5488586426,134.924118042,47.2524185181,15.6453886032],[126.986846924,-182.749664307,-96.2353057861,80.5694732666,-10.9731550217,49.7474021912,20.4645004272,14.1786432266,-29.4537181854,9.2527217865,47.2524185181,131.778457642,72.7126693726],[108.841560364,30.6777610779,-5.51011371613,56.2318077087,47.9747238159,28.4002857208,28.9664955139,-9.43938159943,-22.4783782959,-15.2926883698,15.6453886032,72.7126693726,124.802719116]],"icov":[[0.000376642914489,-0.000858810148202,0.000787435739767,-0.000613223877735,0.000922941602767,-0.00046467690845,0.000399748882046,-7.46514842831e-06,0.000516805914231,-0.000220352201723,0.000419278920162,-0.000527241150849,0.000172010069946],[-0.000858810148202,0.00280723813921,-0.00203458429314,0.00179063610267,-0.00249038962647,0.00173977750819,-0.00141762977,0.000620408216491,-0.00218908535317,0.00209556310438,-0.00206782575697,0.0020812402945,-0.000991182867438],[0.000787435739767,-0.00203458429314,0.00297907087952,-0.000697662879247,0.000648060580716,-0.00118330516852,0.00127579562832,0.000198450186872,0.000814691884443,-0.000342310871929,0.000882300373632,-0.00118368689436,0.000682143960148],[-0.000613223877735,0.00179063610267,-0.000697662879247,0.00424980325624,-0.00303305033594,0.000767545192502,-0.000896023237146,-0.000605187611654,-0.000105904939119,0.00108136655763,0.000100584984466,-0.000262511661276,-0.00044376286678],[0.000922941602767,-0.00249038962647,0.000648060580716,-0.00303305033594,0.00964371860027,-0.00449815671891,0.00164861651137,0.000172138839844,0.0014945094008,-0.000201813483727,0.000475224864203,0.00192794646136,-0.00278903334402],[-0.00046467690845,0.00173977750819,-0.00118330516852,0.000767545192502,-0.00449815671891,0.0103183165193,-0.00531661557034,-0.000965611834545,0.000634855998214,-0.00282302778214,0.00239258236252,-0.00310201151296,0.00139731098898],[0.000399748882046,-0.00141762977,0.00127579562832,-0.000896023237146,0.00164861651137,-0.00531661557034,0.0113024963066,-0.00436616176739,-0.000614901946392,0.00190727529116,-0.00317362463102,0.00239424477331,-0.00279164477251],[-7.46514842831e-06,0.000620408216491,0.000198450186872,-0.000605187611654,0.000172138839844,-0.000965611834545,-0.00436616176739,0.0120506417006,-0.00580647028983,0.000100579265563,0.0024163541384,-0.00222929706797,0.0021762654651],[0.000516805914231,-0.00218908535317,0.000814691884443,-0.000105904939119,0.0014945094008,0.000634855998214,-0.000614901946392,-0.00580647028983,0.0165457315743,-0.00734184263274,-7.18230076018e-05,0.00189125409815,0.000143218756421],[-0.000220352201723,0.00209556310438,-0.000342310871929,0.00108136655763,-0.000201813483727,-0.00282302778214,0.00190727529116,0.000100579265563,-0.00734184263274,0.0148307932541,-0.00791752059013,0.00380729720928,-0.00127107882872],[0.000419278920162,-0.00206782575697,0.000882300373632,0.000100584984466,0.000475224864203,0.00239258236252,-0.00317362463102,0.0024163541384,-7.18230076018e-05,-0.00791752059013,0.0171824563295,-0.0108931194991,0.00353792426176],[-0.000527241150849,0.0020812402945,-0.00118368689436,-0.000262511661276,0.00192794646136,-0.00310201151296,0.00239424477331,-0.00222929706797,0.00189125409815,0.00380729720928,-0.0108931194991,0.0217417627573,-0.0112397549674],[0.000172010069946,-0.000991182867438,0.000682143960148,-0.00044376286678,-0.00278903334402,0.00139731098898,-0.00279164477251,0.0021762654651,0.000143218756421,-0.00127107882872,0.00353792426176,-0.0112397549674,0.01587805897]],"mean":[-159.269546509,182.828567505,-113.923072815,-3.88526153564,-42.3426780701,-20.8319282532,-35.0158500671,-10.942442894,-17.8731594086,-5.88974618912,-5.23385381699,-6.7598824501,-3.31072211266]},"hfc":{"dmean":1.50769031048,"dmean2":2.15528559685,"dvar":4.99201250076,"dvar2":9.37778186798,"max":83.5225601196,"mean":7.44261837006,"median":5.03909397125,"min":1.10449000124e-16,"var":63.0460510254},"melbands":{"dmean":[9.16448116186e-05,0.000145150275785,0.000361684476957,0.000366855063476,0.000447399477707,0.000281395448837,0.00020735556609,0.000174302767846,5.18510096299e-05,3.43985011568e-05,1.40158872455e-05,2.2407490178e-05,1.52874363266e-05,9.23333573155e-06,4.92224853588e-06,6.69219753036e-06,4.8441306717e-06,2.56698649537e-06,2.92213326247e-06,3.06070137412e-06,1.78722473265e-06,1.18731520615e-06,8.23086452328e-07,4.96003849548e-07,5.86470605413e-07,3.32042247919e-07,1.68663277123e-07,1.49310437791e-07,6.59407319858e-08,6.91507864303e-08,2.55788403791e-08,1.86846378369e-08,1.05121040761e-08,9.66906288369e-09,7.45251860224e-09,6.15258599623e-09,3.86466370017e-09,2.02464645049e-09,1.54693924337e-09,1.1994913951e-09],"dmean2":[0.000164595345268,0.000244965194725,0.000639144214801,0.000586926995311,0.000644317420665,0.000436962582171,0.000270022195764,0.000213764578803,6.38750498183e-05,4.40176772827e-05,1.91786330106e-05,3.07841182803e-05,2.20499332499e-05,1.38014247568e-05,7.74477302912e-06,1.03367474367e-05,7.74269301473e-06,4.11296241509e-06,4.7918852033e-06,4.97029213875e-06,2.96365533359e-06,1.97649387701e-06,1.37625636398e-06,8.29564612559e-07,1.00720149021e-06,5.59781369702e-07,2.82372838001e-07,2.54333656358e-07,1.1414221035e-07,1.19213780181e-07,4.39221139459e-08,3.22591624524e-08,1.80404029493e-08,1.6999003094e-08,1.32005020248e-08,1.11974234329e-08,7.01053926022e-09,3.71982267211e-09,2.74525824295e-09,2.2295725266e-09],"dvar":[3.52852964625e-08,1.1296430813e-07,5.68418329294e-07,1.00611816833e-06,1.01091416127e-06,3.89355648167e-07,3.11937043307e-07,2.28255899515e-07,1.87149264974e-08,1.02368753474e-08,7.82013842571e-10,3.10504888468e-09,1.22454368867e-09,4.66253258224e-10,1.12496088833e-10,2.23112847642e-10,1.35285560532e-10,2.70400628971e-11,7.95393334529e-11,5.28724113102e-11,2.46978063001e-11,1.38541339859e-11,3.42536199058e-12,1.96425991791e-12,2.66862161709e-12,8.4639191272e-13,2.79802602528e-13,2.10620488606e-13,6.75787686444e-14,8.7623105386e-13,4.46383415528e-14,5.76383093069e-15,2.68861852337e-15,5.24176259716e-15,1.36009117956e-15,2.94862778027e-15,6.92575801108e-16,2.20819358532e-16,6.5143305505e-17,6.05100948405e-17],"dvar2":[1.25102687321e-07,3.33337027314e-07,1.87757621006e-06,2.39644396061e-06,2.08733763429e-06,8.68831136813e-07,5.00216629007e-07,3.07447919567e-07,3.16117514387e-08,1.46015022295e-08,1.37890043828e-09,5.84612225296e-09,2.5568380746e-09,1.06064212968e-09,2.78326556247e-10,5.1452742067e-10,3.46438294718e-10,6.85659792832e-11,2.24254143033e-10,1.34033034671e-10,6.63754329278e-11,3.75693053056e-11,9.19471963845e-12,5.48860783212e-12,7.9076450249e-12,2.26839922714e-12,7.36012704776e-13,6.0189207134e-13,1.89024943159e-13,2.42949388905e-12,1.16879311676e-13,1.57146211056e-14,7.29486288812e-15,1.49912210873e-14,3.80521928257e-15,8.5202214072e-15,1.96628237848e-15,6.45820958848e-16,1.84864451047e-16,1.77032731477e-16],"max":[0.0046219099313,0.00975103862584,0.020784785971,0.0750176012516,0.0375396199524,0.0329447835684,0.0186767019331,0.0209008809179,0.00714813452214,0.00730134686455,0.000977862509899,0.00241754692979,0.000953999406192,0.000424822763307,0.000225165014854,0.000488589110319,0.000325588014675,0.00013472433784,0.000307272945065,0.000225230891374,0.000118128089525,9.72781417659e-05,4.31986954936e-05,5.54164398636e-05,4.88024670631e-05,2.31790127145e-05,2.3606191462e-05,1.46148540807e-05,1.4876667592e-05,7.57370653446e-05,1.59669543791e-05,4.70220356874e-06,2.75770321423e-06,4.68059943159e-06,1.34427227749e-06,3.32165313921e-06,1.39615997341e-06,7.32895443889e-07,3.27438300474e-07,2.9227402365e-07],"mean":[0.000196717432118,0.000309024762828,0.000782248447649,0.000952289730776,0.00133870879654,0.000878930266481,0.000562589615583,0.000527917698491,0.000166416313732,8.43921443447e-05,3.22057167068e-05,4.63642427349e-05,3.10439027089e-05,1.80819224624e-05,9.58483997238e-06,1.35100463012e-05,8.62172237248e-06,4.76318564324e-06,5.05241405335e-06,5.37981259185e-06,3.14744511343e-06,1.94368658413e-06,1.50921891873e-06,9.57038082561e-07,1.01003877262e-06,5.98709846145e-07,3.41988567243e-07,2.79140124348e-07,1.25011752061e-07,1.04167725112e-07,3.66864227885e-08,3.16197557026e-08,1.7834425492e-08,1.31192559039e-08,1.00112567125e-08,6.48895426281e-09,4.53709425585e-09,2.53897325386e-09,2.30729191308e-09,1.46120948674e-09],"median":[0.000103585523902,0.000101821788121,0.000339924823493,0.000355145137291,0.000442757096607,0.000335978023941,0.000143752578879,6.89217049512e-05,3.75892414013e-05,2.11605110962e-05,1.28355914057e-05,1.0449994079e-05,8.55862072058e-06,5.13304439664e-06,3.75626791538e-06,4.15236172557e-06,2.52363315667e-06,1.61096772899e-06,8.14164877738e-07,1.41323721436e-06,7.77166974331e-07,3.88157900488e-07,3.40874493077e-07,1.68483083485e-07,1.67190563616e-07,1.12114406647e-07,7.38219085861e-08,4.58170745787e-08,2.17361559862e-08,1.18156275875e-08,6.93333124246e-09,5.66524516188e-09,2.6530773134e-09,1.98459515488e-09,1.64310320905e-09,1.12532494434e-09,7.83583753439e-10,4.99302044155e-10,3.87289034176e-10,2.68998101571e-10],"min":[2.00773975064e-24,1.67739497746e-24,9.35732803492e-25,2.81094668307e-24,2.19210246065e-24,2.20873894549e-24,1.80251995273e-24,2.83865995831e-24,2.71851545637e-24,1.39386288673e-24,2.29912820573e-24,5.34200827798e-24,2.33997424011e-24,2.0486088592e-24,2.84736208017e-24,3.67016628964e-24,4.35262760812e-24,5.34272416925e-24,3.90754755223e-24,3.26968665439e-24,4.59389479952e-24,4.44925833584e-24,6.22777088464e-24,3.6343437215e-24,4.00470011144e-24,4.85289755623e-24,5.99712057773e-24,5.54496759496e-24,4.18931131263e-24,5.86804597313e-24,6.30868513655e-24,5.16815516738e-24,6.25381986059e-24,5.95474494205e-24,6.96174008706e-24,6.92075324101e-24,6.53279815314e-24,7.02931706765e-24,6.33392158577e-24,6.45861288475e-24],"var":[8.03875508382e-08,3.72871397758e-07,1.60372280789e-06,5.90985519011e-06,6.63947821522e-06,3.71746591554e-06,1.62335527421e-06,1.99228247766e-06,1.85155514032e-07,6.11040817944e-08,3.10609871157e-09,1.0111332216e-08,3.52163698203e-09,1.16076792622e-09,2.48195297647e-10,7.0436201316e-10,3.18540055444e-10,7.28148374929e-11,1.61972171786e-10,1.09361367184e-10,4.78668320258e-11,2.38256445823e-11,8.05808631626e-12,4.16256612512e-12,5.15805410536e-12,1.78408470723e-12,6.01096700626e-13,4.72013270483e-13,9.44610261864e-14,5.99884671017e-13,3.78021385353e-14,6.71483293705e-15,2.8336936679e-15,3.4658745905e-15,1.0703744655e-15,1.73749676773e-15,4.53672434736e-16,1.32503799159e-16,6.04590081659e-17,3.71517683478e-17]},"melbands_crest":{"dmean":2.77097702026,"dmean2":4.46530580521,"dvar":5.77964544296,"dvar2":15.6610937119,"max":33.5165786743,"mean":15.8092651367,"median":14.8789453506,"min":1.66086030006,"var":30.2859268188},"melbands_flatness_db":{"dmean":0.0202948600054,"dmean2":0.0323128588498,"dvar":0.000421954144258,"dvar2":0.00116733077448,"max":0.712833285332,"mean":0.371699541807,"median":0.380381464958,"min":0.00314115406945,"var":0.0106052327901},"melbands_kurtosis":{"dmean":4.4482178688,"dmean2":7.21967601776,"dvar":74.1367340088,"dvar2":205.346160889,"max":522.627624512,"mean":11.3974504471,"median":6.59871196747,"min":-1.8053227663,"var":330.674346924},"melbands_skewness":{"dmean":0.480430722237,"dmean2":0.764298677444,"dvar":0.228065878153,"dvar2":0.608451545238,"max":15.0391311646,"mean":1.83183932304,"median":1.61681413651,"min":-2.34444260597,"var":2.15366768837},"melbands_spread":{"dmean":2.02726817131,"dmean2":3.23978185654,"dvar":13.9601421356,"dvar2":37.1130867004,"max":187.610748291,"mean":9.37635803223,"median":5.62135028839,"min":0.312953978777,"var":205.947631836},"mfcc":{"cov":[[7352.31396484,1888.1427002,-1356.9588623,596.210205078,-428.988952637,-106.691192627,-71.0655670166,45.2003364563,-146.366470337,-212.33114624,-260.640869141,-29.9285888672,-9.3598279953],[1888.1427002,3190.23095703,821.361694336,-145.866668701,154.193710327,-172.224746704,-140.228546143,-184.848571777,-135.059753418,-124.436515808,-38.6684112549,48.8018417358,2.85739398003],[-1356.9588623,821.361694336,1097.39257812,-153.045135498,241.064620972,21.4040813446,-42.6046142578,-62.0396270752,-12.5750169754,-9.25683879852,47.7929878235,33.7603034973,-20.4828166962],[596.210205078,-145.866668701,-153.045135498,337.471191406,49.2936210632,33.0852775574,46.3270378113,61.9403533936,19.4335079193,-37.3097801208,-70.8593902588,-43.9304847717,-48.0847206116],[-428.988952637,154.193710327,241.064620972,49.2936210632,240.548950195,77.517288208,26.7872257233,5.62324619293,10.0536775589,-7.37225627899,-27.9833965302,-29.4721469879,-17.0396518707],[-106.691192627,-172.224746704,21.4040813446,33.0852775574,77.517288208,192.272827148,98.6751174927,51.9961929321,45.2629737854,15.8708486557,-14.9712934494,-14.3568649292,7.48819589615],[-71.0655670166,-140.228546143,-42.6046142578,46.3270378113,26.7872257233,98.6751174927,168.188446045,101.752227783,61.5194664001,27.1264381409,-1.56402218342,18.6333618164,19.8014335632],[45.2003364563,-184.848571777,-62.0396270752,61.9403533936,5.62324619293,51.9961929321,101.752227783,161.502593994,92.3346557617,13.2813110352,-6.30565786362,21.1504859924,8.70398235321],[-146.366470337,-135.059753418,-12.5750169754,19.4335079193,10.0536775589,45.2629737854,61.5194664001,92.3346557617,155.37298584,83.0217132568,20.0344772339,37.5233001709,24.351102829],[-212.33114624,-124.436515808,-9.25683879852,-37.3097801208,-7.37225627899,15.8708486557,27.1264381409,13.2813110352,83.0217132568,154.949905396,82.3109588623,24.0748119354,32.3287467957],[-260.640869141,-38.6684112549,47.7929878235,-70.8593902588,-27.9833965302,-14.9712934494,-1.56402218342,-6.30565786362,20.0344772339,82.3109588623,131.586532593,76.524887085,35.0945396423],[-29.9285888672,48.8018417358,33.7603034973,-43.9304847717,-29.4721469879,-14.3568649292,18.6333618164,21.1504859924,37.5233001709,24.0748119354,76.524887085,192.19770813,105.804580688],[-9.3598279953,2.85739398003,-20.4828166962,-48.0847206116,-17.0396518707,7.48819589615,19.8014335632,8.70398235321,24.351102829,32.3287467957,35.0945396423,105.804580688,159.010803223]],"icov":[[0.00103249575477,-0.0012573399581,0.00156519503798,-0.00171600654721,0.00182636710815,-0.00187561230268,0.00181663397234,-0.00178057944868,0.00166899431497,-0.00127062783577,0.00124538713135,-0.000783948577009,0.000170865183463],[-0.0012573399581,0.00198529032059,-0.00222233682871,0.00212410022505,-0.00232834275812,0.00276564713567,-0.00242427876219,0.00255906092934,-0.00202978844754,0.00171457859688,-0.00118911662139,0.000780448433943,-0.00026617050753],[0.00156519503798,-0.00222233682871,0.00409585330635,-0.00180874532089,0.00102755706757,-0.00297902757302,0.00301882694475,-0.00256746448576,0.00203649606556,-0.00131345028058,0.00091560051078,-0.0014706638176,0.000859376450535],[-0.00171600654721,0.00212410022505,-0.00180874532089,0.00707549136132,-0.00454335054383,0.00339894997887,-0.00332870078273,0.00188972067554,-0.00274029863067,0.00219102972187,-0.000454374501714,0.000651303154882,0.00107270071749],[0.00182636710815,-0.00232834275812,0.00102755706757,-0.00454335054383,0.010456555523,-0.0058056646958,0.003323382698,-0.00295432470739,0.00316297472455,-0.00301864091307,0.00342641957104,-0.000720438896678,-9.79195756372e-05],[-0.00187561230268,0.00276564713567,-0.00297902757302,0.00339894997887,-0.0058056646958,0.012803629972,-0.00871692132205,0.00496216397732,-0.00497745443135,0.0035910399165,-0.00245076767169,0.00286136730574,-0.00125808699522],[0.00181663397234,-0.00242427876219,0.00301882694475,-0.00332870078273,0.003323382698,-0.00871692132205,0.0167675707489,-0.01098831743,0.00568058434874,-0.00561331165954,0.00368606392294,-0.00295421807095,0.000236338339164],[-0.00178057944868,0.00255906092934,-0.00256746448576,0.00188972067554,-0.00295432470739,0.00496216397732,-0.01098831743,0.0195754542947,-0.0130364047363,0.00883797556162,-0.00492144469172,0.00246870866977,-0.000520426139701],[0.00166899431497,-0.00202978844754,0.00203649606556,-0.00274029863067,0.00316297472455,-0.00497745443135,0.00568058434874,-0.0130364047363,0.0215545874089,-0.0150584056973,0.00935132987797,-0.00642326427624,0.00211867829785],[-0.00127062783577,0.00171457859688,-0.00131345028058,0.00219102972187,-0.00301864091307,0.0035910399165,-0.00561331165954,0.00883797556162,-0.0150584056973,0.0220245663077,-0.015262584202,0.00791172031313,-0.00395722733811],[0.00124538713135,-0.00118911662139,0.00091560051078,-0.000454374501714,0.00342641957104,-0.00245076767169,0.00368606392294,-0.00492144469172,0.00935132987797,-0.015262584202,0.0224327407777,-0.0102333743125,0.00389734376222],[-0.000783948577009,0.000780448433943,-0.0014706638176,0.000651303154882,-0.000720438896678,0.00286136730574,-0.00295421807095,0.00246870866977,-0.00642326427624,0.00791172031313,-0.0102333743125,0.0139870485291,-0.00770505098626],[0.000170865183463,-0.00026617050753,0.000859376450535,0.00107270071749,-9.79195756372e-05,-0.00125808699522,0.000236338339164,-0.000520426139701,0.00211867829785,-0.00395722733811,0.00389734376222,-0.00770505098626,0.0115334251896]],"mean":[-798.414611816,210.905090332,-4.92419719696,16.4674777985,2.75928592682,-7.66543960571,-8.74823760986,-9.94794845581,-10.4558620453,-4.97050714493,-6.36051607132,-3.87028050423,-0.660727262497]},"pitch_salience":{"dmean":0.0602197423577,"dmean2":0.0981533750892,"dvar":0.00270157749765,"dvar2":0.00762120820582,"max":0.86789226532,"mean":0.529323160648,"median":0.541032552719,"min":0.0778928846121,"var":0.0145113840699},"silence_rate_20dB":{"dmean":0,"dmean2":0,"dvar":0,"dvar2":0,"max":1,"mean":1,"median":1,"min":1,"var":0},"silence_rate_30dB":{"dmean":0.00456662708893,"dmean2":0.0091340886429,"dvar":0.00454471167177,"dvar2":0.0112432651222,"max":1,"mean":0.990958929062,"median":1,"min":0,"var":0.00896065868437},"silence_rate_60dB":{"dmean":0.0124212261289,"dmean2":0.0248447209597,"dvar":0.0122657325119,"dvar2":0.0302523691207,"max":1,"mean":0.133698627353,"median":0,"min":0,"var":0.115826196969},"spectral_centroid":{"dmean":64.8289413452,"dmean2":104.525886536,"dvar":19343.3574219,"dvar2":40670.9648438,"max":11615.7597656,"mean":645.077148438,"median":431.761810303,"min":95.3271942139,"var":746437.4375},"spectral_complexity":{"dmean":1.23792123795,"dmean2":2.09134078026,"dvar":1.28676211834,"dvar2":3.41880893707,"max":24,"mean":8.85488605499,"median":9,"min":0,"var":18.7307491302},"spectral_contrast_coeffs":{"dmean":[0.0432297922671,0.0364244319499,0.029972679913,0.0249619148672,0.0182953365147,0.0143304793164],"dmean2":[0.0737326219678,0.0600821375847,0.0472112558782,0.041051696986,0.0305047407746,0.0238722227514],"dvar":[0.00116525392514,0.000898351077922,0.000569699855987,0.000399017852033,0.000228888733545,0.000180080241989],"dvar2":[0.00345793250017,0.00243133143522,0.00141617329791,0.00107790098991,0.000618751510046,0.000461798044853],"max":[-0.146925449371,-0.32081580162,-0.425850003958,-0.500614464283,-0.612882971764,-0.637274563313],"mean":[-0.575863420963,-0.650501728058,-0.730629444122,-0.745576620102,-0.773844182491,-0.794744849205],"median":[-0.576709866524,-0.64831674099,-0.733398795128,-0.745911478996,-0.776480078697,-0.789233565331],"min":[-0.976944565773,-0.976707756519,-0.971253991127,-0.970321595669,-0.969668805599,-0.964133501053],"var":[0.0156194213778,0.00960282422602,0.00524142058566,0.003435050603,0.0028104421217,0.00265878112987]},"spectral_contrast_valleys":{"dmean":[0.350012600422,0.271503478289,0.240981981158,0.197797164321,0.172598674893,0.192828416824],"dmean2":[0.600576341152,0.450967103243,0.403844803572,0.336955904961,0.288976967335,0.327873110771],"dvar":[0.0900061205029,0.0597357191145,0.0486416630447,0.0391365885735,0.0497267208993,0.0874360948801],"dvar2":[0.244648039341,0.139942511916,0.1109136343,0.0835943669081,0.104448035359,0.210552334785],"max":[-5.67724514008,-4.63069057465,-6.40269804001,-7.37717294693,-7.89756345749,-10.1931400299],"mean":[-8.28181838989,-7.38724517822,-8.52833366394,-9.37509250641,-10.0184898376,-13.1725502014],"median":[-7.78671741486,-7.05682992935,-8.19228363037,-9.11696815491,-9.83508682251,-13.1581096649],"min":[-27.9085350037,-28.1165409088,-27.6976852417,-27.939453125,-27.5009326935,-27.356710434],"var":[3.68892884254,3.49498796463,2.90489864349,2.51438832283,2.40036606789,1.39685595036]},"spectral_decrease":{"dmean":1.15694509528e-09,"dmean2":1.74901149119e-09,"dvar":3.06106436802e-18,"dvar2":6.91081277647e-18,"max":2.13454327646e-16,"mean":-5.08141217992e-09,"median":-3.44119954754e-09,"min":-7.90249998772e-08,"var":2.95355921932e-17},"spectral_energy":{"dmean":0.00449444586411,"dmean2":0.00678334338591,"dvar":4.60639312223e-05,"dvar2":0.00010343627946,"max":0.305832535028,"mean":0.0198535472155,"median":0.013462619856,"min":1.01114687325e-20,"var":0.000449137500254},"spectral_energyband_high":{"dmean":4.7799380809e-06,"dmean2":8.27601706987e-06,"dvar":1.00911234924e-09,"dvar2":2.8009496944e-09,"max":0.00242941617034,"mean":9.98092673399e-06,"median":2.04355637834e-06,"min":6.9451966389e-21,"var":9.34451516166e-10},"spectral_energyband_low":{"dmean":0.000899372040294,"dmean2":0.00154008285608,"dvar":2.62552953245e-06,"dvar2":7.75932494435e-06,"max":0.0517712011933,"mean":0.00223599164747,"median":0.00127687305212,"min":1.54138593051e-23,"var":1.22709943753e-05},"spectral_energyband_middle_high":{"dmean":0.000280940002995,"dmean2":0.000403108948376,"dvar":2.31726644984e-07,"dvar2":4.96373957048e-07,"max":0.0153153743595,"mean":0.00103119818959,"median":0.000533238111529,"min":1.26789804045e-21,"var":1.54259214469e-06},"spectral_energyband_middle_low":{"dmean":0.00423513818532,"dmean2":0.00631844578311,"dvar":4.49289254902e-05,"dvar2":0.000100144352473,"max":0.300847947598,"mean":0.0173098482192,"median":0.0107910465449,"min":1.52258043317e-22,"var":0.000413724395912},"spectral_entropy":{"dmean":0.144864499569,"dmean2":0.23104070127,"dvar":0.0226822774857,"dvar2":0.0631386265159,"max":9.81956768036,"mean":6.0658416748,"median":6.02775478363,"min":3.39335584641,"var":0.475067287683},"spectral_flux":{"dmean":0.01097769849,"dmean2":0.0183166060597,"dvar":0.000180607588845,"dvar2":0.000506324518938,"max":0.284474909306,"mean":0.0430556051433,"median":0.0401697307825,"min":6.3591187871e-11,"var":0.000611189985648},"spectral_kurtosis":{"dmean":14.024014473,"dmean2":24.0826797485,"dvar":256.470550537,"dvar2":707.557250977,"max":259.898101807,"mean":41.9370956421,"median":26.6992874146,"min":-1.25006914139,"var":1641.74121094},"spectral_rms":{"dmean":0.000459333008621,"dmean2":0.000707210507244,"dvar":2.55706112284e-07,"dvar2":6.49214598525e-07,"max":0.0172734819353,"mean":0.00387168372981,"median":0.003624122357,"min":3.14083546497e-12,"var":4.37925018559e-06},"spectral_rolloff":{"dmean":108.333778381,"dmean2":192.931625366,"dvar":158576.15625,"dvar2":366948.84375,"max":21447.0703125,"mean":863.444396973,"median":473.73046875,"min":86.1328125,"var":4256846.5},"spectral_skewness":{"dmean":0.813331067562,"dmean2":1.39451265335,"dvar":0.635862469673,"dvar2":1.76118123531,"max":13.713549614,"mean":4.25981712341,"median":3.66485381126,"min":-0.0870221704245,"var":5.51942873001},"spectral_spread":{"dmean":286386.5,"dmean2":490407,"dvar":256614907904,"dvar2":542263934976,"max":42181376,"mean":2017711.625,"median":1678910,"min":346408.125,"var":7793182507010.0},"spectral_strongpeak":{"dmean":0.305605351925,"dmean2":0.484879463911,"dvar":0.143480017781,"dvar2":0.327581495047,"max":6.63350820541,"mean":0.993338167667,"median":0.733552992344,"min":3.74612493803e-11,"var":0.797423362732},"zerocrossingrate":{"dmean":0.00278434925713,"dmean2":0.00364993349649,"dvar":2.93529737974e-05,"dvar2":3.78645636374e-05,"max":0.76123046875,"mean":0.031630858779,"median":0.0205078125,"min":0.00390625,"var":0.00355925201438}},"metadata":{"audio_properties":{"analysis_sample_rate":44100,"bit_rate":241553,"codec":"mp3","downmix":"mix","equal_loudness":0,"length":254.223678589,"lossless":false,"md5_encoded":"7bfe68ae99fe159f3f3c79543c1b0b7d","replay_gain":-9.86458015442,"sample_rate":44100},"tags":{"acoustid_id":["1176f25f-ad33-4061-84d7-8694e4f7d576"],"album":["Journey"],"albumartist":["Austin Wintory"],"albumartistsort":["Wintory, Austin"],"artist":["Austin Wintory"],"artistsort":["Wintory, Austin"],"artistwebpage":["http://austinwintory.com/"],"date":["2012"],"discnumber":["1/1"],"file_name":"09 Temptations.mp3","media":["Digital Media"],"musicbrainz album release country":["XW"],"musicbrainz album status":["official"],"musicbrainz album type":["album/soundtrack"],"musicbrainz_albumartistid":["78f15956-c5e1-46d6-a46b-fa6f46681ec8"],"musicbrainz_albumid":["1f3abcda-15a7-4465-92c6-9926cdc4f247"],"musicbrainz_artistid":["78f15956-c5e1-46d6-a46b-fa6f46681ec8"],"musicbrainz_recordingid":["51e0054b-617d-4b15-a283-337d52171365"],"musicbrainz_releasegroupid":["d1850227-c7c7-42c8-b469-6e99023412de"],"originaldate":["2012"],"script":["Latn"],"title":["Temptations"],"tracknumber":["9/18"]},"version":{"essentia":"2.1-beta2","essentia_build_sha":"26c37b627ab5a2028d412893e0969599b764ad4d","essentia_git_sha":"v2.1_beta2","extractor":"music 1.0"}},"rhythm":{"beats_count":600,"beats_loudness":{"dmean":0.0128866927698,"dmean2":0.0215682908893,"dvar":0.000303052918753,"dvar2":0.000764654658269,"max":0.196630105376,"mean":0.0219080355018,"median":0.014282005839,"min":0,"var":0.000524281291291},"beats_loudness_band_ratio":{"dmean":[0.125523269176,0.178139463067,0.134137585759,0.0419535972178,0.0245998781174,0.0120470300317],"dmean2":[0.206737279892,0.294399797916,0.221236035228,0.0717751681805,0.0408582724631,0.0182653237134],"dvar":[0.016640909016