{"lowlevel":{"average_loudness":0.962747812271,"barkbands":{"dmean":[0.000297853344819,0.00766150699928,0.00288512185216,0.00135273195338,0.00302697787993,0.00121290609241,0.000650118512567,0.000526268908288,0.00038705006591,0.000271874625469,0.000276079837931,0.000275550788501,0.000303344684653,0.000402258243412,0.000463348376798,0.000624970183708,0.000516704923939,0.000313809578074,0.000238757522311,0.000227156604524,0.000217425258597,0.000153700369992,8.57855702634e-05,7.22033801139e-05,4.73066684208e-05,3.35369331879e-05,1.12858251669e-05],"dmean2":[0.000416022958234,0.0126192728058,0.00498682446778,0.00231295335107,0.00498295668513,0.0020208330825,0.00108511769213,0.000869187293574,0.000636289885733,0.000444241624791,0.000445889134426,0.000441557524027,0.000502851966303,0.000657627533656,0.000754700158723,0.00103488669265,0.000857306178659,0.000530205375981,0.000410717417253,0.000398800330004,0.000378428027034,0.00026862762752,0.000136847200338,0.000103991274955,6.4228886913e-05,4.4527281716e-05,1.52011316459e-05],"dvar":[2.03778157015e-07,0.000178128262633,1.63551667356e-05,3.1825586575e-06,2.17561482714e-05,2.15087789002e-06,1.07267521798e-06,9.32388559249e-07,5.68151108382e-07,2.91833657684e-07,3.6110458268e-07,4.39021590637e-07,6.16373597495e-07,6.58985356949e-07,9.51171614361e-07,9.4621725566e-07,5.66687333503e-07,2.42335886469e-07,1.57001707635e-07,1.39049504355e-07,1.12626167947e-07,7.00203486304e-08,2.76274541022e-08,4.90273635023e-08,1.45153489228e-08,5.94054760938e-09,6.21596107919e-10],"dvar2":[4.07532411373e-07,0.000455002184026,4.53642060165e-05,8.88475096872e-06,5.72202989133e-05,5.81794620302e-06,2.84112002191e-06,2.34098729379e-06,1.41573377732e-06,7.26262783246e-07,8.88474971816e-07,1.05466006062e-06,1.66454003647e-06,1.64016341841e-06,2.24232712753e-06,2.3875527404e-06,1.45328624512e-06,6.09426081155e-07,4.20806998136e-07,3.84235931961e-07,3.07145938905e-07,1.80584805776e-07,5.67364573101e-08,9.66897388821e-08,2.51929250794e-08,1.06479163264e-08,1.08273490174e-09],"max":[0.00527040706947,0.101560086012,0.0441870316863,0.0319510474801,0.0735208168626,0.0289181433618,0.0212124101818,0.0343697667122,0.0187710095197,0.0177990309894,0.0123163228855,0.017231091857,0.0154246147722,0.0172375328839,0.0344180054963,0.0166387688369,0.0153360106051,0.0109605127946,0.00613544182852,0.00849989056587,0.00692792003974,0.00871514622122,0.00490005826578,0.00890957936645,0.00374115095474,0.00188293016981,0.000484897434944],"mean":[0.000424759025918,0.00920641887933,0.00389860384166,0.00198566517793,0.00484055606648,0.00225018011406,0.000995689770207,0.000842267123517,0.000614773191046,0.00043961693882,0.000441041571321,0.000449952494819,0.000436229543993,0.000672212278005,0.000877227867022,0.00142354343552,0.00110293901525,0.000562868604902,0.00040804798482,0.000459192902781,0.000481278490042,0.000252157973591,0.000188163976418,0.000165962133906,0.000108912601718,7.89594923845e-05,2.34158014791e-05],"median":[0.000126338331029,0.00476540345699,0.00247793318704,0.00139125296846,0.0033986067865,0.00173865188845,0.000610967807006,0.00051897985395,0.000360595469829,0.000241065543378,0.000215999170905,0.000219134570216,0.000189190061064,0.000372307666112,0.000361472950317,0.000756370602176,0.00074939080514,0.000380520301405,0.000296118494589,0.000387901673093,0.000431975291576,0.000162588679814,0.00013093999587,9.9072822195e-05,6.19135535089e-05,2.8990325518e-05,4.39572340838e-06],"min":[2.16943091377e-23,1.27804033675e-23,3.4029889618e-24,5.80121249394e-24,3.60345003519e-23,3.19305713993e-23,2.31159642844e-23,1.90894162758e-23,6.13267851457e-23,6.90169925248e-23,3.45816615336e-23,5.52636507153e-23,8.32962079464e-23,7.64517099448e-23,7.96193146454e-23,1.52991772311e-22,1.20935708919e-22,2.38121614856e-22,1.42357927309e-22,4.62571374079e-22,4.49635418385e-22,5.34905703415e-22,6.59379119017e-22,6.75096358449e-22,1.04742118669e-21,1.39552144706e-21,2.09500736522e-21],"var":[3.90007699025e-07,0.000176386340172,1.99835521926e-05,4.196534519e-06,2.80431104329e-05,4.25979806096e-06,1.63731715475e-06,1.5773149471e-06,9.51137167249e-07,4.98886947753e-07,6.47086096706e-07,7.56762631227e-07,7.83005248195e-07,1.28284830225e-06,2.46823765337e-06,4.0889885895e-06,1.61760817718e-06,4.46670185283e-07,2.25930065767e-07,2.15498232592e-07,2.11888149693e-07,9.95612268184e-08,5.72506380081e-08,9.34572312872e-08,3.55288527487e-08,1.76699188614e-08,1.99792560274e-09]},"barkbands_crest":{"dmean":3.14484667778,"dmean2":5.166847229,"dvar":9.57551860809,"dvar2":24.1621379852,"max":23.8822898865,"mean":9.09305763245,"median":8.11166477203,"min":2.58703756332,"var":15.9497919083},"barkbands_flatness_db":{"dmean":0.0202909242362,"dmean2":0.0323247984052,"dvar":0.00039693940198,"dvar2":0.000980967190117,"max":0.404611617327,"mean":0.10236826539,"median":0.0905605480075,"min":0.0197567883879,"var":0.00247536180541},"barkbands_kurtosis":{"dmean":2.48071813583,"dmean2":4.02954959869,"dvar":17.8478031158,"dvar2":43.9229698181,"max":62.6521644592,"mean":2.70798039436,"median":0.635115742683,"min":-1.88730287552,"var":35.2552680969},"barkbands_skewness":{"dmean":0.553922235966,"dmean2":0.87303340435,"dvar":0.3069409132,"dvar2":0.748569607735,"max":6.61095571518,"mean":1.42310285568,"median":1.30389165878,"min":-2.4836025238,"var":1.09838879108},"barkbands_spread":{"dmean":6.62936782837,"dmean2":10.5625896454,"dvar":45.1559524536,"dvar2":107.571289063,"max":97.3592910767,"mean":31.2332668304,"median":31.8961734772,"min":0.948308050632,"var":181.368057251},"dissonance":{"dmean":0.011202194728,"dmean2":0.0189899094403,"dvar":0.000210347483517,"dvar2":0.00055713695474,"max":0.500000119209,"mean":0.480597317219,"median":0.486527830362,"min":0.205158531666,"var":0.000541760935448},"dynamic_complexity":2.7526204586,"erbbands":{"dmean":[0.257983356714,1.68808531761,3.09484767914,4.12838220596,8.26974010468,10.9061594009,8.5284280777,10.8254766464,10.8405752182,8.88311004639,11.0567426682,8.59764671326,9.05940437317,9.0219669342,9.91810417175,11.2969312668,13.2313108444,17.3538131714,19.503326416,27.0416145325,33.2332878113,26.7466430664,16.5495414734,13.9639501572,11.6138906479,10.5321912766,9.66434001923,8.08487796783,6.56551408768,3.29324388504,2.40117359161,1.7028979063,1.16911768913,0.593746721745,0.323719292879,0.155989140272,0.0623262114823,0.0165816042572,0.00218963809311,6.41204824205e-05],"dmean2":[0.412982434034,2.90344643593,5.47211551666,6.94828176498,13.8304719925,18.1443901062,13.9947061539,18.148021698,17.976190567,14.8084487915,18.1517963409,14.1958093643,14.6047620773,15.0323410034,15.5976839066,18.1866569519,21.7752933502,28.1311340332,31.3975925446,44.0462989807,54.9456520081,44.1292419434,27.6265277863,23.9124851227,20.1296291351,18.4205799103,16.7812137604,14.1763143539,11.5825223923,5.52914953232,3.78941369057,2.52693581581,1.65862929821,0.80807954073,0.452975690365,0.215027749538,0.0843658968806,0.0224481169134,0.00296940491535,8.79142753547e-05],"dvar":[0.17193569243,9.95019245148,23.508430481,28.1974983215,130.323318481,371.596557617,131.173019409,185.51272583,239.453186035,299.389923096,452.925994873,307.373138428,289.700531006,443.775054932,456.634490967,769.337097168,1141.99780273,1428.25695801,1449.02172852,2690.05004883,2566.72827148,1686.33996582,725.531555176,475.825958252,374.495758057,307.573425293,242.965927124,160.36555481,134.604156494,35.5162124634,23.2507019043,23.9800662994,12.7720422745,2.85067081451,0.657709002495,0.133414819837,0.0198733024299,0.00141913013067,2.32553902606e-05,1.52039500989e-08],"dvar2":[0.415717482567,26.5601463318,66.0671920776,75.8513412476,349.786132813,972.236755371,339.800720215,508.288696289,635.498962402,787.666564941,1150.88513184,767.901367188,728.585083008,1130.64123535,1066.17333984,1854.91296387,3072.97924805,3587.05297852,3178.90332031,6728.34814453,6568.55859375,4307.07177734,1781.7421875,1253.58935547,1031.74829102,855.294250488,670.680603027,432.70980835,355.811401367,83.0990142822,47.5923271179,47.9453392029,25.3680820465,5.24918556213,1.22309422493,0.241496175528,0.0366842485964,0.00261156377383,4.07639272453e-05,2.59850665429e-08],"max":[3.50505042076,24.2124080658,43.5480384827,75.097442627,179.315490723,240.246292114,227.031219482,194.757049561,317.12878418,527.62097168,1004.87493896,478.848052979,520.198669434,694.595458984,561.551025391,840.059020996,790.07019043,957.492248535,1011.66973877,1725.80053711,957.792358398,1008.38439941,675.6015625,407.260864258,327.141265869,461.716247559,353.130767822,262.001586914,346.802490234,152.293197632,134.122955322,191.108322144,131.607391357,45.2941856384,32.1605949402,9.99075603485,4.1943116188,0.890467941761,0.103042498231,0.0025361799635],"mean":[0.310531973839,1.89323723316,3.75066709518,7.10864496231,12.0403242111,15.2338104248,15.3555879593,19.3390846252,17.7569236755,14.2220859528,18.1217384338,13.8395709991,15.3371629715,14.2152118683,17.9427585602,19.5786380768,20.8091697693,29.6913833618,38.574596405,62.2732925415,78.9095306396,60.6645317078,33.4269104004,24.6657009125,21.3026981354,21.4965400696,21.0810432434,15.9767866135,9.9737329483,6.69758176804,5.17439699173,3.7842605114,2.56583046913,1.32101380825,0.706054210663,0.352804362774,0.14094479382,0.036468397826,0.00447493605316,0.000156925540068],"median":[0.139490783215,0.989839375019,2.41508936882,5.06326532364,7.97808265686,9.33352661133,10.7799081802,14.4752616882,12.1104793549,8.53567218781,11.6862821579,8.35399532318,9.08582305908,8.13184356689,8.59166145325,10.1365070343,9.74444389343,15.384472847,23.2754898071,25.792339325,48.374168396,40.7377357483,23.03175354,17.5117511749,16.9378223419,18.4811077118,19.0459289551,13.4632587433,6.26333475113,4.73109006882,3.5394423008,2.26894688606,1.51793396473,0.781442642212,0.359496027231,0.15271307528,0.0469131581485,0.00958664808422,0.00078286905773,7.07808067091e-05],"min":[4.09669983122e-22,1.50674321115e-21,4.52161277798e-21,1.42100371922e-20,4.98211012188e-20,1.1036060202e-19,1.93609816626e-19,2.35604535554e-19,2.65724482254e-19,5.35596913387e-19,6.83220528587e-19,1.41635003341e-18,2.62126381006e-18,2.64629987886e-18,2.33495633413e-18,2.61819331562e-18,4.39449792022e-18,5.68068353622e-18,4.90299975716e-18,5.13235915664e-18,6.33728751235e-18,7.55711545884e-18,1.17044460218e-17,8.17599544954e-18,1.10579853479e-17,2.16689325143e-17,1.4129310271e-17,2.05894171471e-17,1.77306561347e-17,1.91469349272e-17,1.79542364369e-17,1.63146321139e-17,9.96910464187e-18,9.20065550717e-18,8.62801408553e-18,5.08328129013e-18,2.58784984921e-18,1.17488453547e-18,2.61662301663e-19,3.13826411354e-20],"var":[0.204306840897,8.23375225067,20.5690822601,49.6728286743,173.037231445,404.413909912,261.367401123,336.139038086,386.216583252,438.717102051,784.278015137,469.420043945,492.790649414,708.771362305,1089.06530762,1337.92077637,1546.08959961,2642.78393555,3982.77783203,10504.3818359,10549.8496094,4904.44335938,1543.23205566,770.116333008,509.67376709,473.186767578,432.26373291,260.177276611,163.326583862,62.9687271118,47.4786453247,45.0004196167,24.2444629669,6.0626115799,1.5514332056,0.36265334487,0.0590020343661,0.00429508136585,7.37717491575e-05,5.06269053346e-08]},"erbbands_crest":{"dmean":2.18173527718,"dmean2":3.60779047012,"dvar":4.43617630005,"dvar2":11.1582250595,"max":26.7549781799,"mean":7.52984428406,"median":6.54917907715,"min":1.91819000244,"var":13.0633382797},"erbbands_flatness_db":{"dmean":0.0134604480118,"dmean2":0.0203718636185,"dvar":0.000185733559192,"dvar2":0.00038392940769,"max":0.387383937836,"mean":0.123250871897,"median":0.116315290332,"min":0.0338900648057,"var":0.00187742791604},"erbbands_kurtosis":{"dmean":0.872904241085,"dmean2":1.40709686279,"dvar":1.34654641151,"dvar2":3.28591346741,"max":20.2483577728,"mean":0.407359778881,"median":-0.249313548207,"min":-1.80853235722,"var":3.81131696701},"erbbands_skewness":{"dmean":0.3337893188,"dmean2":0.518322408199,"dvar":0.128727868199,"dvar2":0.285331785679,"max":3.33996891975,"mean":-0.251904964447,"median":-0.320941329002,"min":-3.86701655388,"var":0.635819673538},"erbbands_spread":{"dmean":8.3590297699,"dmean2":13.2047576904,"dvar":68.4565124512,"dvar2":155.805725098,"max":143.836380005,"mean":44.7879180908,"median":44.7302703857,"min":3.54944443703,"var":337.917358398},"gfcc":{"cov":[[9620.94628906,-1461.91772461,-878.569519043,670.739501953,-3.87977290154,346.583068848,-373.799407959,262.003814697,-34.582660675,201.056686401,-50.8143310547,218.309387207,186.346130371],[-1461.91772461,1099.89086914,-38.9460296631,-307.322814941,34.5209999084,-82.102394104,104.434432983,-104.122314453,63.8499336243,-65.93019104,8.62200450897,-51.4670181274,26.8546657562],[-878.569519043,-38.9460296631,878.297363281,-307.661773682,40.4334335327,-51.6421279907,101.426780701,49.1615371704,-30.8470039368,-0.593546152115,32.044178009,74.2417602539,-82.0662002563],[670.739501953,-307.322814941,-307.661773682,524.507568359,-72.097114563,38.4353294373,-62.0407562256,30.3189411163,2.98458337784,26.9879722595,7.18754243851,-18.5032100677,44.905002594],[-3.87977290154,34.5209999084,40.4334335327,-72.097114563,262.66595459,7.44100427628,2.89086151123,23.7604560852,50.8308830261,6.72355604172,-18.4814281464,34.5878257751,4.68267059326],[346.583068848,-82.102394104,-51.6421279907,38.4353294373,7.44100427628,162.345321655,30.6833114624,9.40966129303,2.98521780968,33.038860321,15.1265249252,-0.116623789072,5.29805755615],[-373.799407959,104.434432983,101.426780701,-62.0407562256,2.89086151123,30.6833114624,152.259887695,27.5672340393,5.9322886467,7.86017036438,22.2465229034,0.0901294946671,-15.3719167709],[262.003814697,-104.122314453,49.1615371704,30.3189411163,23.7604560852,9.40966129303,27.5672340393,111.794898987,29.169708252,4.07125282288,6.87625408173,30.6973953247,-0.893184483051],[-34.582660675,63.8499336243,-30.8470039368,2.98458337784,50.8308830261,2.98521780968,5.9322886467,29.169708252,86.6845245361,21.0151844025,-4.0036072731,4.33590841293,14.7682037354],[201.056686401,-65.93019104,-0.593546152115,26.9879722595,6.72355604172,33.038860321,7.86017036438,4.07125282288,21.0151844025,79.7189025879,24.3386230469,4.83862447739,9.25316524506],[-50.8143310547,8.62200450897,32.044178009,7.18754243851,-18.4814281464,15.1265249252,22.2465229034,6.87625408173,-4.0036072731,24.3386230469,66.5863800049,23.6182441711,-6.71334218979],[218.309387207,-51.4670181274,74.2417602539,-18.5032100677,34.5878257751,-0.116623789072,0.0901294946671,30.6973953247,4.33590841293,4.83862447739,23.6182441711,72.4001464844,15.9600534439],[186.346130371,26.8546657562,-82.0662002563,44.905002594,4.68267059326,5.29805755615,-15.3719167709,-0.893184483051,14.7682037354,9.25316524506,-6.71334218979,15.9600534439,68.2024993896]],"icov":[[0.000218081928324,7.40981922718e-05,0.000256805855315,2.37045696849e-05,0.000102775185951,-0.000342594808899,0.000416877155658,-0.000550492317416,0.0004531397135,-0.000635863514617,0.000627506989986,-0.000874758698046,2.92938275379e-05],[7.40981922718e-05,0.00217507104389,0.000352945004124,0.00120441860054,-0.000150139676407,0.000786876422353,-0.00146645319182,0.00185642461292,-0.00235519860871,0.00243182410486,-0.00234202574939,0.00179598119576,-0.00225497595966],[0.000256805855315,0.000352945004124,0.0023393840529,0.00101571984123,0.000236955223954,0.000391571957152,-0.000600518891588,-0.000933424627874,0.00106057152152,-0.00139201560523,0.00105762621388,-0.00311387190595,0.00190325919539],[2.37045696849e-05,0.00120441860054,0.00101571984123,0.00355864968151,0.000470489205327,0.000193088577362,0.000163782562595,-0.000786503427662,-0.000612275558524,0.000582572713029,-0.00206418614835,0.00193586701062,-0.00228320038877],[0.000102775185951,-0.000150139676407,0.000236955223954,0.000470489205327,0.00520183518529,-0.000729705789126,0.000269083830062,-9.35703501455e-05,-0.00244459556416,-0.000981624936685,0.00330532947555,-0.00417841412127,0.00147827621549],[-0.000342594808899,0.000786876422353,0.000391571957152,0.000193088577362,-0.000729705789126,0.00835603009909,-0.00314613291994,0.00126735994127,-0.000506373005919,-0.000911638664547,-0.00226676487364,0.00207516388036,-0.00079664675286],[0.000416877155658,-0.00146645319182,-0.000600518891588,0.000163782562595,0.000269083830062,-0.00314613291994,0.0108327707276,-0.0051935184747,0.00237976526842,-0.00243423646316,-0.00054172083037,0.000417925388319,0.000871278985869],[-0.000550492317416,0.00185642461292,-0.000933424627874,-0.000786503427662,-9.35703501455e-05,0.00126735994127,-0.0051935184747,0.016650153324,-0.00845545437187,0.0051908288151,-0.00181152089499,-0.00267395190895,0.000697335926816],[0.0004531397135,-0.00235519860871,0.00106057152152,-0.000612275558524,-0.00244459556416,-0.000506373005919,0.00237976526842,-0.00845545437187,0.0205300711095,-0.00899411458522,0.00478958059102,-0.00164533755742,-0.000367385597201],[-0.000635863514617,0.00243182410486,-0.00139201560523,0.000582572713029,-0.000981624936685,-0.000911638664547,-0.00243423646316,0.0051908288151,-0.00899411458522,0.022659374401,-0.0121305882931,0.00774180190638,-0.00575359165668],[0.000627506989986,-0.00234202574939,0.00105762621388,-0.00206418614835,0.00330532947555,-0.00226676487364,-0.00054172083037,-0.00181152089499,0.00478958059102,-0.0121305882931,0.0289425551891,-0.016896687448,0.00905422866344],[-0.000874758698046,0.00179598119576,-0.00311387190595,0.00193586701062,-0.00417841412127,0.00207516388036,0.000417925388319,-0.00267395190895,-0.00164533755742,0.00774180190638,-0.016896687448,0.0325332991779,-0.0131240421906],[2.92938275379e-05,-0.00225497595966,0.00190325919539,-0.00228320038877,0.00147827621549,-0.00079664675286,0.000871278985869,0.000697335926816,-0.000367385597201,-0.00575359165668,0.00905422866344,-0.0131240421906,0.024251922965]],"mean":[34.0904006958,74.6873474121,-100.598937988,42.2951087952,-46.7774391174,8.05819225311,-39.4776916504,7.43892192841,-20.0666313171,4.81693601608,-19.2711982727,3.45328140259,-9.61152839661]},"hfc":{"dmean":7.57124996185,"dmean2":12.3146896362,"dvar":109.753837585,"dvar2":270.169494629,"max":173.485229492,"mean":28.9840145111,"median":27.3982868195,"min":1.11544855617e-16,"var":348.24508667},"melbands":{"dmean":[0.00217485520989,0.00175925367512,0.00071557884803,0.000721837044694,0.000331903604092,0.000241354166064,0.000157445247169,0.000100328688859,8.86084380909e-05,5.31645819137e-05,4.56635279988e-05,3.63254512195e-05,3.46296037605e-05,2.9578939575e-05,3.34034484695e-05,2.91385113087e-05,3.588556865e-05,3.43433857779e-05,3.65662272088e-05,4.23968558607e-05,4.18814379373e-05,3.23423628288e-05,2.03152139875e-05,1.4353545339e-05,1.17848539958e-05,9.5956165751e-06,8.56376391312e-06,7.14305224392e-06,6.60572186462e-06,5.5545729083e-06,4.81678671349e-06,4.0853246901e-06,2.56557655121e-06,1.79866913186e-06,1.53496750954e-06,1.25909832605e-06,1.05127219285e-06,9.20742081689e-07,6.92797414104e-07,4.7907485623e-07],"dmean2":[0.00354455946945,0.00306766456924,0.00119898375124,0.00120098819025,0.000543039059266,0.000402982957894,0.000260920496657,0.000166122626979,0.00014520350669,8.76453486853e-05,7.36537040211e-05,6.07642941759e-05,5.54247380933e-05,4.71603598271e-05,5.51943485334e-05,4.79798145534e-05,5.84957233514e-05,5.575729665e-05,5.93991608184e-05,7.01237659086e-05,6.9917194196e-05,5.37474661542e-05,3.35896584147e-05,2.43874892476e-05,2.02146220545e-05,1.66846657521e-05,1.48321823872e-05,1.24725529531e-05,1.14328968266e-05,9.62125159276e-06,8.52564426168e-06,7.22652339391e-06,4.40236226495e-06,3.00028773381e-06,2.47433945333e-06,1.93681466953e-06,1.59032481406e-06,1.36248843319e-06,9.80391064331e-07,6.81946744407e-07],"dvar":[1.34497304316e-05,8.58408020576e-06,7.36967479043e-07,1.48834737956e-06,1.91724993215e-07,8.71771206334e-08,4.93466210116e-08,3.61323948539e-08,3.03996436912e-08,1.14912408478e-08,7.40597139171e-09,7.26873450319e-09,5.84279824523e-09,5.52976686663e-09,6.67940236454e-09,6.78201539372e-09,6.39008801429e-09,4.68627137096e-09,6.68997923725e-09,5.05195885125e-09,4.09534672841e-09,2.57250221125e-09,1.04682862379e-09,5.06217012752e-10,3.46537298856e-10,2.98813529476e-10,1.86536314173e-10,1.33960995075e-10,1.15146607527e-10,6.8985088475e-11,6.15166112494e-11,5.44506488509e-11,1.99164157388e-11,1.01076048573e-11,8.18039039285e-12,1.08139122657e-11,9.57876052782e-12,7.50149248274e-12,4.8089574857e-12,1.65838913782e-12],"dvar2":[3.34799078701e-05,2.35675161093e-05,1.99146256818e-06,3.93621076e-06,5.01395049923e-07,2.37946295556e-07,1.3126476972e-07,9.44924423152e-08,7.80639624054e-08,2.83711969473e-08,1.85718214141e-08,1.83323241032e-08,1.42573242101e-08,1.32655966212e-08,1.81262169718e-08,1.80968537933e-08,1.59780082498e-08,1.05938635642e-08,1.5854061175e-08,1.2898665247e-08,1.05156123809e-08,6.75561206975e-09,2.49096165916e-09,1.31257504865e-09,9.1300345062e-10,8.15400913456e-10,5.14601083967e-10,3.74307279616e-10,3.16767667652e-10,1.88582330307e-10,1.66603744689e-10,1.43933254204e-10,5.15724650485e-11,2.3289283696e-11,1.7639450664e-11,2.22942046768e-11,2.00846405479e-11,1.58243487758e-11,9.10470570464e-12,3.2086230374e-12],"max":[0.0274232905358,0.0210487507284,0.0129222059622,0.0198648963124,0.00742060458288,0.00396970799193,0.00432479800656,0.00632048444822,0.00820526946336,0.0027405184228,0.00252593215555,0.00281820609234,0.00182299921289,0.00221120705828,0.00161497131921,0.0019207126461,0.00216268165968,0.00172384269536,0.0032961377874,0.00131882401183,0.00116109463852,0.00130769994576,0.000800178793725,0.000408976949984,0.000359647063306,0.000280712265521,0.000241915084189,0.000308979739202,0.000314443605021,0.000194290289073,0.00018141522014,0.000249289209023,0.000107430962089,8.92134776223e-05,9.00520171854e-05,0.000105838320451,0.000117945135571,0.000116464951134,6.74013645039e-05,3.85424609703e-05],"mean":[0.00269273482263,0.00222754059359,0.00133887398988,0.00102875044104,0.000589688192122,0.000443098222604,0.000256913888734,0.000161388277775,0.000143831042806,8.42319786898e-05,7.50257822801e-05,5.48664283997e-05,5.75295671297e-05,5.08904558956e-05,5.32698395546e-05,4.13796842622e-05,5.77096543566e-05,5.99828272243e-05,7.15446440154e-05,9.38409211813e-05,9.17056313483e-05,6.69756118441e-05,3.92208276025e-05,2.52461231867e-05,1.92690949916e-05,1.49601519297e-05,1.59713872563e-05,1.35872496685e-05,1.29478630697e-05,1.23349618661e-05,8.03150487627e-06,5.70924476051e-06,4.3664426812e-06,3.52270853909e-06,3.05951152768e-06,2.59310559159e-06,2.18304353439e-06,1.88709236681e-06,1.44836326399e-06,9.93088406176e-07],"median":[0.00134675391018,0.00153887132183,0.00106008665171,0.000662633276079,0.000422737735789,0.000339121004799,0.000175908018718,9.74647555267e-05,9.09055088414e-05,4.96780266985e-05,4.33288514614e-05,2.95303143503e-05,2.81518387055e-05,2.51105011557e-05,2.33653699979e-05,1.74769411387e-05,2.81583434116e-05,3.5373494029e-05,2.73204659607e-05,4.113081377e-05,5.78724793741e-05,4.40428775619e-05,2.4928833227e-05,1.77306592377e-05,1.29360105348e-05,1.06420657175e-05,1.27420280478e-05,1.12670277304e-05,1.09628663267e-05,1.1070536857e-05,6.00736211709e-06,3.37718643095e-06,2.9520310818e-06,2.44046987063e-06,2.10782241084e-06,1.54950021169e-06,1.28696649426e-06,1.09810491722e-06,8.21719879696e-07,5.69717997223e-07],"min":[5.61590236199e-24,2.26343382749e-24,2.78017972726e-24,6.47977565626e-24,7.08166508846e-24,5.43722260594e-24,4.55730664188e-24,5.50491752123e-24,7.68795991438e-24,9.39348350236e-24,1.25820427152e-23,1.06325520594e-23,6.49861049923e-24,7.97659386441e-24,3.63158310277e-24,7.78831485444e-24,8.29337831584e-24,7.74931988218e-24,6.15798272694e-24,8.35960555542e-24,5.37131248845e-24,6.70110517714e-24,9.63233086294e-24,1.05833500158e-23,6.00943942963e-24,5.31311427517e-24,9.60981598384e-24,1.44480805647e-23,8.35949195945e-24,1.15208220604e-23,1.07121583799e-23,8.71053427341e-24,1.1726480465e-23,9.89548697231e-24,9.84537931647e-24,7.19909728939e-24,9.23731744212e-24,8.19710888641e-24,4.84932441076e-24,8.50977706164e-24],"var":[1.45450303535e-05,7.21824653738e-06,1.34084598358e-06,1.62565208939e-06,3.58773462494e-07,1.65564145505e-07,7.93435006585e-08,5.52811556531e-08,5.20491738598e-08,1.80241741532e-08,1.24811059266e-08,1.16738334555e-08,1.11605578113e-08,9.40842870278e-09,1.09826441275e-08,7.79847120214e-09,1.14545608554e-08,1.15298695036e-08,1.7475191072e-08,2.17801812141e-08,1.42713698636e-08,6.57345600175e-09,2.59330534824e-09,8.66151206314e-10,5.4042581521e-10,3.60620810991e-10,2.758482609e-10,2.05491970662e-10,1.85273518749e-10,1.41956751909e-10,8.1706620636e-11,6.28633187172e-11,2.89672261872e-11,1.80306446856e-11,1.54388342388e-11,2.05551339838e-11,1.63013023219e-11,1.29877679791e-11,9.53852361679e-12,3.28154452396e-12]},"melbands_crest":{"dmean":3.91931438446,"dmean2":6.15025997162,"dvar":11.6768550873,"dvar2":27.4416637421,"max":31.9514865875,"mean":13.434595108,"median":12.3429479599,"min":2.12500786781,"var":25.5634403229},"melbands_flatness_db":{"dmean":0.0279055889696,"dmean2":0.04394415766,"dvar":0.000737932918128,"dvar2":0.00177086377516,"max":0.555619835854,"mean":0.177652105689,"median":0.163140967488,"min":0.00518885487691,"var":0.00483115203679},"melbands_kurtosis":{"dmean":7.10235548019,"dmean2":11.5592927933,"dvar":109.32169342,"dvar2":285.226379395,"max":184.60836792,"mean":12.3948907852,"median":8.10642242432,"min":-1.67605185509,"var":199.988647461},"melbands_skewness":{"dmean":0.799083650112,"dmean2":1.26469314098,"dvar":0.640995502472,"dvar2":1.61349761486,"max":12.4684562683,"mean":2.84226989746,"median":2.69513344765,"min":-1.6464124918,"var":1.8390506506},"melbands_spread":{"dmean":8.87499523163,"dmean2":14.1596012115,"dvar":89.1624908447,"dvar2":218.066589355,"max":210.41456604,"mean":29.2087421417,"median":25.7488460541,"min":1.06662666798,"var":357.356933594},"mfcc":{"cov":[[8600.453125,-1072.80383301,-1117.88049316,338.489135742,298.117675781,188.095748901,-177.213165283,-44.4224395752,137.776367188,-53.6793937683,-119.483283997,153.14163208,38.0151634216],[-1072.80383301,917.665466309,139.768661499,-216.133789063,-40.5974006653,-42.6355133057,15.2490816116,19.1812515259,3.64921498299,-26.9955615997,26.8050136566,-17.0203971863,4.2613401413],[-1117.88049316,139.768661499,594.983459473,-70.2500686646,-102.954208374,-57.7414741516,70.9930953979,30.1824836731,-63.2017326355,-6.3159236908,54.9159355164,-20.4971446991,3.28207659721],[338.489135742,-216.133789063,-70.2500686646,275.660552979,32.9371147156,-18.8199081421,-24.3382072449,3.76874923706,16.2698936462,3.19848632813,-18.7275753021,15.5616397858,9.82419681549],[298.117675781,-40.5974006653,-102.954208374,32.9371147156,194.075363159,18.1766471863,-42.7928161621,17.978105545,30.4965820313,-8.63940811157,-6.52297496796,8.28381538391,18.8743133545],[188.095748901,-42.6355133057,-57.7414741516,-18.8199081421,18.1766471863,131.210205078,29.0248813629,-23.4381637573,14.517698288,17.1566200256,6.19228076935,11.838722229,1.18277621269],[-177.213165283,15.2490816116,70.9930953979,-24.3382072449,-42.7928161621,29.0248813629,110.199172974,31.600725174,-12.4894132614,7.37973022461,28.4152011871,12.2102470398,-3.75315403938],[-44.4224395752,19.1812515259,30.1824836731,3.76874923706,17.978105545,-23.4381637573,31.600725174,108.266960144,21.3112106323,-4.99521875381,23.8985748291,7.52131175995,12.042222023],[137.776367188,3.64921498299,-63.2017326355,16.2698936462,30.4965820313,14.517698288,-12.4894132614,21.3112106323,91.7144470215,28.4837493896,-13.4850654602,4.19349145889,11.6593227386],[-53.6793937683,-26.9955615997,-6.3159236908,3.19848632813,-8.63940811157,17.1566200256,7.37973022461,-4.99521875381,28.4837493896,69.3568115234,21.7173709869,-1.27432549,-1.15628874302],[-119.483283997,26.8050136566,54.9159355164,-18.7275753021,-6.52297496796,6.19228076935,28.4152011871,23.8985748291,-13.4850654602,21.7173709869,80.9159011841,18.9170074463,-1.53064072132],[153.14163208,-17.0203971863,-20.4971446991,15.5616397858,8.28381538391,11.838722229,12.2102470398,7.52131175995,4.19349145889,-1.27432549,18.9170074463,60.3110809326,19.361240387],[38.0151634216,4.2613401413,3.28207659721,9.82419681549,18.8743133545,1.18277621269,-3.75315403938,12.042222023,11.6593227386,-1.15628874302,-1.53064072132,19.361240387,52.5326957703]],"icov":[[0.000187721976545,0.000176211338839,0.000258190266322,1.32596142066e-06,-1.93522009795e-05,-0.000127616149257,0.00014993493096,-2.49864642683e-05,-0.000146522623254,0.000311534764478,-2.62746725639e-05,-0.000319182872772,1.59968112712e-05],[0.000176211338839,0.0016349744983,9.89956315607e-05,0.00111626379658,0.000112206362246,0.000492637918796,3.66654639947e-05,0.000286772672553,-0.00112795876339,0.00134502525907,-0.000789668702055,7.4424999184e-05,-0.000360092817573],[0.000258190266322,9.89956315607e-05,0.00274659111165,0.000187403857126,0.000703002442606,0.000848203373607,-0.00102191173937,-3.37352612405e-05,0.000678623269778,0.000632194860373,-0.00143579090945,0.00103934528306,-0.00130006019026],[1.32596142066e-06,0.00111626379658,0.000187403857126,0.00486241327599,-0.000373216607841,0.00129211135209,0.000234636419918,-7.28458253434e-05,-0.000568941526581,-0.000169875100255,0.000666366249789,-0.00120005512144,-0.000289842631901],[-1.93522009795e-05,0.000112206362246,0.000703002442606,-0.000373216607841,0.00704543059692,-0.00176844932139,0.00313843018375,-0.00192507647444,-0.00116987107322,0.0018150517717,-0.00128383433912,0.000470304687042,-0.00170636863913],[-0.000127616149257,0.000492637918796,0.000848203373607,0.00129211135209,-0.00176844932139,0.0112491995096,-0.00543601159006,0.00473769474775,-0.00241392734461,-0.00058102956973,-0.00133223086596,-0.000216824992094,-0.000770483922679],[0.00014993493096,3.66654639947e-05,-0.00102191173937,0.000234636419918,0.00313843018375,-0.00543601159006,0.0154063254595,-0.00640215724707,0.00271433521993,-0.00139468966518,-0.000268948235316,-0.00324762193486,0.00202752905898],[-2.49864642683e-05,0.000286772672553,-3.37352612405e-05,-7.28458253434e-05,-0.00192507647444,0.00473769474775,-0.00640215724707,0.0154698640108,-0.0068019060418,0.00516064232215,-0.00605656206608,0.00222794571891,-0.00278242235072],[-0.000146522623254,-0.00112795876339,0.000678623269778,-0.000568941526581,-0.00116987107322,-0.00241392734461,0.00271433521993,-0.0068019060418,0.0191963929683,-0.01103939116,0.00736821210012,-0.00219693197869,-0.000989791587926],[0.000311534764478,0.00134502525907,0.000632194860373,-0.000169875100255,0.0018150517717,-0.00058102956973,-0.00139468966518,0.00516064232215,-0.01103939116,0.02406151779,-0.0106339743361,0.00434604333714,-0.00119580933824],[-2.62746725639e-05,-0.000789668702055,-0.00143579090945,0.000666366249789,-0.00128383433912,-0.00133223086596,-0.000268948235316,-0.00605656206608,0.00736821210012,-0.0106339743361,0.0216860491782,-0.0083055133,0.00373208173551],[-0.000319182872772,7.4424999184e-05,0.00103934528306,-0.00120005512144,0.000470304687042,-0.000216824992094,-0.00324762193486,0.00222794571891,-0.00219693197869,0.00434604333714,-0.0083055133,0.0242041964084,-0.00910175032914],[1.59968112712e-05,-0.000360092817573,-0.00130006019026,-0.000289842631901,-0.00170636863913,-0.000770483922679,0.00202752905898,-0.00278242235072,-0.000989791587926,-0.00119580933824,0.00373208173551,-0.00910175032914,0.0242585297674]],"mean":[-611.703063965,105.630363464,7.35201358795,35.0038833618,12.8439912796,7.02796983719,-4.30329322815,1.39686071873,3.42455196381,0.416523694992,-4.43883514404,2.73951101303,-0.168719142675]},"pitch_salience":{"dmean":0.0850979685783,"dmean2":0.13784994185,"dvar":0.00651095807552,"dvar2":0.016138156876,"max":0.854261338711,"mean":0.608476638794,"median":0.63148778677,"min":0.153056159616,"var":0.0122821843252},"silence_rate_20dB":{"dmean":0,"dmean2":0,"dvar":0,"dvar2":0,"max":1,"mean":1,"median":1,"min":1,"var":0},"silence_rate_30dB":{"dmean":0,"dmean2":0,"dvar":0,"dvar2":0,"max":1,"mean":1,"median":1,"min":1,"var":0},"silence_rate_60dB":{"dmean":0.0104765817523,"dmean2":0.0209553167224,"dvar":0.0103641515598,"dvar2":0.0233955364674,"max":1,"mean":0.0783608928323,"median":0,"min":0,"var":0.0722395703197},"spectral_centroid":{"dmean":270.54083252,"dmean2":434.098571777,"dvar":76475.796875,"dvar2":179615.734375,"max":11228.3847656,"mean":1659.17565918,"median":1735.32739258,"min":195.504989624,"var":414654.0625},"spectral_complexity":{"dmean":4.97411680222,"dmean2":8.01088809967,"dvar":24.5993404388,"dvar2":58.3083152771,"max":60,"mean":29.7086372375,"median":33,"min":0,"var":198.609512329},"spectral_contrast_coeffs":{"dmean":[0.0548465438187,0.0481490604579,0.0350033268332,0.0310446172953,0.0225892700255,0.0215655751526],"dmean2":[0.0894828662276,0.0804286152124,0.0585192926228,0.0514556802809,0.0371294021606,0.035729508847],"dvar":[0.00197892053984,0.00139340374153,0.000773604377173,0.000649525842164,0.000426397804404,0.000500209804159],"dvar2":[0.00518172048032,0.0038347535301,0.00213081506081,0.00169364584144,0.00103085604496,0.00130393786822],"max":[-0.367835432291,-0.535750448704,-0.563890695572,-0.565605163574,-0.537452936172,-0.61214697361],"mean":[-0.655028939247,-0.75627040863,-0.807182073593,-0.786291480064,-0.798432826996,-0.74903190136],"median":[-0.658610343933,-0.757638216019,-0.812321126461,-0.795766532421,-0.804263055325,-0.739861607552],"min":[-0.972171604633,-0.973994195461,-0.968103528023,-0.96048116684,-0.962754070759,-0.962195336819],"var":[0.00507828826085,0.00320159830153,0.00200436846353,0.0030235236045,0.00145748071373,0.00196991441771]},"spectral_contrast_valleys":{"dmean":[0.370193481445,0.351402640343,0.326292812824,0.314943641424,0.286344587803,0.196861952543],"dmean2":[0.6098985672,0.580114424229,0.517077982426,0.491601318121,0.455409616232,0.275216221809],"dvar":[0.113281853497,0.0941650941968,0.0919561311603,0.117093712091,0.132973477244,0.0660330280662],"dvar2":[0.268656879663,0.22811037302,0.191491708159,0.24013659358,0.291636228561,0.115946561098],"max":[-5.18067884445,-4.69929695129,-5.01803684235,-5.50568771362,-5.37162208557,-7.43582248688],"mean":[-6.73727464676,-6.42930412292,-7.17959213257,-7.31155395508,-7.02344322205,-9.66015148163],"median":[-6.4844250679,-6.25845718384,-6.96822166443,-6.95455312729,-6.55015802383,-9.39335632324],"min":[-27.8068141937,-27.4897003174,-27.4571800232,-27.2997837067,-27.3277664185,-27.2445526123],"var":[0.926493525505,0.804820775986,0.935084402561,1.33121109009,1.65090215206,1.47679042816]},"spectral_decrease":{"dmean":2.99373592583e-09,"dmean2":4.83965978404e-09,"dvar":1.44451724967e-17,"dvar2":3.61799039199e-17,"max":4.61006239669e-29,"mean":-8.21405521378e-09,"median":-7.86951304121e-09,"min":-3.34794520995e-08,"var":2.48065361112e-17},"spectral_energy":{"dmean":0.0117063401267,"dmean2":0.0189013872296,"dvar":0.000215832405956,"dvar2":0.000539841304999,"max":0.130471900105,"mean":0.0336307138205,"median":0.0326458327472,"min":1.03318008903e-20,"var":0.000390975212213},"spectral_energyband_high":{"dmean":0.00057580327848,"dmean2":0.000943693972658,"dvar":8.98139603578e-07,"dvar2":2.1084160835e-06,"max":0.0183399766684,"mean":0.00152532907669,"median":0.0012688129209,"min":7.23216045679e-21,"var":2.06488130061e-06},"spectral_energyband_low":{"dmean":0.00933464895934,"dmean2":0.0151679413393,"dvar":0.000203511066502,"dvar2":0.000517008942552,"max":0.115645125508,"mean":0.0147333564237,"median":0.0108529599383,"min":3.04621415341e-23,"var":0.000237836648012},"spectral_energyband_middle_high":{"dmean":0.00208512297831,"dmean2":0.00340061634779,"dvar":7.14985071681e-06,"dvar2":1.79727230716e-05,"max":0.0490637496114,"mean":0.00696059502661,"median":0.0056978194043,"min":1.58185064531e-21,"var":3.14688331855e-05},"spectral_energyband_middle_low":{"dmean":0.00450710812584,"dmean2":0.00737292692065,"dvar":3.16020814353e-05,"dvar2":8.26644100016e-05,"max":0.0844845175743,"mean":0.0117198089138,"median":0.0106851914898,"min":2.61206512221e-22,"var":6.27226108918e-05},"spectral_entropy":{"dmean":0.120421662927,"dmean2":0.182003378868,"dvar":0.0224824510515,"dvar2":0.04549164325,"max":9.81103897095,"mean":7.82197570801,"median":7.92784166336,"min":4.76017570496,"var":0.200051605701},"spectral_flux":{"dmean":0.0276068709791,"dmean2":0.0421691052616,"dvar":0.00093354517594,"dvar2":0.00180353131145,"max":0.292187869549,"mean":0.103063203394,"median":0.0984114706516,"min":6.70044644768e-11,"var":0.00242267502472},"spectral_kurtosis":{"dmean":1.63804078102,"dmean2":2.59986186028,"dvar":32.8773651123,"dvar2":76.9446334839,"max":176.525497437,"mean":5.33533763885,"median":3.22577047348,"min":-1.21504306793,"var":140.915252686},"spectral_rms":{"dmean":0.000914553005714,"dmean2":0.00144244811963,"dvar":9.9006695109e-07,"dvar2":2.38510187955e-06,"max":0.0112822717056,"mean":0.00539432140067,"median":0.00564354425296,"min":3.17487095641e-12,"var":3.71166652258e-06},"spectral_rolloff":{"dmean":566.942199707,"dmean2":941.371032715,"dvar":628235.0625,"dvar2":1389752.125,"max":19078.4179688,"mean":1745.42712402,"median":1765.72265625,"min":86.1328125,"var":1643079.375},"spectral_skewness":{"dmean":0.211140483618,"dmean2":0.33972132206,"dvar":0.126339048147,"dvar2":0.285872608423,"max":11.1665258408,"mean":1.49493348598,"median":1.29414558411,"min":-0.0158952753991,"var":0.847320079803},"spectral_spread":{"dmean":482774.9375,"dmean2":687111.125,"dvar":430454374400,"dvar2":809631481856,"max":40651020,"mean":4868567,"median":4612489.5,"min":464230.4375,"var":2420647395330.0},"spectral_strongpeak":{"dmean":0.386553287506,"dmean2":0.681309938431,"dvar":0.711052894592,"dvar2":1.90995121002,"max":12.5647773743,"mean":0.511236965656,"median":0.323737561703,"min":0,"var":0.64763379097},"zerocrossingrate":{"dmean":0.0114343874156,"dmean2":0.0133810630068,"dvar":0.000145486599649,"dvar2":0.000205473173992,"max":0.51318359375,"mean":0.0722354874015,"median":0.0693359375,"min":0.00830078125,"var":0.000961478915997}},"metadata":{"audio_properties":{"analysis_sample_rate":44100,"bit_rate":192000,"codec":"mp3","downmix":"mix","equal_loudness":0,"length":226.063674927,"lossless":false,"md5_encoded":"603c7aaa54340d714cc9d3f9a91b1347","replay_gain":-5.16038513184,"sample_rate":44100},"tags":{"acoustid_fingerprint":["AQADtFKSKMmmGMeTBPMKptGDx10wfbmRXkeyH_9R9oOXmMRxoF9xJyEU-mCZ45GNiUpoo9-L_kZTHX-Ohzseoc-CZzg2JcoDhjpOYnqK5knwSnOQa4ImMR3ypMT1wcd51KLxJHswH9keQ8035BkebcN1w0so43hS41o19B7eyYMfgpHxXJi4Ex-LEwnjSEe4SscflH1gnjrO4ihuevh1JHUSRKdxWR3oRNj_4hf84JSE78ITXrgV9D229egUXWCv4MKU6-g-QRd-tISn1ENlZtPwP2ieIdq6Ixmj9MKX4_iO-rByHWXEI0-hvMWzCNq_4Ei_GEd5XHh69PCL8DuSj0KXH37w48eHdGxg9dARsjz64YkPH_lKvMcdTN6QHw1qH1969Pix7ejl4MqE_vDDI7Zf6D9ydfhxYjde8fgX5NCWyuDE5cFVTWgJbzmkHA89HBoJVzmRH49-nA4qHyWLE9aGuUd-_NAJM0NO5B_849mDnfjxZUCq4wV1nDwupOuP8jyUHy1_pD92w2eB_LCOH-Ij_MazC_HxIzzOqajw4XcGYc9EIv3Q_ugFn41w44dVHuVx7WiOD_uPE0d6jrgPpjxxMI8hVsOp4_gP88ePTzI2jngOTRaOCz9O9IafYPLy4wrqLwWTB8_QH6Kuo27y4jnxH62Uwznq4wN_KJJlGj8qmsV5_MOPph96PB1xoT0cZzkObJqPO4E__MaPMw8eHSePegv6HWJ21Lho4QT6ww9u9EetHj6m5-iN5hd05Wge9EekB2ZE9DG6PEh_nMzxFaZSCvrxFv9w7N_g4x8abTneHMcZNId2DQ9ONKWMyllwZsfO441ytDp4H3_wHzl8Bv2L6-iP9MTrgDSaHd-gqIct4ocfocc3tBHEXMZL_EF4nDx29IevDacP6juOvMQzyEWDH3l2MGF-hCd-dDf2CxWP08KP5tLQ42TQ82gsHFULX9CDKQqe4zd6UB_ODLnwHA_-DbiR_uDxwyf-4j--Y7rQB_7R_ThOYerh6vhheWB-POhh_qihHj-YM2hOfCn6wGl6YoxI-JKNHz20b4d7oV0eTBfhOAin6ESOnjmoH9p140dFC35yaGVRO0d8tA_Cwb_wQPoAw4X24FZQmME0NkbhH51wPbhQmfCP_XgG97jgjEJ3_DglVPpxYcsqPIYtdEc_-IN2Hb3h4xnh4yNc54Gi4xNC__gOd8fx3LiRPviMozt-_KgPn8iHoyXW46iuB-kZ6DriL8cm9KIW4aZRo_mCH_2OVMe5QTxRHTlq6jicH8-WY0uLPDiU6RHR4zzC50j_oOKC2oFe4Ueew_leHN8a5FpQ_WBg9wTzDDo04zsLPwGlg3nwFMd7oRG1QMMP5UWfwPnxBZ-CnIF140b4abgS6PCPqCFj4cxQ0Uh_nDnEXMhydAfF-fiPI--w2YW6D4d_nMfV47A2GCKf4ydi-TiPicY5Cz9KHemP44_wcIcv5MSP9McDP4d-nA9ObEL4IP6OHv6gSxSQV8Ke4_hx4Q9yHjSPC3_wzUROHdSJajjawx_yQ9hIdsjhf_iPf8EVDz9-TCVyEU-XQNGP9MFhpjjx4yV8tHGo4cpxhKIT-BV0pGLx9PiF43B0HeiHYzyHdsd_xJIDJMcDXzP-4A_M_PjxRUh9JMelozmzYbeGfofzEFeiYMqR5x4SR2LwNmhELUdP4frw41KF7vBReeiFj7Dx3fgf1D_e3chz9HCNvlAfbpgZ5FaHT9px9Hrg48J-2DiRVkT1QUd_46OR7Sv6Dj96UMfVH2eRHuqR7jmeHVeOix3x4wjl6NBlIU4SfGiO_sh_HD_2EWUXuNKR_7CzoDqO7seu4w8e5OhxNMyhfXgTNHyOPuSOn5hEB74fdMZ34SJay8Fx-IXGDlN5-Mjz4sd_PMh3-IfugEfKg_vh443hGv-O6MdzaF