{"lowlevel":{"average_loudness":0.928944408894,"barkbands":{"dmean":[0.000323724700138,0.00486633181572,0.00288661452942,0.0015544409398,0.00248347455636,0.00126212940086,0.000487079436425,0.000361035519745,0.000316441903124,0.000471028790344,0.000364633597201,0.00041573177441,0.000302547996398,0.000360850157449,0.000255654478678,0.000381066871341,0.000428909348557,0.000226093761739,0.000176667497726,0.000183093725354,0.000138734045322,8.11066347524e-05,6.69819128234e-05,4.85300406581e-05,3.15898796543e-05,2.56053008343e-05,1.40866231959e-05],"dmean2":[0.000479932088638,0.00779906846583,0.00485005043447,0.00253807636909,0.00409007212147,0.00217596557923,0.000833926838823,0.000607741589192,0.000519080844242,0.000792160688434,0.00059183704434,0.000661931524519,0.00048291956773,0.000590031035244,0.000419619638706,0.000643641804345,0.000716772279702,0.00037413885002,0.000296344631352,0.00031152315205,0.000234011531575,0.000132978748297,0.000108020729385,7.34622371965e-05,4.56876296084e-05,3.61558377335e-05,2.00508602575e-05],"dvar":[3.48693561136e-07,0.00010897260654,2.1288782591e-05,4.68263215225e-06,2.34770650422e-05,1.77982728928e-05,1.11365591238e-06,6.15086037214e-07,4.0481577912e-07,1.83436736734e-06,1.09820484795e-06,1.11944666514e-06,4.10982408994e-07,5.12576605161e-07,2.92815599323e-07,4.47799465064e-07,5.00029102568e-07,1.41254886898e-07,1.01671759012e-07,7.8481178889e-08,5.05434236686e-08,2.12194493088e-08,1.18735501431e-08,8.07710343054e-09,2.84467849276e-09,2.491622908e-09,1.07311204367e-09],"dvar2":[7.08004336047e-07,0.000274481222732,6.02542240813e-05,1.22870405903e-05,6.37549310341e-05,4.87880715809e-05,2.94832489089e-06,1.6686857407e-06,1.03848708477e-06,5.53044992557e-06,3.0263820463e-06,2.79920391222e-06,1.00907800515e-06,1.28637987018e-06,7.51820834921e-07,1.19114827157e-06,1.35339723784e-06,3.57247728289e-07,2.5545432436e-07,2.13758923451e-07,1.32167429001e-07,5.08672250987e-08,2.95392865723e-08,1.59478492634e-08,5.96993521285e-09,4.91339724462e-09,2.08512518363e-09],"max":[0.0103419758379,0.097108528018,0.0556540936232,0.0429146103561,0.0645467340946,0.0573480464518,0.0203272569925,0.0192239098251,0.0147336013615,0.0248731039464,0.0378876440227,0.0260035768151,0.0142213888466,0.0126022938639,0.011702099815,0.0128203742206,0.0203959792852,0.00969455949962,0.00531387515366,0.00534083461389,0.00554595747963,0.00323898135684,0.00220311246812,0.00286261737347,0.00132574792951,0.0011081652483,0.000478745787404],"mean":[0.000683421152644,0.00793136376888,0.00462963618338,0.00253340322524,0.00424276618287,0.00155863189138,0.000627458153758,0.000491053506266,0.000527705997229,0.00079574395204,0.000671632646117,0.000897540303413,0.000560012529604,0.000690269924235,0.000469250284368,0.000807234784588,0.000944579369389,0.000484110874822,0.000332050636644,0.000445180485258,0.000365509447875,0.000179705020855,0.000149540283019,0.000129371575895,7.99338522484e-05,5.02782677358e-05,1.94381445908e-05],"median":[0.000345115346136,0.00469467788935,0.00334763992578,0.00166914518923,0.00276685599238,0.000687945750542,0.00027596676955,0.000213450664887,0.000233461236348,0.000249247939792,0.000236787949689,0.000205678254133,0.000174910979695,0.000285797956167,0.000228828852414,0.000478348054457,0.000633472693153,0.000328110065311,0.00022039594478,0.000344437139574,0.000278593011899,0.000107807558379,8.97702993825e-05,8.48256458994e-05,4.89955673402e-05,2.18618315557e-05,3.21255856761e-06],"min":[3.86740320962e-24,9.01735462275e-24,5.64254653349e-24,4.85683949417e-24,2.28273405896e-23,2.64845533887e-23,3.54612950855e-23,2.47775909185e-23,3.28426397562e-23,2.27962515813e-23,5.25875884001e-23,6.57088065e-23,9.1859103746e-23,1.66033271283e-22,7.96132309501e-23,1.95120705939e-22,1.36311529351e-22,2.97429818542e-22,2.0636298358e-22,3.42857553905e-22,3.13411231714e-22,5.43401621769e-22,4.87118756453e-22,5.92258339849e-22,1.15554829362e-21,1.56981472311e-21,2.47935998723e-21],"var":[8.02358215424e-07,0.000108307511255,2.31122321566e-05,7.77917011874e-06,2.79160849459e-05,1.29904119603e-05,1.22875792385e-06,8.6803783006e-07,7.26090775061e-07,3.74237333745e-06,2.67193127002e-06,4.39716313849e-06,1.11317501705e-06,1.44089653986e-06,6.76896945606e-07,1.30377941332e-06,1.37146673751e-06,3.85408014836e-07,1.94760659156e-07,2.28941246405e-07,1.74248029339e-07,5.52126202535e-08,3.39569936614e-08,3.01142186743e-08,1.02398249879e-08,5.86168180661e-09,1.72612879545e-09]},"barkbands_crest":{"dmean":2.60063052177,"dmean2":4.2494301796,"dvar":8.47964000702,"dvar2":21.6889533997,"max":24.8461799622,"mean":9.3930978775,"median":8.40413665771,"min":2.58197259903,"var":18.2699737549},"barkbands_flatness_db":{"dmean":0.021902134642,"dmean2":0.0326374024153,"dvar":0.000610824034084,"dvar2":0.00128003547434,"max":0.693063080311,"mean":0.139618977904,"median":0.103310182691,"min":0.0249831546098,"var":0.0107000442222},"barkbands_kurtosis":{"dmean":4.12763166428,"dmean2":6.40294218063,"dvar":109.762557983,"dvar2":258.60748291,"max":342.394073486,"mean":6.54872512817,"median":1.3347826004,"min":-1.73323345184,"var":245.868331909},"barkbands_skewness":{"dmean":0.574438393116,"dmean2":0.870466828346,"dvar":0.454745441675,"dvar2":1.05331158638,"max":14.4618473053,"mean":1.80046534538,"median":1.49520516396,"min":-3.8676609993,"var":2.3362531662},"barkbands_spread":{"dmean":5.583735466,"dmean2":8.66127586365,"dvar":37.9815979004,"dvar2":87.7077407837,"max":89.2680053711,"mean":25.8326587677,"median":27.8355636597,"min":0.266632914543,"var":220.153869629},"dissonance":{"dmean":0.0154336113483,"dmean2":0.0253945663571,"dvar":0.000434145476902,"dvar2":0.00105476600584,"max":0.500000119209,"mean":0.469076514244,"median":0.482431411743,"min":0.119955293834,"var":0.0014293937711},"dynamic_complexity":3.51358580589,"erbbands":{"dmean":[0.154136478901,1.13625371456,3.01521492004,4.34398651123,7.06357526779,9.0793504715,6.76378059387,12.0665569305,7.81021738052,6.79985904694,8.05043506622,6.8451128006,13.6789598465,12.3394184113,14.2317295074,16.3557529449,12.6692028046,16.5145072937,14.6256752014,13.7329902649,22.667224884,21.601108551,11.6244325638,10.8097753525,8.29327774048,9.10040378571,6.05714511871,5.24196910858,3.15518712997,2.42889642715,1.85470306873,1.16972959042,0.778525471687,0.406943231821,0.209346696734,0.106354676187,0.0478931106627,0.0167050119489,0.00285521615297,8.26921968837e-05],"dmean2":[0.242399558425,1.89108610153,5.09206867218,7.07880544662,11.4305181503,15.2329177856,11.541513443,20.8393821716,13.2171049118,11.5838346481,13.4191741943,11.2885704041,22.7735137939,20.3120822906,22.7776241302,25.7193565369,20.0476970673,26.7520961761,23.7560119629,22.7323303223,38.0403213501,35.7466278076,19.1289920807,18.1358947754,13.9186544418,15.5181150436,10.1391096115,8.8689699173,5.23814344406,3.92578077316,3.0362238884,1.8078981638,1.16676414013,0.598180174828,0.308750122786,0.154603883624,0.0683341473341,0.0237713232636,0.00408541923389,0.000118399679195],"dvar":[0.100562497973,6.47816228867,26.4896526337,36.2899703979,131.372375488,390.02230835,162.843811035,2166.75146484,262.104949951,277.671325684,293.665222168,177.780426025,1651.90563965,877.284729004,2090.90869141,1753.39355469,675.147888184,1223.89819336,873.352966309,689.490966797,1497.88549805,1359.7064209,394.497894287,362.362457275,198.103378296,186.366714478,88.3810958862,83.4575958252,32.824092865,18.0134506226,9.67147922516,5.16488790512,1.82855439186,0.500680565834,0.134860098362,0.039379093796,0.00906802713871,0.0014098410029,4.35554538853e-05,3.21782600565e-08],"dvar2":[0.23575296998,17.1853809357,75.145866394,96.1092071533,349.727478027,1075.91821289,449.575805664,5927.95166016,689.476257324,763.610229492,775.455810547,463.043182373,4916.53710938,2402.94970703,6148.52246094,4327.71386719,1644.77392578,3069.39941406,2232.91845703,1788.57312012,4073.00390625,3559.3359375,990.827758789,912.562438965,513.276245117,515.789978027,231.81842041,220.421035767,81.0631637573,43.3378829956,24.720998764,10.5372867584,3.75678277016,1.03837907314,0.302841067314,0.0826687961817,0.0181521102786,0.00280760764144,8.48570853123e-05,6.29487288961e-08],"max":[3.15780568123,23.6888427734,61.5882301331,100.22303772,183.906143188,260.051055908,203.22593689,623.606018066,353.70123291,461.32635498,518.250183105,349.975769043,846.394165039,812.135375977,1742.3079834,1265.68933105,682.635986328,738.006774902,680.074279785,461.458251953,723.633728027,1228.6472168,490.462432861,341.64541626,330.699676514,254.006057739,221.675140381,280.170166016,131.89390564,98.759552002,61.9868888855,70.9662399292,41.0424995422,18.6143550873,11.0707178116,5.5723195076,2.043872118,0.573412775993,0.0911239460111,0.0031279285904],"mean":[0.275423556566,1.60428094864,4.82551145554,7.74507474899,12.7696371078,13.4644575119,10.3561258316,13.5416326523,10.4835910797,8.78639888763,11.9030513763,11.8586292267,23.6642074585,22.8417224884,27.9225730896,39.1501426697,28.3504600525,33.409160614,29.1058769226,28.2267627716,52.0166893005,50.6332702637,27.7866077423,21.5366973877,17.7980918884,21.8687171936,16.1160049438,12.413854599,6.79592561722,5.2938542366,4.05955314636,2.8913230896,2.02013683319,1.05033922195,0.482133507729,0.224809423089,0.087612837553,0.0258300546557,0.00388309406117,0.000141097363667],"median":[0.142838478088,1.00111865997,3.62693309784,5.48208618164,8.4199886322,7.998295784,5.90163993835,5.26251983643,4.63033103943,4.17623567581,5.47642230988,5.46562433243,7.44828414917,8.66821575165,10.0337982178,9.12952518463,9.26588058472,12.8426094055,15.1377258301,16.606754303,32.6370544434,34.4106826782,19.7111778259,14.4904880524,13.2297801971,17.0602722168,12.4308319092,9.36698150635,4.13300800323,3.00779891014,2.36275291443,1.78402876854,1.3104839325,0.65962600708,0.286871999502,0.116407319903,0.0332864485681,0.00723882205784,0.000581899657845,6.33359595668e-05],"min":[3.48921231071e-22,1.83294338013e-21,4.85302705248e-21,1.61309961438e-20,5.78714491223e-20,5.62650385234e-20,1.89155358555e-19,1.87043708622e-19,4.46247138366e-19,2.16543954871e-19,8.60865164855e-19,6.95703407814e-19,5.90325767653e-19,1.2891296552e-18,2.037231491e-18,2.89763767401e-18,4.94050619409e-18,5.04346453775e-18,7.34695037189e-18,5.86077357688e-18,7.53290884539e-18,9.90271429873e-18,1.53554483648e-17,1.31324269384e-17,1.40528672019e-17,1.13996498184e-17,1.48220889233e-17,1.25275395349e-17,1.8657191065e-17,1.72852177205e-17,1.24129146359e-17,1.15791240231e-17,1.07486611578e-17,1.16062820169e-17,8.10428219915e-18,5.32233235125e-18,2.97985467061e-18,1.11012932161e-18,2.99629167996e-19,4.40652877109e-20],"var":[0.131133541465,5.15604448318,23.987575531,60.295085907,195.217300415,380.274230957,183.511611938,1515.45031738,302.635650635,275.569091797,488.087982178,328.72769165,3391.75634766,2021.38024902,5561.5234375,8433.90820313,2459.16870117,3719.42626953,2093.42724609,1768.74890137,4803.11523438,3956.72485352,1192.74511719,742.906188965,452.214172363,541.560974121,314.391357422,227.585845947,79.5815353394,45.4689598083,26.4818267822,16.4807662964,6.99778938293,1.91925048828,0.37488541007,0.0984656214714,0.0202367343009,0.00239498214796,6.98943986208e-05,5.1628038733e-08]},"erbbands_crest":{"dmean":2.27426290512,"dmean2":3.70899415016,"dvar":5.36015605927,"dvar2":14.0588607788,"max":27.2465000153,"mean":8.12643718719,"median":7.24854564667,"min":2.37324500084,"var":13.439250946},"erbbands_flatness_db":{"dmean":0.0154908783734,"dmean2":0.022034868598,"dvar":0.000289856980089,"dvar2":0.000549810938537,"max":0.463808715343,"mean":0.140778169036,"median":0.124724641442,"min":0.0351709164679,"var":0.00464465469122},"erbbands_kurtosis":{"dmean":0.921068429947,"dmean2":1.44890189171,"dvar":4.80900192261,"dvar2":11.5111808777,"max":93.3804779053,"mean":0.739448189735,"median":-0.0390640236437,"min":-1.86726379395,"var":16.150226593},"erbbands_skewness":{"dmean":0.337233066559,"dmean2":0.508505403996,"dvar":0.142914146185,"dvar2":0.308735966682,"max":7.54456329346,"mean":-0.0679682195187,"median":-0.206473127007,"min":-2.77569961548,"var":0.844455242157},"erbbands_spread":{"dmean":8.85842609406,"dmean2":13.3443412781,"dvar":115.074539185,"dvar2":246.074234009,"max":176.577453613,"mean":43.3803329468,"median":39.5683784485,"min":1.81836521626,"var":503.908355713},"gfcc":{"cov":[[14191.5341797,-3140.68188477,-2261.3449707,695.141418457,-1280.54516602,268.113220215,-728.768920898,566.418029785,-161.281478882,303.401702881,-423.743682861,248.548706055,-53.0589637756],[-3140.68188477,2886.57983398,235.813476563,-675.260131836,723.562011719,16.6411056519,384.679626465,-293.538757324,7.34155225754,-314.442047119,165.597686768,-172.670547485,113.629219055],[-2261.3449707,235.813476563,1627.25646973,-22.2595767975,138.998245239,-140.19871521,97.415512085,-43.494228363,113.343955994,39.3835067749,80.233795166,0.24430346489,-37.4541969299],[695.141418457,-675.260131836,-22.2595767975,578.564208984,-242.263244629,-12.3369588852,-132.996231079,84.3500671387,26.2509174347,85.3533477783,-41.3513641357,12.3072147369,7.88166093826],[-1280.54516602,723.562011719,138.998245239,-242.263244629,493.503234863,-26.3414421082,125.9504776,-108.492362976,17.7479782104,-80.19115448,41.8877906799,-38.4686393738,28.4493541718],[268.113220215,16.6411056519,-140.19871521,-12.3369588852,-26.3414421082,217.066955566,77.1764221191,-6.85370016098,-50.2028274536,-33.4398269653,-2.08796596527,-1.01510858536,7.59395551682],[-728.768920898,384.679626465,97.415512085,-132.996231079,125.9504776,77.1764221191,217.329833984,-34.9976463318,-22.4655685425,-60.9018096924,31.5904750824,-20.6825199127,15.7122955322],[566.418029785,-293.538757324,-43.494228363,84.3500671387,-108.492362976,-6.85370016098,-34.9976463318,143.989181519,27.9478721619,41.7058372498,-22.1497478485,17.1238517761,-13.2078695297],[-161.281478882,7.34155225754,113.343955994,26.2509174347,17.7479782104,-50.2028274536,-22.4655685425,27.9478721619,103.905387878,47.1320991516,6.66672897339,-6.62562513351,-9.39636707306],[303.401702881,-314.442047119,39.3835067749,85.3533477783,-80.19115448,-33.4398269653,-60.9018096924,41.7058372498,47.1320991516,127.805244446,14.9391174316,11.8374700546,-31.0461597443],[-423.743682861,165.597686768,80.233795166,-41.3513641357,41.8877906799,-2.08796596527,31.5904750824,-22.1497478485,6.66672897339,14.9391174316,89.23802948,11.7427005768,-8.53063011169],[248.548706055,-172.670547485,0.24430346489,12.3072147369,-38.4686393738,-1.01510858536,-20.6825199127,17.1238517761,-6.62562513351,11.8374700546,11.7427005768,75.1822509766,13.4973402023],[-53.0589637756,113.629219055,-37.4541969299,7.88166093826,28.4493541718,7.59395551682,15.7122955322,-13.2078695297,-9.39636707306,-31.0461597443,-8.53063011169,13.4973402023,75.8449020386]],"icov":[[0.000164023731486,-3.39814250765e-05,0.000145076483022,2.48025826295e-05,0.000139127747389,-0.000205727090361,0.000295244797599,-0.00030897319084,0.000213475359487,-0.000335003162036,0.000582189473789,-0.000446166319307,0.000122363126138],[-3.39814250765e-05,0.00142801657785,-5.58870397072e-06,0.000749552680645,-0.00049214909086,0.000225631825742,-0.000489839352667,0.000728003506083,-0.00137063371949,0.00247741467319,-0.00274827820249,0.00297000538558,-0.00184694258496],[0.000145076483022,-5.58870397072e-06,0.000920703459997,-0.0001321885793,9.37727163546e-05,0.00038114131894,-0.000434192625107,0.000108481930511,-0.000601792882662,-0.000226278876653,0.000190144375665,-0.000718920433428,0.000595918274485],[2.48025826295e-05,0.000749552680645,-0.0001321885793,0.00297431112267,0.000640172860585,-0.000283707515337,0.000842739478685,-0.000235982020968,-0.000744914053939,0.000239203349338,-0.0009492788231,0.00223943917081,-0.00240704906173],[0.000139127747389,-0.00049214909086,9.37727163546e-05,0.000640172860585,0.00384914875031,0.000517277629115,-0.000716318492778,0.00112071353942,-0.0010105749825,0.000106512452476,0.000594386656303,-0.000316725141602,-0.000295987934805],[-0.000205727090361,0.000225631825742,0.00038114131894,-0.000283707515337,0.000517277629115,0.00682121096179,-0.00347138452344,0.000707298167981,0.00126034009736,0.000932662340347,-0.000871164433192,0.000577675120439,3.81841382477e-05],[0.000295244797599,-0.000489839352667,-0.000434192625107,0.000842739478685,-0.000716318492778,-0.00347138452344,0.0090086935088,-0.00197920296341,0.00143335829489,0.000570935080759,-0.000677169300616,0.00054931291379,-0.000718891911674],[-0.00030897319084,0.000728003506083,0.000108481930511,-0.000235982020968,0.00112071353942,0.000707298167981,-0.00197920296341,0.0109108565375,-0.00408606650308,0.000649424560834,0.000146702601342,-0.000274655176327,0.000415130460169],[0.000213475359487,-0.00137063371949,-0.000601792882662,-0.000744914053939,-0.0010105749825,0.00126034009736,0.00143335829489,-0.00408606650308,0.016365384683,-0.0076404158026,0.00295920018107,-0.000830999051686,0.000608105154242],[-0.000335003162036,0.00247741467319,-0.000226278876653,0.000239203349338,0.000106512452476,0.000932662340347,0.000570935080759,0.000649424560834,-0.0076404158026,0.0186004396528,-0.00902226008475,0.00453014159575,0.00062524486566],[0.000582189473789,-0.00274827820249,0.000190144375665,-0.0009492788231,0.000594386656303,-0.000871164433192,-0.000677169300616,0.000146702601342,0.00295920018107,-0.00902226008475,0.021692564711,-0.0107526425272,0.00577421020716],[-0.000446166319307,0.00297000538558,-0.000718920433428,0.00223943917081,-0.000316725141602,0.000577675120439,0.00054931291379,-0.000274655176327,-0.000830999051686,0.00453014159575,-0.0107526425272,0.0238277222961,-0.00914849806577],[0.000122363126138,-0.00184694258496,0.000595918274485,-0.00240704906173,-0.000295987934805,3.81841382477e-05,-0.000718891911674,0.000415130460169,0.000608105154242,0.00062524486566,0.00577421020716,-0.00914849806577,0.0195190832019]],"mean":[2.51701021194,87.9697341919,-93.7340164185,41.7856826782,-35.8380279541,15.684838295,-31.846660614,5.61014652252,-25.0384788513,-1.09193062782,-16.9162311554,0.42738711834,-8.90251541138]},"hfc":{"dmean":5.68424940109,"dmean2":9.06273078918,"dvar":62.566947937,"dvar2":158.340835571,"max":101.875724792,"mean":24.1625595093,"median":21.3488025665,"min":1.12388672486e-16,"var":373.002410889},"melbands":{"dmean":[0.0013288030168,0.00149667961523,0.000758832553402,0.000629334186669,0.000254193932051,0.000257721112575,0.000111542030936,7.36034780857e-05,6.68292486807e-05,4.26469523518e-05,7.05213387846e-05,5.21211695741e-05,4.6297609515e-05,4.27345185017e-05,4.43560311396e-05,2.6924219128e-05,3.37928213412e-05,2.69792799372e-05,1.90210339497e-05,2.30198511417e-05,3.0683913792e-05,2.68444509857e-05,1.49298984979e-05,1.12278366942e-05,9.33750106924e-06,6.64023991703e-06,6.95800508765e-06,6.31823468211e-06,4.15362410422e-06,3.98785687139e-06,2.99462499243e-06,2.00613999368e-06,1.55984662342e-06,1.43119223139e-06,1.23314782741e-06,8.64546848334e-07,7.39267193239e-07,6.4338928496e-07,4.69896036748e-07,3.36729783612e-07],"dmean2":[0.00211084424518,0.00248425197788,0.00123156048357,0.001038138289,0.000430034240708,0.000444531673566,0.000188582343981,0.000124554353533,0.000111989109428,7.00770979165e-05,0.000117763294838,8.61942316988e-05,7.4524905358e-05,6.8245055445e-05,7.02535544406e-05,4.30606960435e-05,5.49241995031e-05,4.43710523541e-05,3.11745207e-05,3.87181025872e-05,5.16103791597e-05,4.47416205134e-05,2.48073883995e-05,1.87499972526e-05,1.5697987692e-05,1.11516201287e-05,1.17477102322e-05,1.0825242498e-05,6.98167104929e-06,6.69948985887e-06,5.09002666149e-06,3.36568496095e-06,2.54800488619e-06,2.33492573898e-06,2.05616697713e-06,1.38228654123e-06,1.15183229354e-06,9.84408188742e-07,7.13363419891e-07,5.07281697537e-07],"dvar":[8.007861652e-06,7.2546258707e-06,9.97643155642e-07,1.62253741109e-06,2.04849428087e-07,8.87050191523e-07,5.30506305552e-08,3.11902290662e-08,2.09668993278e-08,6.92537716063e-09,4.45831780382e-08,1.66370615062e-08,1.96331040314e-08,1.20626078015e-08,1.18385479198e-08,3.20798387854e-09,5.28079002748e-09,2.98939872856e-09,1.63965163669e-09,1.82136328242e-09,2.78062217696e-09,2.00300309672e-09,7.82690467993e-10,3.27162102964e-10,2.91415336306e-10,1.47255888039e-10,1.30807586984e-10,8.97571530989e-11,4.24604101879e-11,3.86714445189e-11,2.9789552769e-11,1.30242865104e-11,9.04220188308e-12,5.8473768362e-12,4.30817751265e-12,2.48890795126e-12,2.11224787661e-12,1.23145222318e-12,7.46317558534e-13,3.35452179272e-13],"dvar2":[1.96090040845e-05,1.98484922294e-05,2.63508422904e-06,4.4347302719e-06,5.62511274893e-07,2.42738701672e-06,1.39504550134e-07,8.59224655869e-08,5.5258375653e-08,1.78553225538e-08,1.33537483293e-07,4.6330061565e-08,5.54244081741e-08,3.08073886401e-08,2.98981888136e-08,7.71906893959e-09,1.33074848918e-08,7.72110642089e-09,4.1939340889e-09,4.82893103282e-09,7.65699770255e-09,5.31793054037e-09,2.00149163909e-09,8.62123594736e-10,7.34276306424e-10,3.77425951603e-10,3.54846874107e-10,2.48314729889e-10,1.12209332104e-10,1.02551356296e-10,7.97718072154e-11,3.28607419053e-11,2.20346553503e-11,1.43579844195e-11,1.14501290394e-11,5.62360618142e-12,4.4382852428e-12,2.75801126728e-12,1.55719089966e-12,7.46642656556e-13],"max":[0.027500147,0.0266188979149,0.0161748565733,0.0178265590221,0.00744755379856,0.0127273350954,0.00486191455275,0.00470306864008,0.00382125773467,0.00211723032407,0.00438073510304,0.00354521977715,0.00581332761794,0.00228034798056,0.00365863949992,0.00154523551464,0.00139836536255,0.00143705355003,0.000936510914471,0.000994601054117,0.000974013702944,0.00115901732352,0.000790558115114,0.000321361061651,0.000308321177727,0.000223410868784,0.000284971174551,0.000180553499376,0.000137656679726,0.000138048024382,0.000176097135409,7.97273241915e-05,8.07866090327e-05,5.70582087676e-05,3.75593444915e-05,4.153421105e-05,4.69708320452e-05,3.31805022142e-05,2.99818457279e-05,1.27989442262e-05],"mean":[0.00230337446555,0.00243404111825,0.0014834869653,0.00102756917477,0.000400815362809,0.000303685286781,0.00015121276374,9.55202267505e-05,9.89437103271e-05,7.30795945856e-05,0.000118914686027,9.10539456527e-05,8.82119784364e-05,8.72578602866e-05,0.000104312457552,4.94336381962e-05,6.40582293272e-05,4.89254125569e-05,3.44569161825e-05,4.43501594418e-05,6.54242467135e-05,5.76842357987e-05,3.09783863486e-05,2.27644795814e-05,1.68377191585e-05,1.17786257761e-05,1.49309125845e-05,1.407167656e-05,9.73787246039e-06,9.59227236308e-06,6.18436797595e-06,3.882782039e-06,3.16301793646e-06,2.85587293547e-06,2.42886835622e-06,1.921778221e-06,1.70132773292e-06,1.51090739564e-06,1.11927101898e-06,7.99639792604e-07],"median":[0.00129125965759,0.00178497564048,0.0011092426721,0.000650819973089,0.000236865525949,0.000125127233332,6.83946127538e-05,4.40686344518e-05,4.52872627648e-05,3.10471186822e-05,3.41120939993e-05,3.25179426e-05,3.1016759749e-05,2.47263269557e-05,2.21572372539e-05,1.66929712577e-05,2.24977356993e-05,2.3816995963e-05,1.67558155226e-05,2.51745841524e-05,3.80613200832e-05,3.66806125385e-05,2.00986105483e-05,1.49740553752e-05,1.02896337921e-05,7.68357676861e-06,1.07135183498e-05,1.06947227323e-05,7.08494098944e-06,6.87048213877e-06,4.2829042286e-06,2.22818425755e-06,1.72996158199e-06,1.5754794731e-06,1.31654337565e-06,1.14636668513e-06,1.0293131254e-06,9.51803258431e-07,6.87663543886e-07,4.82210964492e-07],"min":[3.11189021588e-24,3.31770481491e-24,3.75323728726e-24,2.84422734415e-24,6.25517512363e-24,4.19290812393e-24,7.3754179569e-24,1.9309283643e-24,7.40361421224e-24,4.05360751541e-24,2.98893362202e-24,4.007992028e-24,7.08344160322e-24,6.43279386176e-24,9.11359801977e-24,1.22298928405e-23,8.77860586978e-24,1.22925859832e-23,4.62200309687e-24,1.37399958607e-23,6.35050935845e-24,6.23402300175e-24,1.28988279555e-23,1.38733748849e-23,1.03806735055e-23,7.70700459436e-24,1.26185196434e-23,6.63347928718e-24,8.69668108706e-24,7.72290487476e-24,6.93451649723e-24,9.75567557636e-24,1.1659784642e-23,7.76740688501e-24,7.06353233169e-24,7.35665805571e-24,7.11429553094e-24,7.04009606306e-24,9.43870100945e-24,9.56695401542e-24],"var":[8.97916197573e-06,6.32823866908e-06,1.74239676198e-06,1.80179210929e-06,2.48703003081e-07,6.30815861768e-07,6.17466255903e-08,3.21229549627e-08,3.31925100738e-08,1.37014044554e-08,9.15064717333e-08,3.58828806668e-08,5.16172349307e-08,3.9306954136e-08,5.79805714551e-08,8.3101108217e-09,1.54435735311e-08,6.17678042047e-09,3.65115560008e-09,4.29791091605e-09,7.91995002913e-09,5.47179990207e-09,1.71271141713e-09,8.81662909347e-10,5.27729970834e-10,2.68689570593e-10,3.06444175591e-10,2.35370195556e-10,1.230200386e-10,1.23721435874e-10,6.62189469924e-11,2.8047652742e-11,1.94741445192e-11,1.36105770751e-11,1.00696334951e-11,6.92174919811e-12,6.13036748101e-12,3.9618620884e-12,2.56170605561e-12,1.1098002942e-12]},"melbands_crest":{"dmean":3.16179347038,"dmean2":4.95850658417,"dvar":9.62265968323,"dvar2":22.828956604,"max":34.1088523865,"mean":14.3780479431,"median":13.7904262543,"min":1.83394050598,"var":25.2519264221},"melbands_flatness_db":{"dmean":0.0276459027082,"dmean2":0.0412298925221,"dvar":0.000891844276339,"dvar2":0.00186502805445,"max":0.879551112652,"mean":0.226658344269,"median":0.185278683901,"min":0.00216490775347,"var":0.0173418801278},"melbands_kurtosis":{"dmean":10.798034668,"dmean2":16.853597641,"dvar":595.582336426,"dvar2":1397.68664551,"max":630.788085938,"mean":21.2446937561,"median":9.53778839111,"min":-1.68129503727,"var":1377.42895508},"melbands_skewness":{"dmean":0.850180804729,"dmean2":1.29171681404,"dvar":1.03189194202,"dvar2":2.32700538635,"max":18.6080780029,"mean":3.27352046967,"median":2.90938234329,"min":-2.51493358612,"var":4.21238851547},"melbands_spread":{"dmean":6.70377016068,"dmean2":10.4102544785,"dvar":61.0872917175,"dvar2":146.480026245,"max":183.091415405,"mean":24.8044338226,"median":21.1634368896,"min":0.359652876854,"var":399.291168213},"mfcc":{"cov":[[13344.6259766,-2434.61181641,-2063.69335938,96.9324951172,-610.394775391,-426.885620117,-484.020904541,-165.07421875,147.272659302,-93.6922836304,-189.173828125,211.173461914,-32.7139816284],[-2434.61181641,2286.16601563,189.237380981,-372.141601563,255.582305908,202.756607056,241.831741333,137.55506897,-60.4390220642,-20.1278133392,10.0694198608,-88.8924560547,-17.3113574982],[-2063.69335938,189.237380981,1087.74462891,208.161911011,77.5030670166,30.4266395569,13.2521657944,0.431906610727,-26.1991271973,48.6262207031,72.0328903198,-28.031703949,35.8616294861],[96.9324951172,-372.141601563,208.161911011,445.804901123,52.9221611023,-79.7222290039,-97.0909042358,-66.3275909424,22.6110305786,45.2599716187,10.9430751801,17.8886680603,25.5011062622],[-610.394775391,255.582305908,77.5030670166,52.9221611023,231.992019653,45.2762374878,-6.42550373077,-1.79720199108,1.12873780727,6.77022457123,3.50995588303,-23.7878417969,3.75612616539],[-426.885620117,202.756607056,30.4266395569,-79.7222290039,45.2762374878,195.274597168,100.681663513,31.6405410767,-1.44486773014,-20.035446167,-6.88463163376,-13.3335428238,-23.0636348724],[-484.020904541,241.831741333,13.2521657944,-97.0909042358,-6.42550373077,100.681663513,192.380691528,75.4312973022,-7.2870016098,-15.8801078796,-10.5862216949,-4.30895376205,-16.53125],[-165.07421875,137.55506897,0.431906610727,-66.3275909424,-1.79720199108,31.6405410767,75.4312973022,117.799232483,21.7983818054,-18.9582672119,-13.2998886108,-11.617436409,-8.44274711609],[147.272659302,-60.4390220642,-26.1991271973,22.6110305786,1.12873780727,-1.44486773014,-7.2870016098,21.7983818054,94.0590438843,17.0402336121,-13.1491222382,-2.22196507454,-19.1396923065],[-93.6922836304,-20.1278133392,48.6262207031,45.2599716187,6.77022457123,-20.035446167,-15.8801078796,-18.9582672119,17.0402336121,90.7753067017,38.0483589172,1.78279674053,3.03043270111],[-189.173828125,10.0694198608,72.0328903198,10.9430751801,3.50995588303,-6.88463163376,-10.5862216949,-13.2998886108,-13.1491222382,38.0483589172,101.043731689,22.9683532715,7.74401950836],[211.173461914,-88.8924560547,-28.031703949,17.8886680603,-23.7878417969,-13.3335428238,-4.30895376205,-11.617436409,-2.22196507454,1.78279674053,22.9683532715,76.8845901489,24.8278560638],[-32.7139816284,-17.3113574982,35.8616294861,25.5011062622,3.75612616539,-23.0636348724,-16.53125,-8.44274711609,-19.1396923065,3.03043270111,7.74401950836,24.8278560638,74.2413330078]],"icov":[[0.000154880530317,6.82148820488e-05,0.000252944533713,-6.98800722603e-05,0.000242386799073,5.52741084903e-06,0.000297302380204,-7.49840546632e-05,-5.05009375047e-05,4.37321359641e-05,0.000146499398397,-0.000228672332014,7.94876978034e-05],[6.82148820488e-05,0.000777279085014,-3.85605344491e-05,0.000613340118434,-0.000794623163529,5.19836539752e-05,-0.00044457547483,-0.000265375449089,0.000294949335512,-0.000164115917869,1.18838454455e-06,0.000286198046524,-6.66640116833e-05],[0.000252944533713,-3.85605344491e-05,0.00163178448565,-0.000925718282815,0.000521070556715,-0.000350154441549,0.000387348496588,-0.000374615512555,0.000179656359251,-2.87486909656e-05,-0.00067892880179,0.000510510813911,-0.000511687423568],[-6.98800722603e-05,0.000613340118434,-0.000925718282815,0.00389393488877,-0.00167369761039,0.00101948529482,-3.02558328258e-05,0.00107344938442,-0.000689074804541,-0.000981786521152,0.000762879091781,-0.000665335333906,-0.000256059225649],[0.000242386799073,-0.000794623163529,0.000521070556715,-0.00167369761039,0.00657900096849,-0.00193375209346,0.00198588194326,-0.000189698126633,-0.000420455180574,0.000155518966494,-0.000127228428028,0.00103066849988,-0.000714399153367],[5.52741084903e-06,5.19836539752e-05,-0.000350154441549,0.00101948529482,-0.00193375209346,0.0082791224122,-0.00429527368397,0.00148875301238,-0.00084667588817,0.00144411798101,-0.000255276419921,5.24676106579e-05,0.00144805619493],[0.000297302380204,-0.00044457547483,0.000387348496588,-3.02558328258e-05,0.00198588194326,-0.00429527368397,0.0110926637426,-0.00557065336034,0.00215412164107,-0.00139517732896,0.00163405470084,-0.00241091591306,0.00150039629079],[-7.49840546632e-05,-0.000265375449089,-0.000374615512555,0.00107344938442,-0.000189698126633,0.00148875301238,-0.00557065336034,0.0138748623431,-0.00494095403701,0.00304178358056,-0.000737942697015,0.00197327020578,-0.00145404005889],[-5.05009375047e-05,0.000294949335512,0.000179656359251,-0.000689074804541,-0.000420455180574,-0.00084667588817,0.00215412164107,-0.00494095403701,0.0144988084212,-0.00468280119821,0.00312899984419,-0.00193559168838,0.00412235921249],[4.37321359641e-05,-0.000164115917869,-2.87486909656e-05,-0.000981786521152,0.000155518966494,0.00144411798101,-0.00139517732896,0.00304178358056,-0.00468280119821,0.0157984364778,-0.00643920805305,0.00238818093203,-0.00117097690236],[0.000146499398397,1.18838454455e-06,-0.00067892880179,0.000762879091781,-0.000127228428028,-0.000255276419921,0.00163405470084,-0.000737942697015,0.00312899984419,-0.00643920805305,0.014608329162,-0.00562362233177,0.00176419725176],[-0.000228672332014,0.000286198046524,0.000510510813911,-0.000665335333906,0.00103066849988,5.24676106579e-05,-0.00241091591306,0.00197327020578,-0.00193559168838,0.00238818093203,-0.00562362233177,0.0184960365295,-0.00659572565928],[7.94876978034e-05,-6.66640116833e-05,-0.000511687423568,-0.000256059225649,-0.000714399153367,0.00144805619493,0.00150039629079,-0.00145404005889,0.00412235921249,-0.00117097690236,0.00176419725176,-0.00659572565928,0.0176112037152]],"mean":[-644.805480957,116.86378479,10.4671735764,32.8823661804,18.6238384247,14.054643631,7.66644144058,6.77883338928,2.71443152428,0.0259099025279,-5.6822052002,1.40110719204,-1.97884058952]},"pitch_salience":{"dmean":0.0717075616121,"dmean2":0.116142846644,"dvar":0.00546256592497,"dvar2":0.0137585112825,"max":0.910187780857,"mean":0.587990403175,"median":0.604403316975,"min":0.152444303036,"var":0.0135343922302},"silence_rate_20dB":{"dmean":0,"dmean2":0,"dvar":0,"dvar2":0,"max":1,"mean":1,"median":1,"min":1,"var":0},"silence_rate_30dB":{"dmean":0,"dmean2":0,"dvar":0,"dvar2":0,"max":1,"mean":1,"median":1,"min":1,"var":0},"silence_rate_60dB":{"dmean":0.000201349044801,"dmean2":0.000402738631237,"dvar":0.000201308503165,"dvar2":0.000402535544708,"max":1,"mean":0.0205355342478,"median":0,"min":0,"var":0.0201155133545},"spectral_centroid":{"dmean":226.192214966,"dmean2":349.646331787,"dvar":65126.4023438,"dvar2":141771.390625,"max":11115.3144531,"mean":1461.85461426,"median":1623.84814453,"min":109.917114258,"var":614103.3125},"spectral_complexity":{"dmean":3.67019033432,"dmean2":5.90334272385,"dvar":14.9852876663,"dvar2":35.572227478,"max":60,"mean":25.6872348785,"median":28,"min":0,"var":272.945678711},"spectral_contrast_coeffs":{"dmean":[0.0449634566903,0.0463512800634,0.0346957966685,0.0290416553617,0.0219416301697,0.0178805403411],"dmean2":[0.0732307657599,0.0764515250921,0.0570140071213,0.0472403615713,0.0360844656825,0.0288992431015],"dvar":[0.00160830153618,0.00164967833553,0.000786829798017,0.000562267727219,0.000381538353395,0.000255326245679],"dvar2":[0.00423399265856,0.00442915502936,0.00213212682866,0.00141444068868,0.000956854317337,0.000612407980952],"max":[-0.334061026573,-0.475299030542,-0.478638678789,-0.556811571121,-0.543682575226,-0.61633592844],"mean":[-0.667772591114,-0.759036839008,-0.785468399525,-0.787165462971,-0.797543108463,-0.768539428711],"median":[-0.668203473091,-0.764256894588,-0.800200343132,-0.793979048729,-0.79988181591,-0.757453024387],"min":[-0.964166045189,-0.976691067219,-0.963921785355,-0.960076391697,-0.958508193493,-0.964959084988],"var":[0.00456444639713,0.00411702413112,0.00498949363828,0.00321430340409,0.00158803875092,0.00243392214179]},"spectral_contrast_valleys":{"dmean":[0.293964922428,0.368820726871,0.313440471888,0.297520875931,0.268577188253,0.263008087873],"dmean2":[0.477419793606,0.603278517723,0.503747582436,0.473356604576,0.409461200237,0.356222510338],"dvar":[0.0710393562913,0.119261197746,0.0898241475224,0.106038592756,0.121347442269,0.12241897732],"dvar2":[0.17202103138,0.291936606169,0.204417005181,0.229590117931,0.23830921948,0.212863758206],"max":[-5.14670228958,-4.54164409637,-5.3234872818,-5.57688236237,-5.51961040497,-7.88044834137],"mean":[-6.61380815506,-6.96225786209,-7.49758958817,-7.69677782059,-7.49931907654,-10.0897026062],"median":[-6.4798989296,-6.70292854309,-7.1182756424,-7.10477256775,-6.72481775284,-9.49077320099],"min":[-27.3097171783,-27.4766578674,-27.3514862061,-27.5924911499,-27.3076648712,-27.2243080139],"var":[0.893909454346,1.2799038887,1.70588564873,2.13592219353,2.75696659088,2.63295960426]},"spectral_decrease":{"dmean":2.50982967742e-09,"dmean2":4.00983690696e-09,"dvar":1.12785687747e-17,"dvar2":2.83169533189e-17,"max":3.29400374165e-12,"mean":-7.71156294377e-09,"median":-7.14269265956e-09,"min":-3.22751816384e-08,"var":2.05502154036e-17},"spectral_energy":{"dmean":0.00978220161051,"dmean2":0.0156323611736,"dvar":0.000169028367964,"dvar2":0.000424919999205,"max":0.124344490469,"mean":0.031296748668,"median":0.0292697865516,"min":1.02627305013e-20,"var":0.000333098083502},"spectral_energyband_high":{"dmean":0.00037151350989,"dmean2":0.000586385198403,"dvar":3.21126435665e-07,"dvar2":7.53590711611e-07,"max":0.0119418362156,"mean":0.00118381227367,"median":0.00102744903415,"min":7.43983206595e-21,"var":1.42441126627e-06},"spectral_energyband_low":{"dmean":0.00699473684654,"dmean2":0.0110044255853,"dvar":0.000137203984195,"dvar2":0.00033703626832,"max":0.112324766815,"mean":0.0145828975365,"median":0.0110772382468,"min":3.69657506505e-23,"var":0.00016944926756},"spectral_energyband_middle_high":{"dmean":0.00183421513066,"dmean2":0.00294038816355,"dvar":6.88370937496e-06,"dvar2":1.80556398846e-05,"max":0.048130787909,"mean":0.00676806410775,"median":0.00461559928954,"min":1.76255628767e-21,"var":4.88313671667e-05},"spectral_energyband_middle_low":{"dmean":0.00462120398879,"dmean2":0.00762234348804,"dvar":5.32042540726e-05,"dvar2":0.00014248311345,"max":0.0866802856326,"mean":0.0102871134877,"median":0.00817333348095,"min":1.95557293118e-22,"var":7.6705844549e-05},"spectral_entropy":{"dmean":0.142593756318,"dmean2":0.205752447248,"dvar":0.0415282398462,"dvar2":0.0761792063713,"max":9.7989025116,"mean":7.5789847374,"median":7.87806272507,"min":4.00952863693,"var":0.592710614204},"spectral_flux":{"dmean":0.0243321284652,"dmean2":0.0377225540578,"dvar":0.00082254037261,"dvar2":0.00159767060541,"max":0.308178752661,"mean":0.0883269160986,"median":0.0855279862881,"min":6.32125879418e-11,"var":0.00261334842071},"spectral_kurtosis":{"dmean":3.32659006119,"dmean2":5.49150037766,"dvar":110.635749817,"dvar2":300.871032715,"max":426.379455566,"mean":10.805770874,"median":3.63912820816,"min":-1.24689686298,"var":917.358764648},"spectral_rms":{"dmean":0.000786057149526,"dmean2":0.00122596218716,"dvar":8.15781845631e-07,"dvar2":2.00209728973e-06,"max":0.0110141588375,"mean":0.00526724476367,"median":0.00534377153963,"min":3.16424078779e-12,"var":2.78962284028e-06},"spectral_rolloff":{"dmean":404.381744385,"dmean2":669.724304199,"dvar":406005.6875,"dvar2":911403.375,"max":19186.0839844,"mean":1444.10241699,"median":1205.859375,"min":64.599609375,"var":2048557.625},"spectral_skewness":{"dmean":0.288422465324,"dmean2":0.460567981005,"dvar":0.284018695354,"dvar2":0.74474298954,"max":17.7329692841,"mean":1.8568123579,"median":1.39292907715,"min":0.030076155439,"var":2.87647819519},"spectral_spread":{"dmean":554653,"dmean2":765912.5625,"dvar":666102595584,"dvar2":1190377684990.0,"max":41592212,"mean":4656179.5,"median":4460834,"min":247589.40625,"var":3755896471550.0},"spectral_strongpeak":{"dmean":0.383684068918,"dmean2":0.687435269356,"dvar":0.577808737755,"dvar2":1.57697808743,"max":7.18176412582,"mean":0.491819351912,"median":0.232851117849,"min":0,"var":0.627796769142},"zerocrossingrate":{"dmean":0.010276469402,"dmean2":0.0123255122453,"dvar":0.000128316547489,"dvar2":0.000180578339496,"max":0.533203125,"mean":0.0630390048027,"median":0.0625,"min":0.001953125,"var":0.00172587041743}},"metadata":{"audio_properties":{"analysis_sample_rate":44100,"bit_rate":192000,"codec":"mp3","downmix":"mix","equal_loudness":0,"length":230.635101318,"lossless":false,"md5_encoded":"83eedcc10b5f295bdeee822f47b8e81e","replay_gain":-4.46001243591,"sample_rate":44100},"tags":{"acoustid_fingerprint":["AQADtFmysFmYIOfxRDkCMU-N_sj94GMQUikDschT_GNQHMecCXf0QMpOZWD0THiOM8fuonmKUiIeCTHNQM8yPDjkZB_OoFsOsUd6B1azED0l4Me-gxGVPEieIjwT_HiWHSyqH1NOPEMe_VAZE70h5rnxHGE4N3jO4FKO3Eayh3D-o1jxPGCZHKE8ikguoi-eEWce8GhOTNSRR4e-ZciLME-FH010yNtJPDrqQ3yK8Fnx4xjyRMeZuJAeLci54Ty-DDx2wkq4FPkFPVqKUGbRHCFfoWFN6E9xXkHoPDtS5dDODHmOE3tRWgGTJYqO0JILUW8QHk9GgmWOH9vD4omOXDlUZyEuEdqDXsif4EpyhImSB9p-xA_xB8eDOYkPJmNyxM0lJCyTDv1AisMxOqXQvEYpPEnyI2cGvdDx4EyOL7oUdFEgpO_Q5zmOB3vw7DiTo0-RKG-QPwG9PDgxRWVQqTOeHJePPouCo0fuFv8VPDm0RcePNM4yoceDPcia5HhzaE-F1K3g6QYjhQOmlYfzxShz5Ep4fAvx4ylyH1-e4JIeEjmhuwgfHv6F4phzXNJRKzqSG-HD4BlxBvuDJmk4oRR-5NOy4y6aW7iDNNFR78W1B_kr6Ed-9LnQ4MITHteRWzoSzxoe41mO-Zj0odkzGTkPXWKPvMEvhO4hRpQQTgtKuQzs4zzOIz-UA81SXMQbVYJ6BfmPh_iOPouwjfyQZzmeCXpC1McDVSleGvmOmLqE54HGH_6F8BiOK8iYX9Bk1fiLkHm2IOvRH9vIGFqX0bhy3MElqA-Lf8hFXB9-1FcUODrC59ih3SA0PMsRi3uCKldGwiMPejka5MsCRfyRdifuoceJ78ITI7yKKxeq6cLl8OihHz4m_Mim48miCk0sfMLJoCGPQPJDIVImneiH9zhxhLlkJP0OTzouPbjOoMml4bkw5ReyQNMRhnh05PogP8fDDN8hoQ8RKUpy_PgzXEN_XMePhNWRM19SXMcT3dhy-MfBG8lRZrtwJp7A3YKchwi7HP7x_5jzMEaueMTDGFdGIUd5vDoe40rY4MmDJz-SPQiTH3vAG-WDMiP-I06jD8lTRTiz42AewssRiToeXtCVZcDlQDveeMiFJ1_wK3A-hP-xg3nwoBTxREfs6Am66_Ceg-YR5lBoBmVGHjGdw-5RI_6RnDta5niOVvmC80vR5UXCI9R_PMJ0lDKe6QLnXEimrCWRXjGaMSto5MvR_oOiTDvyZsK54jxiHb0OUXuQJx98fKE6_DmeD_5QXZnwa7hEPDy6y_iVabhyIITWKKNg5eht5FmO_rBCqobZIXaOD88nnMdzxM5SbEf94z6eHfU-pPG6QH4QJk5UcXiGE3tQq0g3XYRm3Th05N3xKMEp7ehY_IWjIy-059iRJwZLHdWWI9Okq8FT5RCzE-GPH-0YNNER_fhCNOcjaMfLo7zgEyJ5fJGeQCXWH-mzDMd_w8Oz45yO5JIl5EdXJriY4wuakQi_QPHxuOjDwMxyPD56ZqgcNP2QHw-PkholhHnwLkhyXOlwfngaXKipoHke_Ph7RM9NnBH6GU2PTz96HY_g7ng4qHzwvELOEKNzNMeNB6V0IY2jC_KJNMqkOMRE5jj6DOnkoMxy4Tle_MaFZhXyOMQfBxbzBDUujwiP5oaCo5keVNshhznCRC9aJ8YV9BSajFEqnEdXHmGqLMQaW4QuNBjZCq54PIej5fh-nIidw5dxMMyO8lfwH3klSDMzlOGRXziaIxKl4Ie-ZDl-cUK3oVk2GqdQLjnR7DgvlLkD8UEfRE-MW8fD4z9-YjT8XPiLHLrkDQ2X4w9-NMeJM8K3o4Yfn