{"lowlevel":{"average_loudness":0.933607637882,"barkbands":{"dmean":[0.000410920212744,0.0105040958151,0.00730474106967,0.0020249998197,0.00171290338039,0.000995528651401,0.00101472216193,0.000590993324295,0.00048575506662,0.000452866457636,0.000238921085838,0.000399999000365,0.000421962409746,0.00030894135125,0.000257200386841,0.000271655997494,0.000274105434073,0.000153001470608,0.000208249097341,0.000197755871341,0.000121588956972,8.7664804596e-05,4.17233241023e-05,7.46965015423e-05,4.2566400225e-05,1.14670310722e-05,2.07011362363e-06],"dmean2":[0.000684795086272,0.0175282973796,0.0119875287637,0.00333724031225,0.002834495157,0.00159378000535,0.00163466308732,0.000942333601415,0.000784267962445,0.000738415401429,0.000384438200854,0.000648939167149,0.000668835709803,0.000495372572914,0.000434397195932,0.000448377046268,0.00045332222362,0.000258524261881,0.000341177510563,0.000330028793542,0.000202845025342,0.000138418283314,6.49929788779e-05,0.000106684259663,6.26226610621e-05,1.70980092662e-05,3.52262145498e-06],"dvar":[3.7482553239e-07,0.000235169893131,0.000105795639683,6.19589809503e-06,9.01198745851e-06,2.65432800006e-06,4.33369405073e-06,1.41952352806e-06,1.05736944533e-06,1.75337447672e-06,2.73288009112e-07,8.6819960643e-07,1.09935569981e-06,5.30253373654e-07,4.51981748029e-07,1.73038756657e-07,1.76405961838e-07,6.00845524446e-08,1.07192711596e-07,8.10180651456e-08,5.82228807389e-08,4.64472513784e-08,9.24663368096e-09,5.58423813857e-08,1.76530470242e-08,6.62032040299e-10,3.51580466129e-11],"dvar2":[9.96324615699e-07,0.00065316434484,0.000295763427857,1.63179884112e-05,2.36287032749e-05,6.76418903822e-06,1.17154122563e-05,3.51879543814e-06,2.72985039373e-06,4.84659358335e-06,6.52065295981e-07,2.29374222727e-06,2.67696441369e-06,1.32614206905e-06,1.33043454298e-06,4.54280893791e-07,4.56861357634e-07,1.64538974445e-07,2.79796239511e-07,2.19683045088e-07,1.47837923237e-07,9.50901295482e-08,1.98611331825e-08,9.83080923334e-08,3.60294656332e-08,1.32989119717e-09,9.3969949877e-11],"max":[0.00827505998313,0.161324098706,0.121211111546,0.0301659181714,0.0375975184143,0.0270394049585,0.046549052,0.0269200205803,0.0223634708673,0.0291248112917,0.0169451348484,0.0184367764741,0.022031981498,0.027626639232,0.0167341437191,0.00806903000921,0.00780363939703,0.00425460794941,0.00545737706125,0.00517555465922,0.00464349566028,0.00561869051307,0.00230118748732,0.00579385273159,0.0038865734823,0.00100629066583,0.000219877649215],"mean":[0.000568785413634,0.0182502232492,0.0148220416158,0.00334015092812,0.00305181322619,0.00184176210314,0.00165257835761,0.00104779039975,0.000874705030583,0.000782200135291,0.000423705525463,0.000715352944098,0.000696223403793,0.00058032036759,0.000488300633151,0.000572753255256,0.000601781706791,0.000323255546391,0.000488841615152,0.000500783382449,0.000252669182373,0.000170541883563,8.84744367795e-05,0.000158414317411,9.34772542678e-05,2.95118989015e-05,2.93191260425e-06],"median":[0.000317164638545,0.0140327736735,0.0119144916534,0.00263873464428,0.00209996127523,0.00110190897249,0.000601483508945,0.000327601126628,0.000420001451857,0.000240999797825,0.000219116234803,0.00019970430003,0.000165423072758,0.00024998295703,0.000216509681195,0.000400570977945,0.000455219385913,0.000259323627688,0.000381976482458,0.000423717487138,0.000168501821463,6.60356527078e-05,3.6062028812e-05,4.44247743872e-05,2.91818232654e-05,9.35754360398e-06,5.04784566147e-07],"min":[3.91238958046e-24,1.70913183776e-23,1.43364741016e-23,1.64672000283e-23,2.40528154955e-23,1.93446979756e-23,2.14083218161e-23,8.51759372658e-23,7.20917893176e-23,3.64730849271e-23,5.52950600011e-23,8.6244585046e-23,6.36151317922e-23,7.23050152649e-23,9.64055047803e-23,1.21125414189e-22,1.7208720444e-22,3.12767849381e-22,2.05198751102e-22,2.36860219958e-22,4.19454736111e-22,5.2515846234e-22,5.21930822169e-22,9.03419361608e-22,1.08975744559e-21,1.83821160782e-21,2.4821517218e-21],"var":[5.40919529612e-07,0.000260858243564,0.000162264535902,8.65412312123e-06,1.22803776321e-05,5.3299800129e-06,8.93696778803e-06,3.38393874699e-06,2.18736749957e-06,3.68063956557e-06,5.51458242626e-07,2.00169984055e-06,2.3990196496e-06,1.55343832375e-06,1.00715624285e-06,4.7953142257e-07,4.89891704092e-07,1.18646532599e-07,2.87789532649e-07,2.66396853021e-07,1.36787917882e-07,1.34226951332e-07,2.73844165122e-08,1.76614122438e-07,4.63174139043e-08,2.6837265743e-09,5.16259326955e-11]},"barkbands_crest":{"dmean":2.4792201519,"dmean2":4.09199619293,"dvar":5.17387294769,"dvar2":14.1070766449,"max":24.1998252869,"mean":11.3734922409,"median":11.0863742828,"min":2.43717932701,"var":14.0633478165},"barkbands_flatness_db":{"dmean":0.0224398951977,"dmean2":0.0347192250192,"dvar":0.000495380838402,"dvar2":0.00117030669935,"max":0.444693386555,"mean":0.163570359349,"median":0.148381605744,"min":0.0268329214305,"var":0.00536931538954},"barkbands_kurtosis":{"dmean":4.15953016281,"dmean2":6.64603757858,"dvar":41.0478401184,"dvar2":96.8028411865,"max":122.338394165,"mean":8.55050086975,"median":4.31638336182,"min":-1.82745635509,"var":140.384399414},"barkbands_skewness":{"dmean":0.588883221149,"dmean2":0.934741914272,"dvar":0.354336053133,"dvar2":0.892651736736,"max":9.04385375977,"mean":2.43098807335,"median":2.15785551071,"min":-2.00493431091,"var":1.7408336401},"barkbands_spread":{"dmean":4.90858650208,"dmean2":7.710729599,"dvar":34.51222229,"dvar2":79.5761260986,"max":113.669624329,"mean":19.517534256,"median":17.9832401276,"min":0.510682046413,"var":154.966262817},"dissonance":{"dmean":0.0116045735776,"dmean2":0.0194138493389,"dvar":0.000162871030625,"dvar2":0.000436683942098,"max":0.500000119209,"mean":0.476671427488,"median":0.482458144426,"min":0.34357586503,"var":0.000404436897952},"dynamic_complexity":2.84657120705,"erbbands":{"dmean":[0.270054012537,2.64121747017,8.062748909,7.29659461975,5.14404773712,6.88403940201,5.86228322983,8.36296463013,14.5174160004,13.3329000473,12.932138443,10.2947893143,15.4912014008,7.3558216095,9.30291366577,17.1218509674,18.3354854584,15.8705501556,11.8591213226,11.6823654175,15.5147037506,14.4168100357,8.01332759857,10.5194683075,9.49378108978,9.87647438049,5.85542535782,4.31184053421,3.25286984444,2.00696611404,1.17310965061,1.2195109129,1.49320948124,0.69052618742,0.186736106873,0.0621934048831,0.0205807257444,0.00403842050582,0.000340432976373,2.27747077588e-05],"dmean2":[0.460080474615,4.40874242783,13.2921075821,11.9083766937,8.54848957062,11.522151947,9.4116859436,13.4704313278,23.3798542023,21.2638282776,20.6495246887,16.6494026184,25.3801212311,11.8450841904,14.8298912048,27.8529911041,29.3486824036,25.1799106598,19.5557022095,19.5787830353,25.3577136993,23.740436554,13.4893541336,17.3199081421,15.462143898,16.6042671204,9.83099937439,7.11261320114,5.14040231705,3.18383979797,1.82925605774,1.80984199047,2.12558317184,0.987660706043,0.282573699951,0.0936461091042,0.0315112918615,0.00653515243903,0.000579353538342,3.77480428142e-05],"dvar":[0.132612660527,15.958319664,135.391937256,82.1589660645,52.5972290039,239.923553467,97.8826828003,213.463897705,770.212158203,1051.16223145,818.464111328,469.842559814,2285.09545898,196.547424316,451.805419922,1500.48120117,2005.05480957,1420.46740723,500.009490967,817.50579834,484.266723633,463.19442749,155.883911133,268.302703857,254.230438232,200.281280518,106.807281494,88.5521011353,66.4816589355,24.8575401306,7.28071069717,11.5710659027,24.491973877,5.29278612137,0.180460244417,0.0189496744424,0.00229831412435,9.19948797673e-05,1.17518675324e-06,1.43508016581e-09],"dvar2":[0.356231510639,45.0491142273,382.848022461,221.93850708,143.105865479,632.286804199,251.503585815,546.119445801,2009.77233887,2779.34912109,2050.75341797,1248.72570801,6300.65185547,486.490814209,1081.82653809,3980.34692383,5039.11376953,3521.33959961,1350.84692383,2305.49487305,1260.14221191,1182.68725586,429.566467285,717.254821777,657.653137207,550.45111084,286.40524292,212.058059692,135.950012207,54.0805740356,15.3398637772,22.2040691376,43.8206329346,10.1624851227,0.373813599348,0.0384212695062,0.00498744053766,0.000218599670916,3.17329886457e-06,3.95599242253e-09],"max":[4.51822376251,45.0265884399,137.168930054,106.70967865,108.669319153,205.17048645,249.629013062,261.987731934,499.389038086,924.811828613,753.019836426,558.52734375,1044.36608887,263.976257324,786.320617676,735.110778809,871.434020996,1462.46960449,515.41192627,792.406005859,355.487945557,529.728393555,206.733825684,297.245025635,321.766784668,248.605209351,156.083435059,218.370315552,227.48890686,118.303588867,65.8822250366,91.4453735352,120.44695282,62.1077270508,10.7532224655,4.61958360672,1.84563434124,0.426382124424,0.0354873463511,0.000975950795691],"mean":[0.458159655333,4.45284557343,16.1208114624,14.9339313507,9.32940006256,10.6322402954,11.011472702,15.0970411301,23.9104442596,23.4241924286,24.1596050262,19.5777301788,27.1974906921,15.4644298553,18.0507316589,32.2586479187,33.4418182373,31.7327041626,25.5521259308,25.3656997681,35.3376235962,33.517288208,18.5731906891,24.0631523132,23.5396308899,24.4564304352,13.7531518936,8.47861289978,6.36442518234,3.8701312542,2.44412827492,2.51488757133,3.04876494408,1.45316684246,0.447515815496,0.156438454986,0.0484173521399,0.00843850709498,0.000480701273773,7.20889656805e-05],"median":[0.341345608234,3.41951370239,11.8616266251,11.9619150162,7.08710575104,5.86679172516,6.79882383347,8.60362625122,9.3505487442,8.25672626495,8.08242797852,10.4185266495,7.35704183578,8.70355987549,8.6365146637,9.28905582428,8.92906475067,13.2236146927,14.1739053726,14.0649032593,25.8706169128,26.3675518036,15.4442195892,19.4093666077,17.7028865814,20.3457508087,11.0726795197,4.58853054047,2.48266625404,1.60814905167,0.96904116869,0.884571552277,0.758678555489,0.403728634119,0.159728422761,0.0498298257589,0.0147671848536,0.0024377994705,0.000106378436612,6.26267792541e-05],"min":[3.27745780995e-22,5.13958899308e-21,1.99873202375e-20,3.91316723449e-20,6.13385120364e-20,5.86760890632e-20,1.21638123997e-19,2.03748918361e-19,3.34289121337e-19,9.64727306736e-19,1.205973912e-18,1.64570571057e-18,1.29539678911e-18,1.87332461865e-18,2.59148427403e-18,3.44328736508e-18,3.9081558383e-18,4.22740454135e-18,4.55694750713e-18,5.76798211012e-18,5.83574557308e-18,9.88025965382e-18,1.45014671004e-17,1.32002449953e-17,1.04583745296e-17,1.37368949613e-17,1.75776922415e-17,1.39331460431e-17,1.70524854921e-17,1.89367119376e-17,1.39288314691e-17,1.87343124223e-17,1.36299471255e-17,9.64300522899e-18,8.51115579886e-18,6.65599110338e-18,3.78101693738e-18,1.36020618331e-18,3.37670377187e-19,3.72307208244e-20],"var":[0.176799088717,16.4336242676,203.471725464,129.983352661,72.3291625977,271.535186768,186.323303223,407.146789551,1486.79150391,2269.18041992,1972.03723145,946.169677734,4759.46044922,487.248931885,982.81262207,3760.08813477,4862.64208984,4268.27587891,1427.05664063,2058.99975586,1483.23754883,1383.44689941,355.642883301,650.390441895,710.023010254,634.591125488,272.340698242,213.264419556,187.746261597,66.008140564,21.5923862457,33.7555236816,74.4175949097,14.7082223892,0.58727478981,0.072965182364,0.00806862395257,0.00024901033612,1.55996758622e-06,2.50908382959e-09]},"erbbands_crest":{"dmean":2.02284097672,"dmean2":3.30621671677,"dvar":3.88058161736,"dvar2":9.99601840973,"max":24.6111755371,"mean":7.59098291397,"median":6.88751173019,"min":2.34677457809,"var":10.5570707321},"erbbands_flatness_db":{"dmean":0.0133632561192,"dmean2":0.0200454294682,"dvar":0.000222331815166,"dvar2":0.000447218219051,"max":0.306114792824,"mean":0.146446555853,"median":0.134524047375,"min":0.0382811687887,"var":0.00212872587144},"erbbands_kurtosis":{"dmean":0.533628463745,"dmean2":0.858849585056,"dvar":0.334418594837,"dvar2":0.859046518803,"max":9.35152721405,"mean":-0.243962198496,"median":-0.486434280872,"min":-1.82121765614,"var":1.04519951344},"erbbands_skewness":{"dmean":0.269905418158,"dmean2":0.416632324457,"dvar":0.0698823556304,"dvar2":0.158570244908,"max":3.03473782539,"mean":-0.0471507757902,"median":-0.103350810707,"min":-2.03387570381,"var":0.42431101203},"erbbands_spread":{"dmean":8.41099357605,"dmean2":13.1307907104,"dvar":95.655128479,"dvar2":205.288131714,"max":158.281433105,"mean":47.8476142883,"median":44.6349830627,"min":7.63186359406,"var":395.249084473},"gfcc":{"cov":[[11512.46875,-2106.94995117,316.776000977,1060.78833008,-585.215576172,697.628234863,-596.996459961,358.947601318,-432.654724121,609.019165039,-105.701286316,323.00213623,-145.708999634],[-2106.94995117,2202.85693359,-225.887863159,-192.732223511,549.413696289,-456.021697998,444.878204346,-206.553527832,246.077804565,-383.373962402,264.196136475,-213.353866577,141.395202637],[316.776000977,-225.887863159,412.437469482,105.848129272,-53.7744636536,119.191047668,-25.2133979797,13.5899553299,-35.2084884644,26.2521686554,-63.926815033,30.7268009186,28.4464492798],[1060.78833008,-192.732223511,105.848129272,399.753540039,3.65984725952,79.3558349609,-66.4876861572,-18.0011844635,-19.3645305634,30.9538631439,1.62455809116,-3.15680193901,48.809715271],[-585.215576172,549.413696289,-53.7744636536,3.65984725952,348.965026855,-128.989120483,101.20716095,-82.7342147827,51.7265853882,-76.0716094971,52.7416419983,-55.6167564392,43.5401039124],[697.628234863,-456.021697998,119.191047668,79.3558349609,-128.989120483,254.759689331,-46.4816246033,29.233039856,-66.663192749,74.1442947388,-49.4323616028,30.5325012207,-31.4934883118],[-596.996459961,444.878204346,-25.2133979797,-66.4876861572,101.20716095,-46.4816246033,256.173461914,-40.5605926514,54.7650489807,-78.6747207642,8.84605312347,-44.6614532471,12.9643907547],[358.947601318,-206.553527832,13.5899553299,-18.0011844635,-82.7342147827,29.233039856,-40.5605926514,143.495285034,-9.88348007202,24.6365070343,-5.81144714355,19.0760860443,-17.0204219818],[-432.654724121,246.077804565,-35.2084884644,-19.3645305634,51.7265853882,-66.663192749,54.7650489807,-9.88348007202,107.245140076,-25.6984825134,36.5363273621,-34.3555641174,4.26821041107],[609.019165039,-383.373962402,26.2521686554,30.9538631439,-76.0716094971,74.1442947388,-78.6747207642,24.6365070343,-25.6984825134,155.552246094,-28.0534172058,38.2472686768,-42.0694580078],[-105.701286316,264.196136475,-63.926815033,1.62455809116,52.7416419983,-49.4323616028,8.84605312347,-5.81144714355,36.5363273621,-28.0534172058,123.584724426,-20.7576808929,8.71604061127],[323.00213623,-213.353866577,30.7268009186,-3.15680193901,-55.6167564392,30.5325012207,-44.6614532471,19.0760860443,-34.3555641174,38.2472686768,-20.7576808929,86.0833206177,-2.43423104286],[-145.708999634,141.395202637,28.4464492798,48.809715271,43.5401039124,-31.4934883118,12.9643907547,-17.0204219818,4.26821041107,-42.0694580078,8.71604061127,-2.43423104286,82.5488357544]],"icov":[[0.000291287811706,-0.000716672453564,0.000172850603121,-0.00100365083199,0.00031891229446,-0.00052891735686,0.000495394284371,-0.000936191296205,0.00101252854802,-0.00115234660916,0.000663260696456,-0.00100825040136,0.000895383185707],[-0.000716672453564,0.00590152014047,-0.00087390805129,0.00363690103404,-0.00248911138624,0.00377989257686,-0.00446423422545,0.00447154138237,-0.00412404211238,0.00637260219082,-0.00675532734022,0.0052713281475,-0.00451516360044],[0.000172850603121,-0.00087390805129,0.00339652085677,-0.00117902713828,0.000285179674393,-0.00197538081557,0.000639113306534,-0.0010085463291,0.00035930093145,-0.000939522229601,0.00225128978491,-0.00154524133541,-0.000664349005092],[-0.00100365083199,0.00363690103404,-0.00117902713828,0.00721016060561,-0.00190394150559,0.00128613121342,-0.00169450219255,0.00431217066944,-0.00414148811251,0.00413772184402,-0.00419584661722,0.00526326755062,-0.00628683250397],[0.00031891229446,-0.00248911138624,0.000285179674393,-0.00190394150559,0.00568397669122,9.52016125666e-05,0.000792423961684,-0.000240098219365,0.00200785510242,-0.00270219705999,0.00187249656301,-0.00095246831188,0.0010115649784],[-0.00052891735686,0.00377989257686,-0.00197538081557,0.00128613121342,9.52016125666e-05,0.00961093138903,-0.00386748416349,0.00288800476119,0.000305518624373,0.00261028436944,-0.00411508185789,0.00405858689919,-0.000799799861852],[0.000495394284371,-0.00446423422545,0.000639113306534,-0.00169450219255,0.000792423961684,-0.00386748416349,0.00918095186353,-0.00256432336755,0.000621119514108,-0.00256678811274,0.00614447332919,-0.00303331809118,0.00336024793796],[-0.000936191296205,0.00447154138237,-0.0010085463291,0.00431217066944,-0.000240098219365,0.00288800476119,-0.00256432336755,0.0124743310735,-0.00460032513365,0.00551733607426,-0.00534699484706,0.00416149245575,-0.00357364933006],[0.00101252854802,-0.00412404211238,0.00035930093145,-0.00414148811251,0.00200785510242,0.000305518624373,0.000621119514108,-0.00460032513365,0.0180548261851,-0.00670057861134,0.0015595726436,-0.00107997225132,0.00464273430407],[-0.00115234660916,0.00637260219082,-0.000939522229601,0.00413772184402,-0.00270219705999,0.00261028436944,-0.00256678811274,0.00551733607426,-0.00670057861134,0.0180562827736,-0.0058223628439,0.00325443013571,-0.00085119245341],[0.000663260696456,-0.00675532734022,0.00225128978491,-0.00419584661722,0.00187249656301,-0.00411508185789,0.00614447332919,-0.00534699484706,0.0015595726436,-0.0058223628439,0.0181582346559,-0.00542612094432,0.00469661131501],[-0.00100825040136,0.0052713281475,-0.00154524133541,0.00526326755062,-0.00095246831188,0.00405858689919,-0.00303331809118,0.00416149245575,-0.00107997225132,0.00325443013571,-0.00542612094432,0.0212724860758,-0.00708853593096],[0.000895383185707,-0.00451516360044,-0.000664349005092,-0.00628683250397,0.0010115649784,-0.000799799861852,0.00336024793796,-0.00357364933006,0.00464273430407,-0.00085119245341,0.00469661131501,-0.00708853593096,0.0218925885856]],"mean":[8.45716094971,113.957527161,-107.804634094,48.8437232971,-35.8609733582,12.6060695648,-27.0459518433,14.2036180496,-19.5035266876,2.36260461807,-11.2726202011,-7.08078336716,-8.91068649292]},"hfc":{"dmean":5.47480297089,"dmean2":8.82839107513,"dvar":73.9524230957,"dvar2":187.565948486,"max":145.902938843,"mean":24.3780269623,"median":20.9471702576,"min":1.22457551653e-16,"var":331.561340332},"melbands":{"dmean":[0.00258991331793,0.00382509594783,0.00114911864512,0.000404885591706,0.000224981180509,0.00019904198416,0.00021524951444,0.000139479743666,0.000110745349957,6.22618608759e-05,7.86705350038e-05,3.14157914545e-05,3.21554580296e-05,3.47486420651e-05,5.30433935637e-05,3.89067390643e-05,3.20764447679e-05,1.96777709789e-05,2.14929295907e-05,1.64595876413e-05,2.03285835596e-05,1.76772464329e-05,1.00693578133e-05,7.16430668035e-06,9.51776928559e-06,8.10132405604e-06,6.73699514664e-06,7.45186935092e-06,4.46164540335e-06,3.10489986077e-06,2.52009135693e-06,2.06349113796e-06,1.64268055869e-06,9.65326762525e-07,6.89987473379e-07,7.3554338087e-07,8.18590706331e-07,1.12255156637e-06,1.05081790025e-06,4.69607016385e-07],"dmean2":[0.00435263197869,0.00631698314101,0.00188599375542,0.000673027592711,0.000364031177014,0.000320618419209,0.000346661050571,0.000220976624405,0.000177313107997,0.000100938872492,0.000129026273498,5.06790347572e-05,5.13197519467e-05,5.61064625799e-05,8.72311502462e-05,6.15392491454e-05,5.11943471793e-05,3.22332889482e-05,3.66896856576e-05,2.74262511084e-05,3.32740746671e-05,2.92239783448e-05,1.70941802935e-05,1.2058788343e-05,1.57204267452e-05,1.3309584574e-05,1.09683996925e-05,1.27055573103e-05,7.56029612603e-06,5.18328351973e-06,4.15971635448e-06,3.29347017214e-06,2.61096306531e-06,1.56329076617e-06,1.10492055683e-06,1.1438647789e-06,1.23125039408e-06,1.64636958289e-06,1.48396611621e-06,6.98017004197e-07],"dvar":[1.32409795697e-05,3.06607616949e-05,2.09136328522e-06,5.12006181452e-07,1.44881255437e-07,1.16611474255e-07,1.64496753996e-07,9.70594200567e-08,6.01595147032e-08,1.84939192849e-08,5.84177755059e-08,4.04054878445e-09,5.54104762074e-09,4.64577754045e-09,2.2913045683e-08,9.35798283308e-09,6.65611699091e-09,1.40647216096e-09,4.68729810521e-09,9.24370857636e-10,8.71680450043e-10,7.1876599117e-10,2.4016480471e-10,1.4413314986e-10,2.19428281101e-10,2.00162164621e-10,1.13500840671e-10,1.16913922987e-10,5.85956075327e-11,3.77708940513e-11,3.414392033e-11,2.65803247468e-11,1.88137630475e-11,5.34242095007e-12,2.21613265933e-12,3.81663277371e-12,5.545981209e-12,1.27197618757e-11,1.54758324211e-11,1.94275129838e-12],"dvar2":[3.6172586988e-05,8.72607561178e-05,5.67883171243e-06,1.36120866046e-06,3.70971122265e-07,2.99897180867e-07,4.35736183135e-07,2.54183788684e-07,1.51850002794e-07,5.01760410998e-08,1.61325701242e-07,9.98537164065e-09,1.31080550858e-08,1.15320197835e-08,6.08538215374e-08,2.29176713162e-08,1.66200138096e-08,3.64279006959e-09,1.4061184217e-08,2.46003173388e-09,2.25849916546e-09,1.83850590307e-09,6.55300980146e-10,3.97018640186e-10,5.8687560367e-10,5.24062182539e-10,2.89266305353e-10,3.26409371754e-10,1.61265792387e-10,9.73376448887e-11,8.25078755318e-11,5.61499596818e-11,4.12157356855e-11,1.25448228194e-11,5.08392850387e-12,7.8181749269e-12,1.10212047821e-11,2.45572572694e-11,2.98831480394e-11,3.9884957316e-12],"max":[0.0412964709103,0.0659848451614,0.0177155695856,0.00928903743625,0.00655648158863,0.0059173880145,0.00641976343468,0.00810125749558,0.00589429214597,0.00398071249947,0.00532157579437,0.0011047279695,0.00246683880687,0.0014755257871,0.00427801394835,0.00223770481534,0.00331804831512,0.00113815814257,0.0018107224023,0.000672556227073,0.000486953475047,0.000598829181399,0.000299891835311,0.000182724557817,0.000252977421042,0.000288989889668,0.000224611270824,0.000189505415619,0.000120771357615,0.000108544430987,0.00016277411487,0.000156841182616,0.000139329888043,5.28473792656e-05,3.12216398015e-05,6.13228767179e-05,5.25853429281e-05,0.000102152589534,9.26296852413e-05,3.76689640689e-05],"mean":[0.00461990898475,0.00769356405362,0.00248390063643,0.000701274606399,0.000410351814935,0.000365475891158,0.000359389116056,0.000243807415245,0.000201934453798,0.000115717659355,0.000135434573167,6.22521474725e-05,5.77647733735e-05,6.54608084005e-05,9.43672494031e-05,6.5328888013e-05,5.93052063778e-05,3.95428651245e-05,3.90617678931e-05,3.33495991072e-05,4.2799183575e-05,3.75560848624e-05,2.08542260225e-05,1.47579885379e-05,2.00905287784e-05,1.74868746399e-05,1.62302512763e-05,1.65570672834e-05,9.34461240831e-06,6.18565263721e-06,4.38786446466e-06,3.75462377633e-06,2.95843847198e-06,1.77979120508e-06,1.35151822178e-06,1.3867169173e-06,1.58884756729e-06,2.1794787699e-06,1.97694953386e-06,9.71611143541e-07],"median":[0.00360402977094,0.00592202041298,0.00204336433671,0.000475012871902,0.000255600869423,0.000211361446418,0.000141323253047,8.10939309304e-05,6.49057692499e-05,6.19263664703e-05,3.62285900337e-05,3.36694502039e-05,2.85407895717e-05,2.43383965426e-05,1.93625619431e-05,1.6423075067e-05,2.30795994867e-05,2.15202453546e-05,1.5734880435e-05,2.18112290895e-05,2.99274197459e-05,2.77271064988e-05,1.5880805222e-05,1.13743608381e-05,1.53165910888e-05,1.21517878142e-05,1.20079230328e-05,1.31944580062e-05,7.1381541602e-06,3.76335788133e-06,1.89435161246e-06,1.34700815124e-06,1.18448849662e-06,6.95775383974e-07,5.13042607508e-07,5.14682596986e-07,5.15315889515e-07,5.52374217477e-07,4.26206213433e-07,3.02091223148e-07],"min":[4.7511325273e-24,9.37224500021e-24,6.72892041266e-24,4.01828469066e-24,5.25973797417e-24,4.11551495267e-24,4.81418341844e-24,1.19783329864e-23,1.0402028759e-23,9.83561400733e-24,6.03407634456e-24,7.02118706716e-24,7.86333473767e-24,7.30793721735e-24,1.18631395728e-23,6.18156493484e-24,7.80547967888e-24,7.20256196649e-24,8.37822582823e-24,7.06681872622e-24,6.3555418966e-24,8.95748481321e-24,1.37052765146e-23,1.44891123758e-23,1.01962930461e-23,8.58529156066e-24,5.01021732554e-24,9.65934698236e-24,1.3086049103e-23,6.78032811127e-24,7.5615252328e-24,9.21764167342e-24,1.1659217451e-23,9.62216086815e-24,6.45796562438e-24,9.25930378441e-24,1.34899127543e-23,9.27236179897e-24,7.12746161945e-24,8.1070761913e-24],"var":[1.62003361766e-05,3.9215421566e-05,3.19703553942e-06,6.6072283289e-07,2.44773929126e-07,2.31441489973e-07,3.29031422552e-07,2.19553982106e-07,1.43990476431e-07,3.5951085664e-08,1.21991845958e-07,9.43074862647e-09,1.11006723813e-08,1.21787699925e-08,5.29705985741e-08,2.03642827046e-08,1.92176230485e-08,3.81588005638e-09,9.36991551015e-09,2.21389040433e-09,2.40728903478e-09,1.97601668361e-09,5.26118426603e-10,2.75475697809e-10,5.03979857847e-10,4.71730099427e-10,3.45840883709e-10,3.22152554633e-10,1.3140288857e-10,8.60464893782e-11,7.41527811376e-11,6.76135536448e-11,4.73984011762e-11,1.2812630297e-11,5.95782190943e-12,9.71973543318e-12,1.47573307741e-11,3.43570484562e-11,4.29032781524e-11,4.8918737984e-12]},"melbands_crest":{"dmean":2.92426252365,"dmean2":4.74896812439,"dvar":6.60727977753,"dvar2":17.6740665436,"max":32.1152610779,"mean":17.2869968414,"median":16.8250961304,"min":2.1358230114,"var":24.3895568848},"melbands_flatness_db":{"dmean":0.0277834702283,"dmean2":0.0427535623312,"dvar":0.000719079223927,"dvar2":0.00169469986577,"max":0.591125607491,"mean":0.254097163677,"median":0.238682195544,"min":0.00559780653566,"var":0.00760152051225},"melbands_kurtosis":{"dmean":11.8818998337,"dmean2":19.0594139099,"dvar":297.387817383,"dvar2":741.04284668,"max":354.071777344,"mean":28.4994182587,"median":18.4884281158,"min":-1.63515520096,"var":848.830200195},"melbands_skewness":{"dmean":0.909088492393,"dmean2":1.43460261822,"dvar":0.880377292633,"dvar2":2.21401500702,"max":17.11211586,"mean":4.21282100677,"median":3.91201472282,"min":-0.498870164156,"var":3.97693943977},"melbands_spread":{"dmean":4.70656967163,"dmean2":7.42926311493,"dvar":31.1949329376,"dvar2":77.0400314331,"max":158.392669678,"mean":15.0756702423,"median":12.8019132614,"min":0.436874359846,"var":144.217178345},"mfcc":{"cov":[[9116.61035156,-1663.52319336,381.360809326,232.442077637,121.765808105,209.588699341,45.619934082,-197.913970947,-65.1089248657,-26.2059707642,1.43092024326,222.191482544,84.0415496826],[-1663.52319336,2106.80004883,-423.023620605,227.055770874,87.5463485718,-108.354515076,111.119972229,179.841308594,-52.7289161682,38.4121055603,41.021270752,-74.6033096313,29.3619117737],[381.360809326,-423.023620605,469.691650391,-48.0728721619,-15.2685813904,70.8944625854,9.8345041275,-11.3647937775,64.8888778687,-21.4501457214,-27.7233047485,14.6940317154,-45.2366943359],[232.442077637,227.055770874,-48.0728721619,299.55178833,108.097251892,28.5991153717,10.2088365555,-0.439042359591,1.73303878307,19.275554657,-25.0965480804,-43.4188537598,9.45533847809],[121.765808105,87.5463485718,-15.2685813904,108.097251892,223.316970825,12.8867874146,6.22701597214,-23.4943637848,-26.0519657135,13.8518314362,-17.8227100372,-27.5466403961,-8.84406089783],[209.588699341,-108.354515076,70.8944625854,28.5991153717,12.8867874146,207.363967896,41.4913902283,-25.3520145416,22.9991760254,-8.65929985046,-0.101379141212,11.7381353378,-22.9058418274],[45.619934082,111.119972229,9.8345041275,10.2088365555,6.22701597214,41.4913902283,122.817024231,32.9178771973,22.0663146973,-4.29389333725,-6.96663331985,4.60398721695,-7.48820638657],[-197.913970947,179.841308594,-11.3647937775,-0.439042359591,-23.4943637848,-25.3520145416,32.9178771973,118.832054138,16.2887916565,-4.5497879982,8.95438289642,-4.32026863098,3.79119873047],[-65.1089248657,-52.7289161682,64.8888778687,1.73303878307,-26.0519657135,22.9991760254,22.0663146973,16.2887916565,111.804870605,-3.2416946888,-19.0066127777,4.13313531876,-30.6964321136],[-26.2059707642,38.4121055603,-21.4501457214,19.275554657,13.8518314362,-8.65929985046,-4.29389333725,-4.5497879982,-3.2416946888,81.5377120972,30.172618866,-8.79478168488,11.0352201462],[1.43092024326,41.021270752,-27.7233047485,-25.0965480804,-17.8227100372,-0.101379141212,-6.96663331985,8.95438289642,-19.0066127777,30.172618866,96.375869751,19.3151073456,9.96080875397],[222.191482544,-74.6033096313,14.6940317154,-43.4188537598,-27.5466403961,11.7381353378,4.60398721695,-4.32026863098,4.13313531876,-8.79478168488,19.3151073456,90.1034088135,5.60208511353],[84.0415496826,29.3619117737,-45.2366943359,9.45533847809,-8.84406089783,-22.9058418274,-7.48820638657,3.79119873047,-30.6964321136,11.0352201462,9.96080875397,5.60208511353,67.2771987915]],"icov":[[0.000161721749464,0.000149665676872,-5.42582347407e-05,-0.000285869085928,-4.24040736107e-05,1.13241912914e-05,-0.000217332795728,6.61748053972e-05,0.000175661640242,5.26994699612e-05,-7.29937019059e-05,-0.000380064273486,-0.000179323396878],[0.000149665676872,0.000929776695557,0.000525684154127,-0.000742782955058,-0.000120387761854,0.000295587786241,-0.000817631836981,-0.000882067368366,0.000417807284975,4.71966086479e-06,-0.000360643869499,-6.99251977494e-05,0.000157704678713],[-5.42582347407e-05,0.000525684154127,0.00300124939531,0.000248053111136,-0.000156166250235,-0.000554532220121,-8.41626824695e-05,-0.000649096618872,-0.000969606684521,7.21917458577e-05,0.000380640209187,9.70636829152e-05,0.00112070841715],[-0.000285869085928,-0.000742782955058,0.000248053111136,0.00543470634148,-0.00194913428277,-0.00113543344196,0.000931034097448,-1.49933002831e-05,-0.00139042956289,-0.000827799434774,0.00123844039626,0.00197041779757,-0.00130013993476],[-4.24040736107e-05,-0.000120387761854,-0.000156166250235,-0.00194913428277,0.00611346913502,7.73342326283e-05,-0.000570619304199,0.00104690704029,0.00203321268782,-0.000991262611933,0.000901087187231,0.000528425909579,0.00189479475375],[1.13241912914e-05,0.000295587786241,-0.000554532220121,-0.00113543344196,7.73342326283e-05,0.0062830732204,-0.00259578763507,0.00169498799369,-0.00031942705391,0.000806973606814,-0.00125276262406,-0.000543521717191,0.00136111723259],[-0.000217332795728,-0.000817631836981,-8.41626824695e-05,0.000931034097448,-0.000570619304199,-0.00259578763507,0.0108995437622,-0.0027301243972,-0.00158542650752,-0.000306917179842,0.0013764644973,-0.000455730420072,1.02147441794e-05],[6.61748053972e-05,-0.000882067368366,-0.000649096618872,-1.49933002831e-05,0.00104690704029,0.00169498799369,-0.0027301243972,0.0116489920765,-0.00190632173326,0.00161877134815,-0.00179099838715,0.000713061133865,-0.0013071653666],[0.000175661640242,0.000417807284975,-0.000969606684521,-0.00139042956289,0.00203321268782,-0.00031942705391,-0.00158542650752,-0.00190632173326,0.0128041459247,-0.00193152518477,0.00253229099326,-0.00158504548017,0.00514717213809],[5.26994699612e-05,4.71966086479e-06,7.21917458577e-05,-0.000827799434774,-0.000991262611933,0.000806973606814,-0.000306917179842,0.00161877134815,-0.00193152518477,0.0155451698229,-0.00597040634602,0.00219670613296,-0.00261401734315],[-7.29937019059e-05,-0.000360643869499,0.000380640209187,0.00123844039626,0.000901087187231,-0.00125276262406,0.0013764644973,-0.00179099838715,0.00253229099326,-0.00597040634602,0.0143281929195,-0.00310591841117,0.000548476586118],[-0.000380064273486,-6.99251977494e-05,9.70636829152e-05,0.00197041779757,0.000528425909579,-0.000543521717191,-0.000455730420072,0.000713061133865,-0.00158504548017,0.00219670613296,-0.00310591841117,0.0142613109201,-0.00172406318597],[-0.000179323396878,0.000157704678713,0.00112070841715,-0.00130013993476,0.00189479475375,0.00136111723259,1.02147441794e-05,-0.0013071653666,0.00514717213809,-0.00261401734315,0.000548476586118,-0.00172406318597,0.0195822529495]],"mean":[-633.304138184,136.142471313,0.112993180752,40.7532043457,17.0587177277,6.87812328339,11.3216981888,5.55020046234,6.1561126709,7.16985559464,1.0472420454,2.95912623405,2.95554232597]},"pitch_salience":{"dmean":0.0753804668784,"dmean2":0.122815012932,"dvar":0.00433979323134,"dvar2":0.0117779588327,"max":0.943566441536,"mean":0.492518097162,"median":0.499815434217,"min":0.088057525456,"var":0.0120383407921},"silence_rate_20dB":{"dmean":0,"dmean2":0,"dvar":0,"dvar2":0,"max":1,"mean":1,"median":1,"min":1,"var":0},"silence_rate_30dB":{"dmean":0.0490506328642,"dmean2":0.0981109663844,"dvar":0.0466468147933,"dvar2":0.107876375318,"max":1,"mean":0.958568155766,"median":1,"min":0,"var":0.0397117175162},"silence_rate_60dB":{"dmean":0.0001977848151,"dmean2":0.000395608745748,"dvar":0.000197745699552,"dvar2":0.000395418319385,"max":1,"mean":0.0290714912117,"median":0,"min":0,"var":0.028226127848},"spectral_centroid":{"dmean":226.609085083,"dmean2":352.056549072,"dvar":62346.4296875,"dvar2":139790.96875,"max":11271.2900391,"mean":1310.94909668,"median":1326.58520508,"min":131.150863647,"var":391089.09375},"spectral_complexity":{"dmean":3.88172459602,"dmean2":6.29650878906,"dvar":17.4297332764,"dvar2":42.6642036438,"max":61,"mean":25.9160480499,"median":28,"min":0,"var":173.679672241},"spectral_contrast_coeffs":{"dmean":[0.0457731001079,0.0445148684084,0.0340389944613,0.0280484333634,0.0223920401186,0.0198179967701],"dmean2":[0.0765969753265,0.0729744136333,0.0569933205843,0.0463644042611,0.0358419418335,0.0317669473588],"dvar":[0.00143754400779,0.0012616928434,0.000728892686311,0.000506523996592,0.000475055334391,0.000343874155078],"dvar2":[0.00404175976291,0.00340506900102,0.00201082974672,0.00134243257344,0.0010554776527,0.000825427065138],"max":[-0.413086354733,-0.492043077946,-0.576039075851,-0.589626550674,-0.591681480408,-0.553949773312],"mean":[-0.65840023756,-0.742556333542,-0.796978592873,-0.79789942503,-0.786838829517,-0.759477853775],"median":[-0.661301493645,-0.744185686111,-0.803791165352,-0.802757561207,-0.798105359077,-0.762625992298],"min":[-0.964395940304,-0.963964104652,-0.968632102013,-0.957942008972,-0.961902678013,-0.958196818829],"var":[0.00352265895344,0.00427416944876,0.00264395494014,0.00254820031114,0.00247413199395,0.0015951822279]},"spectral_contrast_valleys":{"dmean":[0.330611795187,0.325212866068,0.282132089138,0.25519362092,0.238142520189,0.291586399078],"dmean2":[0.551539897919,0.538697123528,0.468427270651,0.415266215801,0.36995318532,0.408765733242],"dvar":[0.0867911502719,0.0840174555779,0.0632166191936,0.0685712918639,0.0926092639565,0.15178963542],"dvar2":[0.218090251088,0.202211812139,0.147875666618,0.15402635932,0.194101139903,0.276438355446],"max":[-5.04205513,-4.53655529022,-5.4169549942,-5.63093709946,-5.43767881393,-7.55368757248],"mean":[-6.45357751846,-6.6046705246,-7.14401340485,-7.38998365402,-7.25389575958,-10.382818222],"median":[-6.24967956543,-6.4806098938,-6.99069023132,-7.18295860291,-6.70673418045,-9.815284729],"min":[-27.4290790558,-27.8628749847,-27.3857212067,-27.5771522522,-27.2542133331,-27.3175792694],"var":[1.44546020031,0.869536936283,0.726603746414,0.882418990135,1.4319037199,2.48926496506]},"spectral_decrease":{"dmean":4.36171809781e-09,"dmean2":7.20247772534e-09,"dvar":3.53060405423e-17,"dvar2":9.89510638776e-17,"max":4.65260618916e-29,"mean":-1.3302891233e-08,"median":-1.19724816727e-08,"min":-6.87901007268e-08,"var":5.46823890494e-17},"spectral_energy":{"dmean":0.0167264882475,"dmean2":0.0276398956776,"dvar":0.000519964203704,"dvar2":0.00145732541569,"max":0.264821857214,"mean":0.0524194203317,"median":0.0472912862897,"min":1.10860401671e-20,"var":0.000833664147649},"spectral_energyband_high":{"dmean":0.000391753390431,"dmean2":0.000606553570833,"dvar":6.25451889391e-07,"dvar2":1.29724901399e-06,"max":0.0150049170479,"mean":0.00107054074761,"median":0.000770938000642,"min":8.00704936058e-21,"var":2.34742105931e-06},"spectral_energyband_low":{"dmean":0.0155037613586,"dmean2":0.0255174338818,"dvar":0.00045157968998,"dvar2":0.00126587727573,"max":0.250110626221,"mean":0.0359405614436,"median":0.0298956204206,"min":4.96687020766e-23,"var":0.000588964496274},"spectral_energyband_middle_high":{"dmean":0.00158084149007,"dmean2":0.00256894878112,"dvar":5.0032681429e-06,"dvar2":1.32788090923e-05,"max":0.0436587445438,"mean":0.00573349790648,"median":0.00435111392289,"min":1.46241957813e-21,"var":2.64957343461e-05},"spectral_energyband_middle_low":{"dmean":0.00426970981061,"dmean2":0.00693266512826,"dvar":3.09939059662e-05,"dvar2":8.29405762488e-05,"max":0.0685707628727,"mean":0.0121976379305,"median":0.0104038892314,"min":3.01979185693e-22,"var":7.46079313103e-05},"spectral_entropy":{"dmean":0.130239501595,"dmean2":0.192413106561,"dvar":0.0259103253484,"dvar2":0.0515209883451,"max":9.79260253906,"mean":7.557929039,"median":7.6987786293,"min":5.66251277924,"var":0.219443947077},"spectral_flux":{"dmean":0.0281944237649,"dmean2":0.0449931770563,"dvar":0.00103005289566,"dvar2":0.00215164059773,"max":0.415320664644,"mean":0.101909808815,"median":0.097426533699,"min":6.90665580283e-11,"var":0.00292857387103},"spectral_kurtosis":{"dmean":1.90277564526,"dmean2":3.21207380295,"dvar":8.58237552643,"dvar2":24.4564266205,"max":68.5447692871,"mean":4.83317422867,"median":3.80993413925,"min":-1.18003284931,"var":17.393119812},"spectral_rms":{"dmean":0.00105236889794,"dmean2":0.00171677803155,"dvar":1.40309032304e-06,"dvar2":3.90828108721e-06,"max":0.0160736683756,"mean":0.00685334810987,"median":0.00679248431697,"min":3.28871543713e-12,"var":4.17273895437e-06},"spectral_rolloff":{"dmean":325.401306152,"dmean2":545.687316895,"dvar":411168.625,"dvar2":915826.25,"max":18884.6191406,"mean":819.973937988,"median":473.73046875,"min":86.1328125,"var":1040667.4375},"spectral_skewness":{"dmean":0.228415235877,"dmean2":0.369417577982,"dvar":0.0743841528893,"dvar2":0.192081645131,"max":5.90734052658,"mean":1.43872559071,"median":1.38010370731,"min":-0.0334103107452,"var":0.245489999652},"spectral_spread":{"dmean":398478.28125,"dmean2":559899.1875,"dvar":414443372544,"dvar2":659101515776,"max":39644708,"mean":4065636.25,"median":3991875.5,"min":979354.5625,"var":2354480939010.0},"spectral_strongpeak":{"dmean":0.287662416697,"dmean2":0.51091748476,"dvar":0.246192514896,"dvar2":0.655261695385,"max":10.3467340469,"mean":0.510932207108,"median":0.400272846222,"min":0,"var":0.256829470396},"zerocrossingrate":{"dmean":0.00716767134145,"dmean2":0.0089294956997,"dvar":8.30380886327e-05,"dvar2":0.00012505549239,"max":0.501953125,"mean":0.0419084168971,"median":0.0380859375,"min":0.001953125,"var":0.000818562810309}},"metadata":{"audio_properties":{"analysis_sample_rate":44100,"bit_rate":192000,"codec":"mp3","downmix":"mix","equal_loudness":0,"length":234.788574219,"lossless":false,"md5_encoded":"2233445e3543bb3d1a4e51d31925588f","replay_gain":-4.87117576599,"sample_rate":44100},"tags":{"acoustid_fingerprint":["AQADtFkSLUmyKUrwH99xGJ1QNAN-HD0aHe9xvA103aiO18S5HEeK7-jxoyzx44f7IVweo-_QfNCF4xl6HD-aAy2aAh-OxkYb5PjUo6GO6yU-wT-qHw9-JEuOPsjxPMRzPB-m9MdLoj_-4yny49ILbVeOGzWP6w4iIeUPVPqLE_ehsUJDLsdx6cObEf-GPhtc5biT48iFeuhxDd4o-EMuHZ4-vPjREH_QlKjMGFNIQfMWHCN6-LgyPLAy4etxKjCPnkYt5hIsHs8j4s9F-NlRXcQDleiTo9GHnDSufLhxhUfjSujzHD-PPPgP4dJR_vCPG_rhA_9xQlSEN4evozyeHS9z_HhKoXogPjvaHNWDfMdha_hxHU41XIancUfnKESYH9UPPUbNw2eOC-5oRDw2_IX148fXHMeRG9aO94Ir5vhTPD9k_dCZ5YCbQzM_9AnRnEHw3HhYC1dK9EbzH1d-_EeMO4e-6PgUNM9xXOiO_Mh9lM_RHMff4yw05dBvnMrQJyt6iM_iDG2UCD9iS-i2wy7x4boMWyOuy4U7Di0lIjyJRj90jAt-vBke1Cu2_Ub1IexxHRZRfCsajSh_tPzhinERcqfQ7TnE5cHJ4zt-oc40Iz98Ea_wHH9wHR11uD8qhzteHPnxRRH0Hc3R4z-CTviR-zi-Hd7xodNzPLvwnZlwCRoaRlkQXx3wHT0JO3jxbvB1PNLhfiiZBWGkEz1x5TiaLMkC8TOeHDGPKU1z7Mc5lBcaecZn_MAj5zh_XJIQvpkhRvKkI8-IK7vhThWaZorxssHRRHlQPsWpSscjhDu0XGSOPcYlKXiS4MfRSDuYHxcZCw9COxWoUYIz_piWB_3gH33woxkldO8QH6VowvcE8VGC68j5oRKzFE9-_ELzo8_xBifyHe-hl0Oe4_tRGn9w7_AQNspxQn8Q_riU-Ohx4d6DUDr8HuoJqy9KKVHIQd2PH5qPhssyXHh09BAvPehNHHky_MaVB43YI_SW40d8nAqP10IpLRceVvhF-EMfDvmF39B99DTMDjmuI9fh1UX_FT90p-jh8ziPeHSIfM7xBx-OH5529DzyHM0bnMF1-EZ-PGQgHs7xQh88qYMpHdV13Id2NB2-HicaViNRPXgeFj_RnFlxnrig3TvyZUd1NHKO-8ZzzN-G67hKHU1H9EfucMTu43MJnQsa1D5e48FXofMC70c_1MeHv8ODXDy-oE-04ToRnjgliPmRHy133LiCRjl64kd_XPvQc-gzIoyOG8qpo09xnNThvkEfHGGfY8qHfEfcA42no3ZO_MaVoUmbWchzHb9E6MwJvdCPZzIuhI-OF8-LH1eO_vB_9MmPHzl0Kj0qcYG74aID9-h3_EI_NBLp4Ed-9EeYDz9OfejKHPbEQ8wbPMOjRHgufEfaoftR4i38xLjgq7gOv0d-NDnUPMZRi8Fx4Yc-BhXKx3CHH76gvsNVOOtQ9sjFXOhvXI_xPCfeDP3xI4-h5YkQ_jieHKcbvEX9w81R-ceP3Pj14lKkQ0-PHj5RHT_QHtaD60FelPiFH33XIL-Chxd0hKmyHD9-nLvQwyKDfkZ55BX8HeI0juiJdlG4oPmhx_gQfUVOXFqE5oOmH5F94mhlPIePvkENH7l5eFmPUikb_NGhLQ-87PjwF_mO9_CVoXh2_MJ64UJj_UOf48j_QH2OU1mFcwh_pPmCHzt-PMcDF3_x4yTOGl-O65GCnigPMZKy4EeoPfhxGk2KM3g72MfNI-2Hni