{"lowlevel":{"average_loudness":0.876649975777,"barkbands":{"dmean":[8.00238121883e-05,0.00354403210804,0.00380214652978,0.00155492150225,0.00213013333268,0.00122547685169,0.000455068424344,0.000625295797363,0.000355439726263,0.000328352849465,0.000207929202588,0.000214134139242,0.000212392769754,0.000308178045088,0.000230177509366,0.000370094814571,0.000381088146241,0.000210378115298,0.00016781083832,0.000175191467861,0.000145693920786,9.33527480811e-05,5.65554219065e-05,5.10582794959e-05,3.07213922497e-05,2.21276204684e-05,1.02103131212e-05],"dmean2":[0.000120984259411,0.00547773623839,0.00602196063846,0.00254811928608,0.00352628575638,0.00202581449412,0.000758404261433,0.000983170466498,0.000577896309551,0.000536798208486,0.000338306010235,0.000350718153641,0.000345228239894,0.000492901483085,0.000364420004189,0.000600198633038,0.00061740167439,0.000349199399352,0.000283401488559,0.000292773765977,0.00023905368289,0.000151582877152,9.29266607272e-05,7.58162568673e-05,4.32203632954e-05,2.90288153337e-05,1.3637461052e-05],"dvar":[4.53774191556e-08,7.62093550293e-05,2.92632394121e-05,4.63219339508e-06,1.06973266156e-05,5.95140591031e-06,9.86147824733e-07,1.67290045283e-06,5.74001376208e-07,4.74652949833e-07,2.09854562172e-07,3.75266893116e-07,3.37376008019e-07,4.24755683071e-07,2.39507869537e-07,4.52146622365e-07,3.70978142428e-07,1.68183603932e-07,1.2637842417e-07,1.0214607471e-07,8.12051581534e-08,5.75585410445e-08,1.2932027893e-08,1.75372765199e-08,7.20264647924e-09,4.05167055462e-09,8.90668372389e-10],"dvar2":[9.6052879428e-08,0.000179315800779,6.88273648848e-05,1.17521985885e-05,2.97011756629e-05,1.55480593094e-05,2.54197061622e-06,4.03406193072e-06,1.38028224228e-06,1.26590123273e-06,5.39092297913e-07,8.80580273588e-07,8.15889507066e-07,1.03138927443e-06,5.55067799723e-07,1.08124652343e-06,9.18294063013e-07,4.40710124394e-07,3.44186616985e-07,2.8289056786e-07,2.04173588259e-07,1.22306857975e-07,3.18689217238e-08,3.62385428332e-08,1.53792250046e-08,8.28988788726e-09,1.58444368736e-09],"max":[0.00253695668653,0.0892114341259,0.0880373045802,0.0280657019466,0.0449049398303,0.0381098352373,0.026094192639,0.0332715138793,0.017287382856,0.0187545008957,0.0258284062147,0.0259991623461,0.0169762577862,0.0167015641928,0.0119360713288,0.0193851143122,0.0154292434454,0.0146986991167,0.00712802633643,0.00576481875032,0.00649257190526,0.00680328067392,0.00226403935812,0.00390955433249,0.00293190428056,0.00200237240642,0.000587261165492],"mean":[8.798581257e-05,0.00414350628853,0.00699270516634,0.00252687232569,0.00409757578745,0.00195473362692,0.000673239468597,0.00129157316405,0.000673447095323,0.000572032295167,0.000365553074516,0.000361479615094,0.000357897486538,0.000569901429117,0.000473766529467,0.00076905550668,0.000821814057417,0.00040260941023,0.000305989349727,0.000377808697522,0.000330118811689,0.000178110320121,0.000115700160677,0.000118111747724,7.09274463588e-05,4.56325287814e-05,1.69988743437e-05],"median":[1.66473437275e-05,0.00159055902623,0.00402406137437,0.00159004190937,0.00295870890841,0.000655598531011,0.000286018621409,0.000259167863987,0.000227426105994,0.000227862939937,0.000165088975336,0.000131157547003,0.000117607174616,0.000230105215451,0.000179903552635,0.000384503247915,0.000469955615699,0.000248600495979,0.000163851131219,0.000195621803869,0.000150985637447,6.59910147078e-05,4.59602379124e-05,5.07357653987e-05,2.51810561167e-05,1.06803281597e-05,1.58397210726e-06],"min":[1.33891815276e-23,8.69231127096e-23,1.05232831883e-24,2.02249231731e-23,2.89219379484e-23,9.21240600359e-23,2.24064186101e-23,7.35518951225e-23,6.27537083055e-23,2.70169019711e-23,3.60602519273e-23,1.04282400826e-22,8.12233528556e-23,5.51534878676e-23,1.44077038237e-22,7.41863854149e-23,1.4880908033e-22,2.18637204881e-22,3.37473281615e-22,3.03433718984e-22,4.51014473465e-22,6.51281947763e-22,6.60761859655e-22,7.08851729205e-22,1.25234902402e-21,1.56770133319e-21,2.38464538372e-21],"var":[5.36418340857e-08,7.78897083364e-05,8.35949831526e-05,9.15110103961e-06,1.94839030883e-05,1.09052025437e-05,1.47449827637e-06,5.75018202653e-06,1.96032942767e-06,9.67142455011e-07,3.72920879954e-07,7.68889151459e-07,6.68332802434e-07,1.13351302389e-06,8.30386341022e-07,1.36267476591e-06,1.17163642699e-06,3.51532264631e-07,1.98460099909e-07,2.35481806499e-07,2.17617312614e-07,1.51932283643e-07,3.26095381808e-08,4.66380356556e-08,1.57844208815e-08,8.57733528647e-09,2.0119574895e-09]},"barkbands_crest":{"dmean":2.73456048965,"dmean2":4.44091415405,"dvar":6.27386045456,"dvar2":15.8318758011,"max":26.0636577606,"mean":10.0393695831,"median":9.1686258316,"min":2.36725687981,"var":19.5255126953},"barkbands_flatness_db":{"dmean":0.0226222816855,"dmean2":0.0336250402033,"dvar":0.000519136374351,"dvar2":0.00111178378575,"max":0.413794547319,"mean":0.136984914541,"median":0.118242800236,"min":0.0177107937634,"var":0.00514384126291},"barkbands_kurtosis":{"dmean":4.24752092361,"dmean2":6.43826770782,"dvar":74.4571228027,"dvar2":159.87387085,"max":249.792556763,"mean":6.75272798538,"median":1.73167729378,"min":-1.90068888664,"var":215.278579712},"barkbands_skewness":{"dmean":0.631892561913,"dmean2":0.958238482475,"dvar":0.452579647303,"dvar2":0.992935717106,"max":13.7172260284,"mean":1.93051683903,"median":1.55485856533,"min":-2.42000436783,"var":2.35857367516},"barkbands_spread":{"dmean":5.95646619797,"dmean2":9.12716197968,"dvar":47.9251441956,"dvar2":102.525634766,"max":106.984283447,"mean":24.5038356781,"median":24.3783454895,"min":0.453934520483,"var":225.482803345},"dissonance":{"dmean":0.0141879199073,"dmean2":0.0236162543297,"dvar":0.000308593065711,"dvar2":0.000826193077955,"max":0.500000178814,"mean":0.469261109829,"median":0.480678915977,"min":0.196024850011,"var":0.00141426955815},"dynamic_complexity":4.34992790222,"erbbands":{"dmean":[0.0908908471465,0.878398060799,3.58680534363,5.07992267609,5.25852251053,7.78879737854,11.9871444702,9.27515792847,7.5555729866,10.5887012482,11.132019043,7.84235906601,10.5383691788,8.03009223938,7.29540681839,9.37519550323,8.93480014801,13.8439207077,12.3051595688,12.5471010208,21.096288681,18.0785732269,11.4107589722,10.3288488388,7.68892288208,8.68469047546,6.65636491776,5.05028581619,3.77577900887,2.15271282196,1.56937682629,1.08702015877,0.878131568432,0.402107417583,0.201430782676,0.0986890867352,0.0412434078753,0.012203482911,0.00211798190139,6.28941634204e-05],"dmean2":[0.140622183681,1.41311979294,5.85844039917,7.83904600143,8.56787014008,13.0704946518,20.1544284821,15.32533741,12.4941673279,16.8828411102,17.7140197754,12.8061265945,17.315328598,13.2746362686,11.8889217377,15.2598772049,14.4966411591,22.153799057,19.811630249,19.9945964813,34.2349815369,29.1792163849,18.6485729218,17.2364501953,12.9825267792,14.6132564545,11.1765518188,8.1210603714,6.16561555862,3.45256948471,2.57436656952,1.66586577892,1.30545890331,0.584859669209,0.283952265978,0.133415088058,0.0561473406851,0.0164636708796,0.00285576935858,8.64352987264e-05],"dvar":[0.0634981542826,4.41571617126,26.3711051941,54.5652008057,58.8001480103,183.209365845,501.800933838,414.291503906,328.159729004,535.186218262,597.660522461,260.148864746,496.867218018,406.338684082,237.278930664,673.560913086,638.328308105,1068.92150879,543.819030762,654.043273926,1204.71386719,887.355102539,525.004211426,397.975982666,257.68081665,248.562911987,172.608230591,110.985389709,96.8913803101,21.3958625793,10.4230880737,9.06008625031,4.77249383926,1.25878977776,0.297935068607,0.0732108354568,0.0151983071119,0.00131403829437,3.81664758606e-05,2.9025686743e-08],"dvar2":[0.132733210921,11.3108987808,68.0228347778,119.161636353,151.864929199,500.089630127,1348.28747559,1080.29101563,831.164916992,1350.82421875,1433.46484375,643.438415527,1346.39428711,1013.72650146,596.497192383,1584.15332031,1515.44030762,2668.34643555,1276.20910645,1560.95812988,3033.73681641,2157.28564453,1356.49328613,1058.46374512,706.123413086,687.375976563,464.376434326,247.114395142,210.21812439,49.4765014648,25.3562374115,20.2952384949,9.88527107239,2.75912570953,0.6305347085,0.152606830001,0.0323567800224,0.00251006498002,6.77358184475e-05,5.11282571836e-08],"max":[2.45218658447,23.7089653015,68.9646987915,115.918006897,110.778083801,210.443893433,506.201690674,378.855133057,450.199066162,592.862365723,741.986877441,377.09552002,449.632293701,896.553955078,595.342773438,1278.94543457,745.598205566,920.913818359,816.506347656,667.737670898,786.658081055,848.809631348,884.420043945,549.043945313,376.210174561,289.21295166,231.812728882,294.909088135,287.95803833,117.393722534,70.3378601074,100.643333435,63.5592880249,39.9130058289,15.5122814178,9.46885490417,3.92242145538,0.9131321311,0.126764908433,0.00359137170017],"mean":[0.101443395019,1.06391727924,6.02779960632,10.5734243393,9.81791687012,12.9078407288,18.7912445068,14.4672670364,11.3396568298,20.9139556885,22.9786643982,15.2324533463,18.8056983948,14.8242225647,13.4530935287,16.869594574,16.950345993,26.7682132721,26.1379241943,28.5930862427,48.0733985901,42.1712303162,24.3532981873,19.2071533203,15.2795791626,18.4871807098,14.5242080688,11.1874570847,6.92741250992,4.334856987,3.18053817749,2.41359305382,1.94340848923,0.915181219578,0.442058593035,0.209626466036,0.0793461203575,0.0220179967582,0.0034694946371,0.000127409875859],"median":[0.0291251912713,0.499843209982,3.78113079071,6.0777053833,6.81449794769,8.15813064575,8.20328044891,4.85780191422,4.43095397949,5.46217107773,5.59736919403,5.9738035202,7.60371494293,6.40866374969,6.56102371216,6.33060264587,6.33780670166,10.0734004974,12.3846035004,13.2492275238,25.0149555206,26.025680542,15.9726066589,10.5319709778,9.13806724548,9.21424198151,6.65714550018,5.28337430954,2.66340589523,1.56722259521,1.26302075386,1.04319381714,0.785897612572,0.355080425739,0.138806790113,0.0570278950036,0.016391210258,0.0036233861465,0.00028121311334,5.46553783352e-05],"min":[3.89555983889e-21,1.39322482937e-20,4.6735732882e-21,3.22319100552e-20,6.88657909871e-20,1.44639406044e-19,1.23172931775e-19,9.58435977792e-19,5.59704627051e-19,5.26946620433e-19,2.22744539517e-18,1.37122205772e-18,9.73237030685e-19,1.13846511727e-18,2.27160153704e-18,4.08514974192e-18,3.20899817595e-18,3.52578787784e-18,5.35453077019e-18,6.34187588321e-18,4.9095303481e-18,9.28658054766e-18,1.28280236458e-17,1.47011931681e-17,1.48522164956e-17,1.55518160792e-17,2.32789303888e-17,1.46814748366e-17,2.31259433345e-17,1.73359106572e-17,2.18910387806e-17,1.50410055811e-17,1.19481019974e-17,1.37148530795e-17,8.64938595102e-18,5.09048231095e-18,3.07386333364e-18,1.44289084715e-18,3.09452739101e-19,3.4805401419e-20],"var":[0.0690543949604,4.06359052658,52.1261940002,197.328308105,117.542167664,281.816864014,920.111816406,728.911743164,516.755859375,1651.33886719,1831.25134277,703.51739502,1041.38647461,891.454528809,465.049835205,1466.79882813,1347.47570801,2800.4675293,1874.14453125,2216.29711914,4095.02050781,2843.42236328,1185.72460938,759.376586914,412.78024292,551.793457031,392.8722229,319.310760498,240.123947144,54.9940757751,26.4326477051,21.1259860992,12.2638378143,2.70763444901,0.640778779984,0.158852487803,0.029048467055,0.00273425853811,8.62621018314e-05,6.70459954222e-08]},"erbbands_crest":{"dmean":2.18753027916,"dmean2":3.54003810883,"dvar":4.39350652695,"dvar2":10.9393529892,"max":30.3445205688,"mean":8.05641555786,"median":7.04046869278,"min":2.16711378098,"var":14.5052957535},"erbbands_flatness_db":{"dmean":0.0144327860326,"dmean2":0.0209102276713,"dvar":0.000237182088313,"dvar2":0.000451983418316,"max":0.395975083113,"mean":0.146617770195,"median":0.133103191853,"min":0.036804780364,"var":0.00351574202068},"erbbands_kurtosis":{"dmean":0.888034403324,"dmean2":1.39191329479,"dvar":2.16688871384,"dvar2":5.00103378296,"max":45.2351531982,"mean":0.27297565341,"median":-0.422079890966,"min":-1.81800782681,"var":5.83905076981},"erbbands_skewness":{"dmean":0.361519098282,"dmean2":0.538568556309,"dvar":0.145171269774,"dvar2":0.297569423914,"max":6.04581785202,"mean":0.0626766011119,"median":-0.0659955441952,"min":-4.0085811615,"var":0.854387283325},"erbbands_spread":{"dmean":8.17948246002,"dmean2":12.7031927109,"dvar":72.2495880127,"dvar2":163.205581665,"max":153.075286865,"mean":45.2266807556,"median":43.4670372009,"min":2.86015176773,"var":405.254089355},"gfcc":{"cov":[[16885.9140625,-2661.57006836,-1097.88317871,1958.21875,279.214019775,1143.11682129,302.334503174,480.691955566,29.2346839905,499.0625,-333.365844727,-134.115127563,8.2615776062],[-2661.57006836,1485.11181641,-173.560638428,-464.522033691,-16.1283588409,-311.17755127,-12.2909727097,-108.330688477,48.6160926819,-157.015808105,103.466453552,-43.1246109009,39.6252784729],[-1097.88317871,-173.560638428,853.256896973,-86.4637145996,67.1373901367,106.04851532,10.6914167404,-26.5562553406,-24.9502048492,-27.7642211914,-18.9164543152,8.68295764923,-66.7872238159],[1958.21875,-464.522033691,-86.4637145996,895.04498291,136.930603027,219.854110718,94.8370285034,107.288887024,46.5315666199,50.9068412781,-31.4234676361,-40.1531105042,57.1470832825],[279.214019775,-16.1283588409,67.1373901367,136.930603027,318.046020508,85.7317962646,59.4997673035,23.2126274109,23.685087204,18.3442668915,-30.9703140259,-27.8824996948,8.44174766541],[1143.11682129,-311.17755127,106.04851532,219.854110718,85.7317962646,340.327453613,95.8816070557,41.5235099792,4.56430006027,70.6404190063,-38.3030166626,-49.8119735718,-49.9599342346],[302.334503174,-12.2909727097,10.6914167404,94.8370285034,59.4997673035,95.8816070557,175.419204712,32.612575531,2.23009824753,27.4098205566,-18.0934429169,-19.039691925,-7.79959869385],[480.691955566,-108.330688477,-26.5562553406,107.288887024,23.2126274109,41.5235099792,32.612575531,122.270210266,29.6933059692,18.2621059418,-1.99876022339,-5.80054140091,0.0213299170136],[29.2346839905,48.6160926819,-24.9502048492,46.5315666199,23.685087204,4.56430006027,2.23009824753,29.6933059692,95.232131958,26.1932926178,5.96434116364,-7.81934642792,-0.526844978333],[499.0625,-157.015808105,-27.7642211914,50.9068412781,18.3442668915,70.6404190063,27.4098205566,18.2621059418,26.1932926178,115.630455017,-5.88769292831,-11.7385873795,-9.99020671844],[-333.365844727,103.466453552,-18.9164543152,-31.4234676361,-30.9703140259,-38.3030166626,-18.0934429169,-1.99876022339,5.96434116364,-5.88769292831,92.8479766846,28.622423172,4.29558515549],[-134.115127563,-43.1246109009,8.68295764923,-40.1531105042,-27.8824996948,-49.8119735718,-19.039691925,-5.80054140091,-7.81934642792,-11.7385873795,28.622423172,94.846206665,30.9872570038],[8.2615776062,39.6252784729,-66.7872238159,57.1470832825,8.44174766541,-49.9599342346,-7.79959869385,0.0213299170136,-0.526844978333,-9.99020671844,4.29558515549,30.9872570038,86.3566436768]],"icov":[[0.00014237180585,0.000128525134642,0.000233373546507,-0.000123277553939,-1.35096443046e-05,-0.000289757357677,5.97604557697e-05,-0.000205661446671,0.000111484478111,-0.000148899373016,0.000259488529991,-6.54733958072e-05,2.26494448725e-05],[0.000128525134642,0.00186528742779,0.000488569377922,0.000784644973464,-0.00036090562935,0.000444669509307,-0.00113892171066,0.000979050062597,-0.00172565097455,0.00207402813248,-0.00181912817061,0.0023820749484,-0.00135501963086],[0.000233373546507,0.000488569377922,0.00183755671605,0.000100445380667,-0.000441242882516,-0.000938832410611,1.63845106727e-05,0.000104290418676,-2.03774507099e-05,0.000722674885765,0.000326963374391,-0.000474310858408,0.00084702076856],[-0.000123277553939,0.000784644973464,0.000100445380667,0.00230896729045,-0.00042767796549,-0.000599564402364,-0.000748647667933,-0.000139081646921,-0.00144946249202,0.00146325852256,-0.00132242182735,0.00186625274364,-0.0026146278251],[-1.35096443046e-05,-0.00036090562935,-0.000441242882516,-0.00042767796549,0.00389248458669,-0.000560514279641,-0.000567442388274,-0.000171607127413,-0.000548998825252,-0.000330121663865,0.00103999744169,0.000276008358924,-0.000839638873003],[-0.000289757357677,0.000444669509307,-0.000938832410611,-0.000599564402364,-0.000560514279641,0.00645177578554,-0.00210447493009,0.000552365672775,0.000145963655086,-0.00123177655041,-0.000581650761887,0.0017234593397,0.00236039352603],[5.97604557697e-05,-0.00113892171066,1.63845106727e-05,-0.000748647667933,-0.000567442388274,-0.00210447493009,0.00802764948457,-0.0021112607792,0.00199320842512,-0.00210168864578,0.00184474443085,-0.00145087810233,0.00078639248386],[-0.000205661446671,0.000979050062597,0.000104290418676,-0.000139081646921,-0.000171607127413,0.000552365672775,-0.0021112607792,0.0111571010202,-0.00400231871754,0.00163435551804,-0.00181854993571,0.00108644948341,-0.00024871531059],[0.000111484478111,-0.00172565097455,-2.03774507099e-05,-0.00144946249202,-0.000548998825252,0.000145963655086,0.00199320842512,-0.00400231871754,0.0146395731717,-0.00528007373214,0.00113983673509,-0.00162835640367,0.00204980396666],[-0.000148899373016,0.00207402813248,0.000722674885765,0.00146325852256,-0.000330121663865,-0.00123177655041,-0.00210168864578,0.00163435551804,-0.00528007373214,0.0138927605003,-0.00278120487928,0.0028410688974,-0.0015235588653],[0.000259488529991,-0.00181912817061,0.000326963374391,-0.00132242182735,0.00103999744169,-0.000581650761887,0.00184474443085,-0.00181854993571,0.00113983673509,-0.00278120487928,0.0154459057376,-0.00667534582317,0.00297898077406],[-6.54733958072e-05,0.0023820749484,-0.000474310858408,0.00186625274364,0.000276008358924,0.0017234593397,-0.00145087810233,0.00108644948341,-0.00162835640367,0.0028410688974,-0.00667534582317,0.0178443863988,-0.00760211236775],[2.26494448725e-05,-0.00135501963086,0.00084702076856,-0.0026146278251,-0.000839638873003,0.00236039352603,0.00078639248386,-0.00024871531059,0.00204980396666,-0.0015235588653,0.00297898077406,-0.00760211236775,0.0185194537044]],"mean":[-13.1534357071,88.3932037354,-104.458763123,35.9662017822,-47.0092048645,2.58119988441,-41.2902832031,5.39643716812,-24.420167923,-4.34849262238,-21.4445762634,-3.46606063843,-11.0511054993]},"hfc":{"dmean":5.18636131287,"dmean2":8.08964633942,"dvar":71.7734069824,"dvar2":180.089675903,"max":132.581878662,"mean":21.6270637512,"median":17.8730392456,"min":1.12491335526e-16,"var":343.019042969},"melbands":{"dmean":[0.00089544680668,0.00155545608141,0.00081051979214,0.00042820093222,0.000416620256146,0.000212202314287,0.000109109401819,0.00012404716108,8.87156493263e-05,4.8889505706e-05,5.28120071976e-05,3.24812681356e-05,2.45044084295e-05,2.29394809139e-05,2.43479480559e-05,2.12383347389e-05,2.90996486001e-05,2.25498952204e-05,1.8025357349e-05,2.26639149332e-05,2.80048279819e-05,2.20513829845e-05,1.45686017277e-05,1.03151305666e-05,8.96047185961e-06,5.90446143178e-06,6.58434146317e-06,5.7606680457e-06,4.57221540273e-06,4.07077732234e-06,2.73052137345e-06,2.50423340731e-06,1.66418749359e-06,1.17455624604e-06,1.0463079434e-06,7.35196181267e-07,7.0939518082e-07,7.3187709404e-07,5.00272221871e-07,3.24937701635e-07],"dmean2":[0.00137132254895,0.00253712269478,0.00125938106794,0.000702835153788,0.000701701792423,0.000349164824001,0.000180050672498,0.00019622585387,0.00014137357357,7.98616238171e-05,8.68560236995e-05,5.38000313099e-05,3.98788397433e-05,3.73499678972e-05,3.94168309867e-05,3.43538958987e-05,4.67518912046e-05,3.63322651538e-05,2.82135133602e-05,3.63458893844e-05,4.57885689684e-05,3.58676261385e-05,2.38079228438e-05,1.72476447915e-05,1.50676569319e-05,1.00130346254e-05,1.11543567982e-05,9.70135170064e-06,7.73504780227e-06,6.76544641465e-06,4.3717736844e-06,4.16449211116e-06,2.68208464149e-06,1.93649634639e-06,1.75212358045e-06,1.17592662718e-06,1.10173493795e-06,1.11321946861e-06,7.66027085319e-07,4.8172910283e-07],"dvar":[5.42018187843e-06,5.61824390388e-06,1.22738470054e-06,5.00865326103e-07,5.09637970936e-07,2.0413055779e-07,6.56333796201e-08,7.28401587935e-08,3.80127467281e-08,1.00991996987e-08,1.24987460381e-08,6.84274192864e-09,3.04493918968e-09,2.9076472341e-09,5.1949196056e-09,3.60542040667e-09,4.83606665824e-09,1.96877958381e-09,1.87744375602e-09,2.41256992162e-09,2.11027684216e-09,1.31079602728e-09,7.61579022068e-10,4.03290761897e-10,3.09493181083e-10,1.63949340215e-10,1.63157348743e-10,1.07027837981e-10,8.13875078443e-11,5.85549456145e-11,3.87860334128e-11,4.82582203365e-11,1.61543625699e-11,5.59268820491e-12,4.54461728666e-12,3.71105533456e-12,3.76185237475e-12,3.08325955913e-12,1.98385188485e-12,7.62878855139e-13],"dvar2":[1.19725500554e-05,1.48440449266e-05,2.76323976323e-06,1.34162894483e-06,1.40949430261e-06,5.30026738943e-07,1.66374746868e-07,1.8166909399e-07,9.00384051761e-08,2.51584069133e-08,3.38207399864e-08,1.7156288834e-08,7.77330022572e-09,6.71548994191e-09,1.24313048744e-08,8.85753159707e-09,1.21135617093e-08,4.61731275436e-09,4.26561364009e-09,5.50066214799e-09,5.53512302659e-09,3.21019855143e-09,1.90510074383e-09,1.03977904065e-09,8.27595880715e-10,4.47638148771e-10,4.53418108615e-10,2.94462287886e-10,2.20274132268e-10,1.51384460523e-10,8.19419254672e-11,1.10788204999e-10,3.49817882994e-11,1.3894455031e-11,1.15131662884e-11,8.82883089554e-12,8.45269774313e-12,6.62902415252e-12,4.58342521922e-12,1.6972153934e-12],"max":[0.0222339741886,0.0277714990079,0.0171561073512,0.0110797192901,0.0143031170592,0.00758846569806,0.00638911826536,0.00751732848585,0.00510574877262,0.00215655821376,0.00225518876687,0.00356025714427,0.00317148165777,0.00190011353698,0.00288465269841,0.00164414581377,0.00192966288887,0.00158528843895,0.00126734166406,0.00165034027305,0.00094677566085,0.0010617042426,0.000966715975665,0.000775880820584,0.000423996360041,0.000340956728905,0.000265586422756,0.000184118936886,0.000160185372806,0.000174670960405,0.000181790848728,0.000205900345463,0.000112527901365,4.86344506498e-05,4.47088896181e-05,6.42301456537e-05,6.08583977737e-05,5.11014950462e-05,4.02443802159e-05,2.99231451208e-05],"mean":[0.00102868105751,0.00267427274957,0.00181183812674,0.000779946218245,0.000671609537676,0.000335160671966,0.000163135337061,0.000249786797212,0.000182012488949,9.0651519713e-05,9.14048287086e-05,5.72464050492e-05,4.3770945922e-05,4.05750470236e-05,4.33708519267e-05,3.49858164554e-05,5.28492055309e-05,4.23814053647e-05,3.70228299289e-05,4.55532499473e-05,5.94789999013e-05,4.74279222544e-05,2.82360924757e-05,1.90220562217e-05,1.53099281306e-05,1.00501792986e-05,1.28011033667e-05,1.17423824122e-05,8.78213359101e-06,8.78316768649e-06,5.50366030438e-06,4.09580661653e-06,2.99270618598e-06,2.19515436584e-06,1.92646530195e-06,1.4745982071e-06,1.47918262883e-06,1.48410106249e-06,1.0293606465e-06,6.86026282892e-07],"median":[0.000358913035598,0.00170495931525,0.0011954519432,0.000559477251954,0.000329628586769,0.000110696004413,6.19106795057e-05,5.70098854951e-05,4.36072368757e-05,3.47180393874e-05,3.51255330315e-05,2.3251710445e-05,2.18934474105e-05,1.63548902492e-05,1.5099909433e-05,1.09709544631e-05,1.80781098607e-05,1.95955071831e-05,1.32863406179e-05,2.10012040043e-05,3.01233885693e-05,2.69026459137e-05,1.78324189619e-05,1.10305945782e-05,7.58594069339e-06,5.52076562599e-06,7.06572700437e-06,5.55654605705e-06,3.86723240808e-06,4.03709600505e-06,2.48524156632e-06,1.41372379403e-06,9.85859401226e-07,7.88254055806e-07,7.25811219127e-07,6.03518969911e-07,6.33034119346e-07,5.73979718865e-07,4.02793091325e-07,2.55185284459e-07],"min":[2.9634714797e-23,7.52742908675e-24,6.79665122112e-24,8.12498017841e-24,3.98501763742e-24,2.02324836161e-23,8.63116697774e-24,6.38864762778e-24,1.86054516881e-23,7.98812543313e-24,4.68074680747e-24,4.51619002821e-24,6.12965354854e-24,1.28712020466e-23,5.96862218867e-24,9.10302886136e-24,5.96826522911e-24,7.18160350996e-24,1.11310782304e-23,5.7817938939e-24,5.57661038359e-24,9.69992598732e-24,1.07949572205e-23,1.01512924758e-23,1.18980805888e-23,1.36531706741e-23,1.00137025121e-23,8.96740552795e-24,1.71451754893e-23,7.18454043911e-24,9.49697337565e-24,1.43963186676e-23,1.11481136817e-23,8.92182751143e-24,1.44606455412e-23,7.94021317719e-24,9.95868656373e-24,7.78444864715e-24,1.00769833562e-23,1.23580014849e-23],"var":[5.76748516323e-06,9.78789830697e-06,4.58353042632e-06,7.78488697506e-07,9.34277011311e-07,3.63434850215e-07,1.04117738431e-07,2.48430666261e-07,1.35663299261e-07,2.49071430147e-08,2.57691556982e-08,1.45405589791e-08,5.35573585481e-09,6.30990504291e-09,1.1736524641e-08,6.53177911758e-09,1.19097194329e-08,5.49187850751e-09,5.9901985594e-09,6.91711843359e-09,6.25867402348e-09,3.94853705288e-09,1.7860843915e-09,7.98655808154e-10,5.47527412298e-10,2.26574897733e-10,3.05763719899e-10,2.3435295371e-10,1.56929261252e-10,1.54789958628e-10,1.05500198855e-10,1.01654573648e-10,3.84855480817e-11,1.2881803263e-11,1.00450359836e-11,7.84363806544e-12,8.41659901496e-12,7.29424767115e-12,3.91012482809e-12,1.55403467872e-12]},"melbands_crest":{"dmean":3.26965403557,"dmean2":5.30721139908,"dvar":8.04661369324,"dvar2":20.5643215179,"max":33.6375923157,"mean":14.5221128464,"median":14.0230560303,"min":1.80562126637,"var":24.4524860382},"melbands_flatness_db":{"dmean":0.0289172064513,"dmean2":0.0432072356343,"dvar":0.00083064759383,"dvar2":0.00178724213038,"max":0.530074477196,"mean":0.213202372193,"median":0.195645883679,"min":0.00160691875499,"var":0.00755460606888},"melbands_kurtosis":{"dmean":10.7738256454,"dmean2":16.5178565979,"dvar":362.911376953,"dvar2":780.753356934,"max":362.804107666,"mean":22.1178207397,"median":9.87134742737,"min":-1.83377420902,"var":1203.09155273},"melbands_skewness":{"dmean":0.865091443062,"dmean2":1.3255726099,"dvar":0.825370669365,"dvar2":1.88417756557,"max":15.1389398575,"mean":3.42141532898,"median":2.87933278084,"min":-0.379790425301,"var":4.40295648575},"melbands_spread":{"dmean":7.29786539078,"dmean2":11.3430023193,"dvar":76.6616897583,"dvar2":169.596374512,"max":192.848693848,"mean":22.5641593933,"median":19.4394798279,"min":0.622326672077,"var":304.615509033},"mfcc":{"cov":[[14331.8105469,-1860.40771484,-1255.4609375,878.243347168,459.085845947,801.831237793,465.91293335,204.155441284,666.624389648,345.929412842,78.4195632935,389.602294922,289.717254639],[-1860.40771484,1203.74499512,-34.6564712524,-203.338439941,-99.6646499634,-205.756256104,-99.0769577026,-32.8989219666,-108.240364075,-69.164932251,-37.3479995728,-33.479724884,-39.6833534241],[-1255.4609375,-34.6564712524,700.944274902,-128.645355225,-9.1158952713,22.3055171967,8.7475271225,12.9645147324,-60.5723419189,-9.97648715973,24.6511955261,-36.2803764343,-50.2298927307],[878.243347168,-203.338439941,-128.645355225,484.796386719,154.896072388,87.1918563843,61.495136261,73.0186691284,103.161514282,47.3948440552,-24.4620304108,21.8108882904,49.761100769],[459.085845947,-99.6646499634,-9.1158952713,154.896072388,283.825653076,100.716255188,49.3753929138,49.4741744995,55.1900558472,57.5161590576,4.30580043793,20.1967868805,15.4503774643],[801.831237793,-205.756256104,22.3055171967,87.1918563843,100.716255188,285.506866455,127.879440308,29.7487926483,91.4919967651,62.098613739,48.6457023621,26.8810520172,11.253616333],[465.91293335,-99.0769577026,8.7475271225,61.495136261,49.3753929138,127.879440308,187.691604614,51.459980011,59.281627655,39.2695236206,30.5850315094,26.3437252045,-3.71190476418],[204.155441284,-32.8989219666,12.9645147324,73.0186691284,49.4741744995,29.7487926483,51.459980011,121.605636597,29.7253761292,8.55683612823,10.3535509109,9.44121742249,11.8369150162],[666.624389648,-108.240364075,-60.5723419189,103.161514282,55.1900558472,91.4919967651,59.281627655,29.7253761292,155.525543213,52.578212738,10.4827814102,27.840215683,21.6845035553],[345.929412842,-69.164932251,-9.97648715973,47.3948440552,57.5161590576,62.098613739,39.2695236206,8.55683612823,52.578212738,113.346343994,41.4381332397,21.310218811,-0.515898227692],[78.4195632935,-37.3479995728,24.6511955261,-24.4620304108,4.30580043793,48.6457023621,30.5850315094,10.3535509109,10.4827814102,41.4381332397,104.380378723,22.635892868,-8.4925069809],[389.602294922,-33.479724884,-36.2803764343,21.8108882904,20.1967868805,26.8810520172,26.3437252045,9.44121742249,27.840215683,21.310218811,22.635892868,78.9406204224,21.6330718994],[289.717254639,-39.6833534241,-50.2298927307,49.761100769,15.4503774643,11.253616333,-3.71190476418,11.8369150162,21.6845035553,-0.515898227692,-8.4925069809,21.6330718994,75.9910507202]],"icov":[[0.000146642603795,0.000163393691764,0.000229740908253,-4.14114265368e-06,4.95333051731e-06,-0.000197502071387,-2.30588884733e-05,-8.96744677448e-05,-0.000173348729732,-0.000102000296465,0.00013318361016,-0.000384014565498,-0.000105119725049],[0.000163393691764,0.00119188963436,0.00038682014565,0.000323696178384,-5.70923257328e-05,0.000310481816996,-8.15473140392e-06,-0.000243456743192,-1.92747484107e-05,-1.08218537207e-05,0.000280519132502,-0.000396265473682,0.000195935659576],[0.000229740908253,0.00038682014565,0.00202713441104,0.000436740287114,-0.000122224038932,-0.00062898255419,-1.65943729371e-05,-0.000666409963742,0.000317614030791,-0.000157289410708,4.43036406068e-05,-5.56659470021e-05,0.000530139775947],[-4.14114265368e-06,0.000323696178384,0.000436740287114,0.00325489719398,-0.00114094361197,2.71119988611e-05,-0.000170801387867,-0.00114456750453,-0.000921313127037,-0.000442074117018,0.00109325908124,0.000333034753567,-0.000972714391537],[4.95333051731e-06,-5.70923257328e-05,-0.000122224038932,-0.00114094361197,0.00508057372645,-0.00142316543497,0.000517933338415,-0.00128313107416,0.000386533647543,-0.00190791650675,0.00102760316804,-0.000589469389524,0.000179985931027],[-0.000197502071387,0.000310481816996,-0.00062898255419,2.71119988611e-05,-0.00142316543497,0.00704508181661,-0.00340201682411,0.00135105196387,-0.00178125163075,3.39188081853e-05,-0.00209092348814,0.00116034783423,-0.000704459263943],[-2.30588884733e-05,-8.15473140392e-06,-1.65943729371e-05,-0.000170801387867,0.000517933338415,-0.00340201682411,0.00902870018035,-0.00293333525769,-0.000682200537995,-0.000528421951458,9.4880369943e-06,-0.00169668148737,0.00215612631291],[-8.96744677448e-05,-0.000243456743192,-0.000666409963742,-0.00114456750453,-0.00128313107416,0.00135105196387,-0.00293333525769,0.0108404411003,-0.00092706293799,0.00157857208978,-0.00171003118157,0.000661414349452,-0.00135145243257],[-0.000173348729732,-1.92747484107e-05,0.000317614030791,-0.000921313127037,0.000386533647543,-0.00178125163075,-0.000682200537995,-0.00092706293799,0.010501771234,-0.00315227615647,0.00125581061002,-0.000881253101397,-0.000866569287609],[-0.000102000296465,-1.08218537207e-05,-0.000157289410708,-0.000442074117018,-0.00190791650675,3.39188081853e-05,-0.000528421951458,0.00157857208978,-0.00315227615647,0.0136381601915,-0.00481071928516,-0.000529886689037,0.001285258797],[0.00013318361016,0.000280519132502,4.43036406068e-05,0.00109325908124,0.00102760316804,-0.00209092348814,9.4880369943e-06,-0.00171003118157,0.00125581061002,-0.00481071928516,0.0136155141518,-0.0036241367925,0.00148198811803],[-0.000384014565498,-0.000396265473682,-5.56659470021e-05,0.000333034753567,-0.000589469389524,0.00116034783423,-0.00169668148737,0.000661414349452,-0.000881253101397,-0.000529886689037,-0.0036241367925,0.0171876661479,-0.00428575789556],[-0.000105119725049,0.000195935659576,0.000530139775947,-0.000972714391537,0.000179985931027,-0.000704459263943,0.00215612631291,-0.00135145243257,-0.000866569287609,0.001285258797,0.00148198811803,-0.00428575789556,0.0166751723737]],"mean":[-656.754211426,117.200416565,4.10379695892,32.7731552124,12.1820383072,1.25492274761,-3.22064399719,1.56177031994,1.59336102009,-1.74136459827,-7.54940366745,-0.85758715868,-6.56365394592]},"pitch_salience":{"dmean":0.0761639550328,"dmean2":0.121989034116,"dvar":0.0047303061001,"dvar2":0.0116703202948,"max":0.951660871506,"mean":0.562529146671,"median":0.5807518363,"min":0.0817038342357,"var":0.0153205627576},"silence_rate_20dB":{"dmean":0,"dmean2":0,"dvar":0,"dvar2":0,"max":1,"mean":1,"median":1,"min":1,"var":0},"silence_rate_30dB":{"dmean":0,"dmean2":0,"dvar":0,"dvar2":0,"max":1,"mean":1,"median":1,"min":1,"var":0},"silence_rate_60dB":{"dmean":0.00800858065486,"dmean2":0.0160183068365,"dvar":0.00794178619981,"dvar2":0.0189104154706,"max":1,"mean":0.154440149665,"median":0,"min":0,"var":0.130546987057},"spectral_centroid":{"dmean":259.437347412,"dmean2":398.069244385,"dvar":85275.265625,"dvar2":175332.046875,"max":10976.1464844,"mean":1352.68652344,"median":1379.83154297,"min":167.234664917,"var":471702.78125},"spectral_complexity":{"dmean":3.91262078285,"dmean2":6.11927938461,"dvar":20.3780403137,"dvar2":44.5791320801,"max":62,"mean":22.9840545654,"median":22,"min":0,"var":231.203948975},"spectral_contrast_coeffs":{"dmean":[0.0507915392518,0.0456961803138,0.0344704911113,0.0292918235064,0.0210807360709,0.0174542348832],"dmean2":[0.0818397700787,0.0754245370626,0.0571183674037,0.0486366078258,0.0345354042947,0.0274442117661],"dvar":[0.00173018453643,0.00133516464848,0.000724955054466,0.000544823182281,0.000350260495907,0.000276119448245],"dvar2":[0.00442500924692,0.00363631057553,0.00199313601479,0.00142675056122,0.000847952615004,0.000627059373073],"max":[-0.26117131114,-0.439919829369,-0.570721924305,-0.584226250648,-0.569461226463,-0.570953965187],"mean":[-0.607278585434,-0.742615103722,-0.795799851418,-0.791208148003,-0.793086111546,-0.761945009232],"median":[-0.607701539993,-0.748793959618,-0.799310028553,-0.794970273972,-0.798588931561,-0.757865846157],"min":[-0.971326768398,-0.973681867123,-0.970306038857,-0.96070599556,-0.959684252739,-0.95841127634],"var":[0.00613423949108,0.00469387741759,0.00254536187276,0.00232914602384,0.00180847011507,0.00298063200898]},"spectral_contrast_valleys":{"dmean":[0.381594568491,0.339329242706,0.287031680346,0.269965559244,0.250126928091,0.233879253268],"dmean2":[0.623116135597,0.562832772732,0.468532174826,0.426562935114,0.376930743456,0.322097986937],"dvar":[0.105765134096,0.0853019654751,0.0629667788744,0.0743125081062,0.0980433598161,0.10930120945],"dvar2":[0.260819643736,0.217776730657,0.148902878165,0.160614803433,0.196183025837,0.192368075252],"max":[-5.05783128738,-4.43720960617,-5.15697097778,-5.55056524277,-5.34213590622,-7.56512308121],"mean":[-7.31204795837,-6.87704133987,-7.53128671646,-7.79397439957,-7.55539751053,-10.3140306473],"median":[-6.83575248718,-6.6744427681,-7.19104957581,-7.28987884521,-7.03459835052,-9.85129737854],"min":[-26.9220790863,-26.6293315887,-27.2082843781,-27.2599487305,-27.3480930328,-27.2585029602],"var":[2.11730003357,1.14339351654,1.4938056469,2.04695081711,2.59098052979,2.40901303291]},"spectral_decrease":{"dmean":2.19929896517e-09,"dmean2":3.48848883114e-09,"dvar":8.18220674876e-18,"dvar2":2.08607704384e-17,"max":1.62120218271e-22,"mean":-7.08317537956e-09,"median":-6.61708154936e-09,"min":-3.3432407065e-08,"var":2.64566803695e-17},"spectral_energy":{"dmean":0.00853478349745,"dmean2":0.0135543905199,"dvar":0.000122906087199,"dvar2":0.00031407433562,"max":0.128433719277,"mean":0.0286950916052,"median":0.027242410928,"min":1.02581995872e-20,"var":0.000417980569182},"spectral_energyband_high":{"dmean":0.000383356848033,"dmean2":0.000587912334595,"dvar":5.66687219816e-07,"dvar2":1.31093440814e-06,"max":0.0138717219234,"mean":0.00104971334804,"median":0.000623072613962,"min":7.6209725032e-21,"var":1.79187520644e-06},"spectral_energyband_low":{"dmean":0.00666271569207,"dmean2":0.0102529078722,"dvar":0.000106292696728,"dvar2":0.000258216168731,"max":0.116568781435,"mean":0.012915590778,"median":0.00806886702776,"min":1.06344811398e-22,"var":0.000224447328947},"spectral_energyband_middle_high":{"dmean":0.00136762624606,"dmean2":0.00216389121488,"dvar":4.16267221226e-06,"dvar2":1.03402608147e-05,"max":0.0359895899892,"mean":0.00506086368114,"median":0.00366504583508,"min":1.38058090114e-21,"var":2.70109539997e-05},"spectral_energyband_middle_low":{"dmean":0.00409508077428,"dmean2":0.00671491958201,"dvar":2.87978746201e-05,"dvar2":7.86923992564e-05,"max":0.0756337791681,"mean":0.0115336906165,"median":0.0102090779692,"min":3.08261169071e-22,"var":8.33172525745e-05},"spectral_entropy":{"dmean":0.149943649769,"dmean2":0.215257287025,"dvar":0.0336018800735,"dvar2":0.0632043927908,"max":9.80106163025,"mean":7.53423786163,"median":7.73578929901,"min":4.76819896698,"var":0.401200175285},"spectral_flux":{"dmean":0.0205439478159,"dmean2":0.0328101255,"dvar":0.000578676292207,"dvar2":0.00134741282091,"max":0.297917604446,"mean":0.0812875255942,"median":0.0806109756231,"min":1.01282773834e-10,"var":0.00221915566362},"spectral_kurtosis":{"dmean":1.91232025623,"dmean2":3.15039229393,"dvar":16.2945652008,"dvar2":42.1686668396,"max":146.791702271,"mean":6.93324899673,"median":3.7659573555,"min":-1.17288208008,"var":144.43371582},"spectral_rms":{"dmean":0.000717024493497,"dmean2":0.00112165918108,"dvar":6.07098058936e-07,"dvar2":1.52353356953e-06,"max":0.0111938016489,"mean":0.00481126876548,"median":0.00515538174659,"min":3.16354234475e-12,"var":4.84710471937e-06},"spectral_rolloff":{"dmean":505.252349854,"dmean2":836.00793457,"dvar":629859.3125,"dvar2":1356814.625,"max":19013.8183594,"mean":1453.34838867,"median":1184.32617188,"min":86.1328125,"var":1698506.75},"spectral_skewness":{"dmean":0.221345752478,"dmean2":0.350641697645,"dvar":0.0886504203081,"dvar2":0.213625863194,"max":10.2479686737,"mean":1.68469142914,"median":1.41310667992,"min":0.00864302087575,"var":1.16942214966},"spectral_spread":{"dmean":439128,"dmean2":600911.75,"dvar":405072871424,"dvar2":655019933696,"max":40961724,"mean":4436546,"median":4291720,"min":757610.3125,"var":2715807383550.0},"spectral_strongpeak":{"dmean":0.348300218582,"dmean2":0.600631535053,"dvar":0.432253092527,"dvar2":1.10647690296,"max":11.5710086823,"mean":0.604696631432,"median":0.386669874191,"min":0,"var":0.602874875069},"zerocrossingrate":{"dmean":0.0102807553485,"dmean2":0.0118835242465,"dvar":0.000139496172778,"dvar2":0.000161740346812,"max":0.50927734375,"mean":0.0606219023466,"median":0.05712890625,"min":0.00537109375,"var":0.00119422376156}},"metadata":{"audio_properties":{"analysis_sample_rate":44100,"bit_rate":192000,"codec":"mp3","downmix":"mix","equal_loudness":0,"length":324.728149414,"lossless":false,"md5_encoded":"1a2ee13e3444d4700e22a40d6125945f","replay_gain":-4.33125114441,"sample_rate":44100},"tags":{"acoustid_fingerprint":["AQADtMuUJdOSSAneh8KHbVdwHdcRXvIhjkV4HT1T-LPRJ_hwGf3Q_Hg-_MKPHlOc4EfyB3mOnhWaX_iC9_DxDD--PUEP7xneFHfho5aQ94fWI72DWulRwk5u9MVZ9PDRs8EnGvzxCNXRH0f-BprFOMhfHJdw4ib8jDgu5Qh3By-O_2iOG-KRH83r4CGaC32I8-BudE0eOCdKHshvPNAs4ojLHA97OJRObH_wo-QL9DvcLSWew0XxLMZF4zmOkhqaXziPr3hi_KiF5hMeBfeG0LZwiEf0RERPB3_xH30R5kxFqAoRPnzQvLgyAz3R87iFUyGu1_iNKfvR_fg4vbh49DiHdLiWB3qKNNlwZR-acceHL5twVD2sSkflPPiLJzr-YXuEI6l4hJGWFpV0BR8e9EPzCDeDPD8eVG0IX8gZfEvkw38G_2CWJUN-6AglOFOyRyjZDj-O5hcuSdHQkxFO9A7MN-ia46aIMKxyoZcJ_ciTpUXJ-nBFow9O0QjVRMnhSQkkaJF2fDuuEGlf4wri1EY7HVoaIhePJzjOo82WDk16fAvOgzkHOzvaiDf4BWEj2DkqySnkLhdC3fixjcQzFrOw0_Cz4-pxfKGxMQrRE013tMlkvBIjRBceaEF9FY_CMMGlDQ3CTTqedMi1dLgeI-rRRCz6HHmOH5qVw26Kd0ijPEPHesW5HX6O52j2o8yOaznypgKPJkkPTRfxG-8O7WGM_dCe46I6hIIVdmipGLN0fPjRxBIuiuDxwz2S70EWSf_xH-0k48dzPAx89Mc_NFsSoY-RfDny4zr2Fw_6D82z48dz_Dn6PvAa4fjxYseP7TtsLehx5PKhfTnS-MW5HC2XCi-OKY-C6iayUOEDSxyLT4d34X_g7kV_4UT5CKJDI6Oi5EcTOcezGM07TGR2_MZ_ND2m58JJFflIvDeyHzmvoz7EE-WPS8iXXOiegRozfMelH_zxF1cr2AnwPIEdPagdnEHPw9HRmRX6I-2RjNOPk5jCEH3Y4zfOUSPKFWaIHzkPLTuxT_IQi08Ccg6q72hM3A_xH72GXziRfoLIqEV-MMdLXFyOD8kupB-eGL_hjnhQH3kIDWHIFzxx9Evgwx-YRjzuCup5ouUOpzkeSVtwLURfXNIQPsohugjP4OnxTGgqxqhM9Dk864ipHclh6R6uH76HB76ERxlyTTv0ImVwnGnx48uJj6CiB-fRgnm0wbYV9EAYLtGJolyy4DnEfOiP8iGs7tCJb_CzC-ehGk-O_7ikFPly_Beu3IU_DnmqQ0fOXGi-BHyOM0V_IvWhdULo7Ydzheiq48czfEYYHZqO7ML74Mfx40twJOcRH71D-Md1C023PLiG_NByhM-OMzj27MEvNLHQRxtyI3kiHf0Jx1IaFV1p_MR5BMpztApjNNfxH9pIOKbxcGjeDjrxBWGeo88y3AiPRsUPLbqE4orR-fD5IA9xHV8K5wipUfhT9IfITPh3eD3COUUuoQ9xFs4h5XrxXvjRaYe_BJeUQz8egj74wzxueFUOadbxxbBEwtMD_jhPiF_gCiE3vHtQVURTHkd8oSEJbUV_uA50afjRBz_0fGAiPaiVWeiJJg7xB1qYy-gV5Kh2NI9iHP2DlE6O6xv46bihZ4FOgvxQUQ90_KiVPWgfqFfwo9SPNzgPPhKcvei141suHFqfoJF3_KBHaCe-Hj-8H1mmx-AjlMvhkcGzPQhJGseJirbwHTp3-IeuKRpqHz8qPYblocelTODRxoanM0EvSKN2HN3R_MF59BEeHToRPsLRbD0qjscPZieDl4d5vD-6bSmOLGdwDv8G3XiMW