{"lowlevel":{"average_loudness":0.959648907185,"barkbands":{"dmean":[0.000490775099024,0.00682965526357,0.00399420084432,0.00153309770394,0.00237038801424,0.00148307264317,0.00106745003723,0.0008378198836,0.000683276855852,0.000613517884631,0.000405255850637,0.000635513511952,0.000329940638039,0.000386735773645,0.000254639890045,0.000273207348073,0.000350017013261,0.000190653954633,0.000179176495294,0.000164976634551,0.000111461165943,9.60490506259e-05,6.52132439427e-05,7.23515768186e-05,6.6855987825e-05,3.37621495419e-05,7.08992229193e-06],"dmean2":[0.000768848170992,0.0113356644288,0.00683251116425,0.00259418273345,0.00391028961167,0.0024345908314,0.00176731613465,0.00137797510251,0.00111464678776,0.000964426610153,0.000655953364912,0.00097433407791,0.000518085435033,0.000631198578048,0.000423313817009,0.00045232361299,0.000569191295654,0.000309046299662,0.000297128455713,0.000289627292659,0.000192807754502,0.000161480580573,0.000109124885057,0.000111580120574,9.7110925708e-05,4.8595964472e-05,1.08100648504e-05],"dvar":[5.40234566415e-07,0.000141390046338,4.36276350229e-05,5.98535507379e-06,2.04541393032e-05,4.41796055384e-06,2.77696449302e-06,2.05893138627e-06,1.35332527407e-06,1.56981934651e-06,5.57177145311e-07,1.82402777682e-06,5.03981027578e-07,7.29649968889e-07,3.07016961187e-07,2.43699844305e-07,3.99965244924e-07,9.95204629817e-08,1.04499775944e-07,1.40562704587e-07,5.93644386981e-08,4.51439099436e-08,2.31358203706e-08,2.77278981997e-08,2.03652099628e-08,5.08464026439e-09,2.39728265017e-10],"dvar2":[1.31245360535e-06,0.000360875070328,0.000125284175738,1.59695973707e-05,5.45236616745e-05,1.18620946523e-05,7.16633394404e-06,5.43068745174e-06,3.45286889569e-06,3.76425737159e-06,1.17475565276e-06,3.93929622078e-06,1.22271330838e-06,1.90062837646e-06,7.78439243732e-07,6.13546660588e-07,1.00412034953e-06,2.43865287075e-07,2.60830205434e-07,4.04392523023e-07,1.5506731188e-07,1.15243189214e-07,6.23065616878e-08,6.09416730413e-08,4.07360225552e-08,1.1142615719e-08,5.35154864867e-10],"max":[0.00868483260274,0.132659554482,0.0799575895071,0.0646018832922,0.0606888756156,0.0302603449672,0.02531693317,0.0227698516101,0.0277297981083,0.0380196645856,0.0261675398797,0.0355202592909,0.0192311070859,0.0190314985812,0.0135398348793,0.00936772953719,0.0147146452218,0.00751897320151,0.00861950684339,0.00464875996113,0.00560379074886,0.00360919814557,0.00248458795249,0.0040631541051,0.00497664604336,0.00107102119364,0.000310910952976],"mean":[0.000735204434022,0.0111795803532,0.0055258795619,0.00220766779967,0.00384944071993,0.00262363837101,0.00173801835626,0.0013684410369,0.0012530850945,0.00118717248552,0.000670593290124,0.00123899697792,0.000593916804064,0.000691767723765,0.000487871613586,0.000556352664717,0.000731566397008,0.000436181377154,0.00038143270649,0.000328977854224,0.000210150654311,0.000175876441062,0.000130978471134,0.000164719545865,0.000151624233695,6.61991434754e-05,1.1496850675e-05],"median":[0.000373724615201,0.00772307720035,0.00372294452973,0.00146195513662,0.00262235105038,0.00173994235229,0.00098357303068,0.000653580995277,0.000663458253257,0.000478356785607,0.00038416867028,0.00039971107617,0.000215387452045,0.000287204282358,0.000225420255447,0.000309547758661,0.000412100547692,0.000245315255597,0.000220793226617,0.000259341584751,0.000128271669382,8.48646595841e-05,7.13064218871e-05,9.04094267753e-05,8.67226481205e-05,3.39866892318e-05,4.35956872025e-06],"min":[2.03312632009e-23,9.23313853036e-23,5.82366276533e-23,2.45652406068e-23,4.69747547071e-23,5.60284229639e-23,3.28789210469e-23,2.63266676117e-23,4.55934908165e-23,1.14374317319e-22,3.67977769202e-23,8.36061356189e-23,1.11294465505e-22,7.46775365254e-23,1.85788380456e-22,9.91827116852e-23,1.88955877871e-22,1.40083458303e-22,2.34305926212e-22,4.28939696713e-22,3.66365583637e-22,5.19381324697e-22,6.12252139399e-22,9.32201147372e-22,1.21375729221e-21,2.15100179774e-21,2.07365475591e-21],"var":[9.8165730833e-07,0.000183955737157,4.4615509978e-05,8.18969510874e-06,2.35563475144e-05,8.5788551587e-06,5.24688266523e-06,4.41715747002e-06,3.30783063873e-06,5.51624179934e-06,1.75950378889e-06,5.8403093135e-06,1.01416139842e-06,1.59947796874e-06,9.37590016292e-07,6.31521913874e-07,1.05878723389e-06,3.61438537766e-07,2.56053795056e-07,1.51841078377e-07,9.82107195568e-08,7.65603545005e-08,3.60922847165e-08,6.4408709477e-08,5.0781320482e-08,9.35335009444e-09,3.89798943123e-10]},"barkbands_crest":{"dmean":2.6346309185,"dmean2":4.29632806778,"dvar":6.5443406105,"dvar2":16.3838100433,"max":25.7841682434,"mean":9.58609771729,"median":8.54175567627,"min":2.51808643341,"var":18.6159229279},"barkbands_flatness_db":{"dmean":0.0207376535982,"dmean2":0.0315174534917,"dvar":0.000610691378824,"dvar2":0.00120469322428,"max":0.550914525986,"mean":0.130759254098,"median":0.0993749499321,"min":0.0263189598918,"var":0.00890337303281},"barkbands_kurtosis":{"dmean":3.43181681633,"dmean2":5.72274017334,"dvar":155.111450195,"dvar2":423.94229126,"max":308.053405762,"mean":4.27377319336,"median":1.69692707062,"min":-1.80582809448,"var":130.576934814},"barkbands_skewness":{"dmean":0.551758408546,"dmean2":0.873378694057,"dvar":0.595606386662,"dvar2":1.49676311016,"max":14.2727146149,"mean":1.57886254787,"median":1.42920219898,"min":-2.59484553337,"var":1.40945255756},"barkbands_spread":{"dmean":5.20883750916,"dmean2":8.12524795532,"dvar":36.9309425354,"dvar2":81.2045669556,"max":103.383201599,"mean":23.353515625,"median":22.9181022644,"min":0.4083802104,"var":162.643508911},"dissonance":{"dmean":0.0179255343974,"dmean2":0.0304115582258,"dvar":0.0005172342062,"dvar2":0.00137743144296,"max":0.500000238419,"mean":0.468384414911,"median":0.477079749107,"min":0.162848711014,"var":0.00104704685509},"dynamic_complexity":3.44402551651,"erbbands":{"dmean":[0.23453861475,1.54179286957,4.28982830048,4.78921413422,6.41208362579,9.31719875336,9.70411777496,12.2952079773,13.9709444046,16.5623188019,18.438079834,15.0590248108,20.8641853333,16.1896533966,11.7222948074,27.7392177582,15.8154754639,19.9007701874,13.2727937698,10.1546020508,17.0511760712,17.4629173279,10.0342216492,10.0031909943,8.15804958344,8.20506191254,4.72269153595,4.44847202301,3.62455010414,2.39742922783,1.86992633343,1.57531774044,1.21174275875,0.862392067909,0.447745680809,0.165037095547,0.0646404400468,0.0115757863969,0.00134087807965,4.02549085265e-05],"dmean2":[0.382821619511,2.59840655327,7.36507511139,8.14498710632,10.6089010239,15.3258266449,15.8860378265,20.2859783173,22.7964611053,27.3413238525,30.2567691803,24.631603241,33.123588562,25.5446510315,19.1223106384,42.2240104675,24.3928661346,32.2186698914,21.7634754181,16.6681461334,27.8796520233,28.5042591095,16.3048934937,16.5570468903,13.6778488159,14.4045915604,8.0113735199,7.64474773407,6.12112855911,4.12630796432,3.11977958679,2.51647853851,1.85219442844,1.28569197655,0.654257297516,0.240429580212,0.0947283729911,0.0170913841575,0.0020677219145,6.28728739684e-05],"dvar":[0.161769583821,8.00559520721,54.731262207,62.0987892151,79.4286575317,445.49520874,200.992782593,365.808349609,534.407592773,731.882751465,927.863586426,738.846374512,2029.90612793,992.341552734,384.471313477,3922.65625,996.354980469,1991.34375,655.480895996,479.937408447,973.67578125,912.257446289,277.942016602,320.4090271,250.82673645,337.800689697,89.277305603,100.302680969,71.1661376953,35.9774894714,18.9358177185,12.9387483597,8.07643604279,3.9920976162,0.731335580349,0.113661237061,0.0190913677216,0.000633450457826,8.61334410729e-06,6.07303629607e-09],"dvar2":[0.3797480762,21.6800460815,156.598114014,173.138870239,213.783615112,1165.17419434,524.718078613,971.957702637,1356.58862305,1929.47802734,2379.21679688,1923.61450195,4900.36572266,2013.27661133,968.276184082,8387.36035156,2337.93066406,5159.15673828,1631.26281738,1205.96533203,2422.58837891,2314.65869141,684.809753418,787.318603516,676.715820313,970.403015137,231.848907471,261.64163208,181.923828125,98.3935470581,51.0824356079,29.8163089752,17.7051181793,8.32600688934,1.48059797287,0.240072712302,0.0429457686841,0.00140174373519,1.9347480702e-05,1.40928886339e-08],"max":[5.04860973358,30.170999527,85.3574371338,184.279998779,138.250183105,290.833343506,195.773422241,364.407226563,412.648345947,444.295806885,532.012451172,775.173706055,1393.1151123,961.572021484,624.515625,1833.07287598,813.731628418,976.916137695,673.729125977,555.584472656,559.494567871,718.532836914,396.235168457,618.238891602,208.890655518,226.203353882,268.733428955,222.246261597,156.622741699,112.549705505,77.2121353149,105.502632141,69.6712188721,76.9345550537,20.5456581116,6.20603275299,2.28354120255,0.472891569138,0.0577254742384,0.00151378312148],"mean":[0.376219809055,2.31176900864,6.09301900864,7.45117950439,10.2294139862,13.3544378281,16.0844039917,21.0155735016,23.907459259,28.3006343842,32.2389831543,28.3729381561,39.2015991211,32.6174545288,22.6139717102,55.1910247803,32.2516593933,37.5458221436,29.231716156,22.5198173523,36.9394493103,38.9526367188,25.4238586426,22.2859268188,17.0975818634,16.3440933228,10.2168941498,7.86869525909,6.48567152023,4.28719854355,3.74548172951,3.40926480293,2.68980431557,1.91013288498,0.96222448349,0.333556056023,0.120548464358,0.0216502211988,0.00208684359677,9.60630204645e-05],"median":[0.236612528563,1.57975077629,4.15520095825,5.28538894653,7.12946224213,7.67266845703,10.2817325592,12.809627533,14.0395431519,14.5503463745,16.5050582886,16.1470184326,16.014541626,16.2436828613,14.1253910065,17.6283836365,14.9696521759,16.3967895508,14.8344993591,12.3999013901,20.2720985413,23.6493988037,14.8804941177,13.2553091049,10.5106868744,12.9967346191,7.31094264984,4.40644979477,2.99499702454,2.07626152039,2.08436846733,1.90437245369,1.40062355995,1.07191812992,0.548422455788,0.174646303058,0.060322381556,0.0104930885136,0.00071823556209,7.0541180321e-05],"min":[5.0887803933e-21,1.27249466857e-20,5.34487534939e-20,6.86826868037e-20,1.79932126703e-19,1.24433800597e-19,1.8187910307e-19,6.11698356923e-19,3.09183026523e-19,6.91969617926e-19,6.20806752841e-19,6.05746740717e-19,2.3697132227e-18,2.93922314533e-18,2.0316037677e-18,3.56703896139e-18,5.13396636857e-18,5.26798617142e-18,6.57199628885e-18,7.44839580221e-18,6.34684268919e-18,9.90975608728e-18,7.52800697308e-18,1.28937555531e-17,1.28561469594e-17,1.77799279751e-17,1.61217220145e-17,1.56248726709e-17,1.95236329782e-17,1.41369269501e-17,1.79374463248e-17,1.94202155493e-17,1.50530791094e-17,1.36590448579e-17,9.63402535626e-18,8.10473135823e-18,3.53620290893e-18,1.27539721626e-18,3.01624146688e-19,2.9767192942e-20],"var":[0.243701413274,8.38754653931,52.2827186584,77.2511444092,118.659713745,461.797637939,366.302154541,690.770141602,1013.49023438,1626.2578125,1953.3939209,1668.6348877,6031.82226563,4840.421875,872.650878906,12769.2177734,2284.74072266,4370.62255859,2320.75341797,1512.5994873,2528.36816406,2611.89355469,1124.91760254,899.879394531,444.801818848,370.550628662,177.138946533,153.477325439,116.648139954,46.472366333,29.256860733,26.2387657166,19.6255111694,9.53544044495,1.76339697838,0.23343667388,0.0319614633918,0.00109100888949,1.39245003083e-05,1.01856727497e-08]},"erbbands_crest":{"dmean":2.32623791695,"dmean2":3.76133489609,"dvar":5.24007320404,"dvar2":12.9941082001,"max":34.0669250488,"mean":8.65139865875,"median":7.23057556152,"min":2.23172926903,"var":24.9318161011},"erbbands_flatness_db":{"dmean":0.0148879261687,"dmean2":0.0218464564532,"dvar":0.000334202632075,"dvar2":0.000624466338195,"max":0.578670203686,"mean":0.14551705122,"median":0.119622334838,"min":0.0301928184927,"var":0.00881658867002},"erbbands_kurtosis":{"dmean":0.810312271118,"dmean2":1.30498027802,"dvar":6.55922746658,"dvar2":18.777431488,"max":116.6016922,"mean":0.300261706114,"median":-0.190757602453,"min":-1.71880161762,"var":6.44597005844},"erbbands_skewness":{"dmean":0.311703890562,"dmean2":0.484563618898,"dvar":0.140504285693,"dvar2":0.350282490253,"max":9.64484500885,"mean":0.179507121444,"median":0.195997625589,"min":-2.62602329254,"var":0.446481347084},"erbbands_spread":{"dmean":7.57255935669,"dmean2":11.9052906036,"dvar":78.2848815918,"dvar2":186.780471802,"max":132.584503174,"mean":39.4224090576,"median":38.1757049561,"min":0.787684738636,"var":333.26739502},"gfcc":{"cov":[[20952.9042969,-1418.26635742,2724.94799805,3089.60717773,-307.327819824,1258.45544434,-772.002197266,962.244812012,-719.291015625,416.370788574,-292.305206299,573.102172852,392.86050415],[-1418.26635742,1347.88977051,-60.2006988525,-73.3422241211,146.901550293,-276.162231445,100.919700623,-185.071075439,85.5026779175,-118.993499756,84.2328948975,-75.518661499,88.4027328491],[2724.94799805,-60.2006988525,1771.39501953,914.639343262,10.8470640182,237.114700317,-183.473907471,146.094787598,-230.468215942,39.2278289795,-127.215789795,172.772079468,170.283676147],[3089.60717773,-73.3422241211,914.639343262,1023.41424561,4.03095149994,170.804519653,-154.610839844,145.304290771,-144.560638428,16.2477874756,-92.0186843872,103.353523254,146.40687561],[-307.327819824,146.901550293,10.8470640182,4.03095149994,227.128494263,9.94853496552,13.2937602997,2.80904960632,27.0215072632,-0.374929219484,8.85991859436,-13.2435722351,2.57150936127],[1258.45544434,-276.162231445,237.114700317,170.804519653,9.94853496552,262.620147705,3.25054717064,86.2193145752,-64.1605758667,63.6324882507,-20.5341243744,39.0651931763,-4.0380320549],[-772.002197266,100.919700623,-183.473907471,-154.610839844,13.2937602997,3.25054717064,196.008575439,-2.30780982971,62.992401123,-21.6532669067,15.2081766129,-50.2699584961,-27.5686187744],[962.244812012,-185.071075439,146.094787598,145.304290771,2.80904960632,86.2193145752,-2.30780982971,170.204864502,-2.9316983223,22.7904472351,-31.0018310547,26.2854671478,10.4706535339],[-719.291015625,85.5026779175,-230.468215942,-144.560638428,27.0215072632,-64.1605758667,62.992401123,-2.9316983223,130.476730347,-1.98549497128,32.2327003479,-37.5814819336,-24.1596736908],[416.370788574,-118.993499756,39.2278289795,16.2477874756,-0.374929219484,63.6324882507,-21.6532669067,22.7904472351,-1.98549497128,95.7974624634,29.2090587616,17.1263751984,-11.5646829605],[-292.305206299,84.2328948975,-127.215789795,-92.0186843872,8.85991859436,-20.5341243744,15.2081766129,-31.0018310547,32.2327003479,29.2090587616,89.2469024658,10.0496435165,-14.7919406891],[573.102172852,-75.518661499,172.772079468,103.353523254,-13.2435722351,39.0651931763,-50.2699584961,26.2854671478,-37.5814819336,17.1263751984,10.0496435165,92.8611984253,39.8509483337],[392.86050415,88.4027328491,170.283676147,146.40687561,2.57150936127,-4.0380320549,-27.5686187744,10.4706535339,-24.1596736908,-11.5646829605,-14.7919406891,39.8509483337,86.2846908569]],"icov":[[0.000172860716702,-0.000161256553838,0.000154831286636,-0.000357763667125,0.000279003405012,-0.000491167942528,0.000375002069632,-0.000580701511353,0.000292803480988,-0.000403601821745,0.000237841770286,-0.000333098316332,6.11455470789e-05],[-0.000161256553838,0.00195209821686,-0.000532632984687,0.000256675353739,-0.00117073603906,0.00159830169287,-0.0011058151722,0.001501388615,-0.000286514085019,0.00175825634506,-0.0028225586284,0.0023609821219,-0.00249486323446],[0.000154831286636,-0.000532632984687,0.00154049030971,-0.00109552766662,0.000206819662708,-0.000801258895081,0.000365574349416,-0.000644687155727,0.00110103981569,-0.0011869991431,0.00181040598545,-0.00187939277384,0.000138395073009],[-0.000357763667125,0.000256675353739,-0.00109552766662,0.00311168539338,-0.000482068338897,0.00018376710068,0.000324027525494,0.000108941923827,-0.000393229915062,0.00128000916447,-0.000573792611249,0.00171633891296,-0.00246822321787],[0.000279003405012,-0.00117073603906,0.000206819662708,-0.000482068338897,0.00563000049442,-0.00217149779201,0.00132706889417,-0.00136751856189,-0.000940012687352,-0.000714152818546,0.00075188302435,-0.000267779512797,0.000553154502995],[-0.000491167942528,0.00159830169287,-0.000801258895081,0.00018376710068,-0.00217149779201,0.009810263291,-0.00436057941988,0.000300325191347,0.00272462982684,-0.00273553328589,-0.000599198741838,-0.00016450889234,0.00133192038629],[0.000375002069632,-0.0011058151722,0.000365574349416,0.000324027525494,0.00132706889417,-0.00436057941988,0.00927398633212,-0.00233961129561,-0.00239330693148,0.00198330916464,-0.00052129739197,0.00235595460981,-0.000424099562224],[-0.000580701511353,0.001501388615,-0.000644687155727,0.000108941923827,-0.00136751856189,0.000300325191347,-0.00233961129561,0.0113747622818,-0.00407234346494,0.000690702057909,0.0017136282986,-0.000765237899031,-0.000280344684143],[0.000292803480988,-0.000286514085019,0.00110103981569,-0.000393229915062,-0.000940012687352,0.00272462982684,-0.00239330693148,-0.00407234346494,0.0146057102829,-0.00263826665469,-0.00250861723907,0.00164369400591,-0.000113486225018],[-0.000403601821745,0.00175825634506,-0.0011869991431,0.00128000916447,-0.000714152818546,-0.00273553328589,0.00198330916464,0.000690702057909,-0.00263826665469,0.0189498364925,-0.00979107432067,0.00348851340823,-0.000838574022055],[0.000237841770286,-0.0028225586284,0.00181040598545,-0.000573792611249,0.00075188302435,-0.000599198741838,-0.00052129739197,0.0017136282986,-0.00250861723907,-0.00979107432067,0.0234716292471,-0.011213873513,0.00597298238426],[-0.000333098316332,0.0023609821219,-0.00187939277384,0.00171633891296,-0.000267779512797,-0.00016450889234,0.00235595460981,-0.000765237899031,0.00164369400591,0.00348851340823,-0.011213873513,0.0239443834871,-0.0113131245598],[6.11455470789e-05,-0.00249486323446,0.000138395073009,-0.00246822321787,0.000553154502995,0.00133192038629,-0.000424099562224,-0.000280344684143,-0.000113486225018,-0.000838574022055,0.00597298238426,-0.0113131245598,0.0238313432783]],"mean":[10.5486268997,88.4277038574,-107.089988708,23.9838027954,-47.5745697021,12.4828805923,-33.6168556213,14.5052976608,-21.7376880646,5.08796215057,-13.7263450623,1.01372313499,-12.3435754776]},"hfc":{"dmean":6.16817188263,"dmean2":9.81316757202,"dvar":103.664230347,"dvar2":270.505065918,"max":122.508338928,"mean":25.7111721039,"median":24.6694374084,"min":1.14765261647e-16,"var":317.634429932},"melbands":{"dmean":[0.00192164501641,0.00207203696482,0.000802878930699,0.000578107952606,0.000328041496687,0.000278702675132,0.000219210051,0.000176266679773,0.00015486808843,9.50242392719e-05,0.000103737795143,6.48431523587e-05,4.36340997112e-05,5.96518730163e-05,6.17745827185e-05,3.36255543516e-05,4.14433379774e-05,2.24873019761e-05,1.85184198926e-05,1.61790885613e-05,2.25299427257e-05,2.14135889109e-05,1.24070602396e-05,8.86115321919e-06,8.85920508154e-06,6.7458331614e-06,6.20438913757e-06,5.7158472373e-06,3.23720405504e-06,2.88900923806e-06,2.70353052656e-06,2.30861064665e-06,1.6108942873e-06,1.30776652441e-06,1.21453501833e-06,1.029092914e-06,9.84906250778e-07,9.35710602334e-07,8.25144923056e-07,7.75259650254e-07],"dmean2":[0.0031647621654,0.00353060849011,0.00135644827969,0.0009598332108,0.000536208041012,0.00045840718667,0.000358475226676,0.000290703144856,0.000252194731729,0.000155455432832,0.000164831915754,0.000102502053778,7.17046132195e-05,9.24306805246e-05,9.40803511185e-05,5.28142263647e-05,6.75489573041e-05,3.69879890059e-05,3.09936040139e-05,2.64690897893e-05,3.67236898455e-05,3.5040822695e-05,2.05540764e-05,1.43797924466e-05,1.4761832972e-05,1.10893952296e-05,1.08696804091e-05,1.00298066172e-05,5.51216135136e-06,5.01530394104e-06,4.61897070636e-06,3.90733976019e-06,2.76000719168e-06,2.24814129979e-06,2.05581113732e-06,1.67842370047e-06,1.5755658751e-06,1.46288971337e-06,1.2684961348e-06,1.17549666356e-06],"dvar":[1.09304810394e-05,1.34204838105e-05,1.4755975144e-06,1.28016063172e-06,2.52306023185e-07,1.73766807166e-07,1.20412323668e-07,8.9282117699e-08,6.6114381525e-08,3.1278354129e-08,5.06687491963e-08,1.62356226241e-08,5.32242738771e-09,1.89457622923e-08,1.79768857578e-08,5.59144686108e-09,9.57953005809e-09,1.84925597058e-09,2.13401807336e-09,8.76252348458e-10,1.87023707632e-09,1.52607437798e-09,4.22346102535e-10,2.28085786369e-10,2.56870358317e-10,1.46830436698e-10,2.00357633262e-10,1.5186953084e-10,3.76357348064e-11,4.44369645247e-11,3.25491751607e-11,2.64970025088e-11,1.55615190872e-11,8.93476959085e-12,7.50561158364e-12,5.71618143444e-12,5.0594363768e-12,4.11638691883e-12,5.23722861953e-12,2.77867594385e-12],"dvar2":[2.65515118372e-05,3.82544894819e-05,4.06884328186e-06,3.40065753335e-06,6.71328905355e-07,4.61961036535e-07,3.06904155423e-07,2.34505222352e-07,1.65314276046e-07,8.24426251711e-08,1.22566675032e-07,3.34377538991e-08,1.29329196241e-08,4.13611473959e-08,3.86752496695e-08,1.34005828656e-08,2.47323370672e-08,4.60758098342e-09,5.64217028654e-09,2.22084173274e-09,4.64288651969e-09,3.88007359575e-09,1.06667696897e-09,5.48982304061e-10,6.34965913182e-10,3.66451757827e-10,5.76810044173e-10,4.34688757212e-10,9.89679449503e-11,1.17880968875e-10,8.22990009475e-11,6.69308705681e-11,4.12785951254e-11,2.43001278821e-11,2.07089050769e-11,1.35824424624e-11,1.18981604083e-11,9.35341821356e-12,1.148200892e-11,5.93580306435e-12],"max":[0.041197668761,0.0385352224112,0.0254738647491,0.0153377139941,0.00662556104362,0.00718731852248,0.00563142867759,0.00505183171481,0.00483861751854,0.00532172294334,0.00708145741373,0.00417847093195,0.00184655655175,0.00366315199062,0.00401646876708,0.00193257699721,0.00223807641305,0.00123741093557,0.00149453233462,0.000812812359072,0.000982833094895,0.000910428876523,0.000512079626787,0.00034677592339,0.000575118232518,0.00031100679189,0.000200290072826,0.000156513153343,0.000199778296519,0.000185277720448,0.000140584030305,9.26369903027e-05,6.73374161124e-05,5.26384574187e-05,4.66078854515e-05,7.44608041714e-05,7.1765804023e-05,4.35873080278e-05,7.08138759364e-05,6.25942411716e-05],"mean":[0.00321676535532,0.00318234204315,0.00137454364449,0.000879719213117,0.000555786537006,0.000486927165184,0.000373989401851,0.000302803877275,0.000267991737928,0.000174227752723,0.000190630875295,0.000126739600091,7.54728389438e-05,0.000115323629871,0.00011977765098,6.1410239141e-05,7.19885865692e-05,4.70303384645e-05,3.43001229339e-05,3.2197614928e-05,4.55963381683e-05,4.33417772001e-05,2.79193591268e-05,1.98631314561e-05,1.79975140782e-05,1.34421698021e-05,1.11291992653e-05,1.07708365249e-05,6.73988870403e-06,4.83212897961e-06,4.57191526948e-06,3.97411986341e-06,2.66170536634e-06,2.27048371926e-06,2.22854009735e-06,2.05781361728e-06,2.03730223802e-06,1.93690857486e-06,1.6866659962e-06,1.60881313604e-06],"median":[0.00213979487307,0.0023587718606,0.00108494353481,0.000569762196392,0.000367573898984,0.000306703033857,0.000218119937927,0.000149271101691,0.000132314758957,9.65851068031e-05,7.32148182578e-05,5.97081525484e-05,4.67476565973e-05,4.16647890233e-05,3.90809072996e-05,2.0205608962e-05,2.73635378107e-05,2.33754435612e-05,1.59499031724e-05,1.79571652552e-05,2.25380445045e-05,2.43577469519e-05,1.63241384143e-05,1.05167591755e-05,1.03983547888e-05,7.11809616405e-06,7.84339590609e-06,8.3885706772e-06,4.77237881569e-06,2.80732820102e-06,2.5119552447e-06,1.83941165233e-06,1.16299179354e-06,1.13247551781e-06,1.23909603644e-06,1.04170362647e-06,1.15472084872e-06,1.0332621514e-06,8.00359202913e-07,9.1048525519e-07],"min":[3.48209262016e-23,2.27777575262e-23,1.66079438579e-23,1.2089670448e-23,5.94403852185e-24,1.24052810744e-23,5.32686688176e-24,7.71137567263e-24,5.02593459022e-24,4.7114260025e-24,1.33450431822e-23,1.3731181129e-23,5.03417739782e-24,7.95380051742e-24,1.10928232097e-23,1.29805121356e-23,8.80407739955e-24,7.35347579082e-24,1.56401803434e-23,7.38604864646e-24,7.51326351148e-24,1.01218947853e-23,8.68258729812e-24,6.38343167947e-24,1.16350309757e-23,6.66525223786e-24,1.27924019419e-23,1.16294908055e-23,1.06276666438e-23,9.7847009245e-24,8.51320387342e-24,1.29894136421e-23,8.15653224803e-24,6.77644139359e-24,7.78854441297e-24,1.71936841241e-23,8.83565313501e-24,9.25797060948e-24,1.25613611488e-23,1.10736373236e-23],"var":[1.58189668582e-05,1.26847917272e-05,1.98140401153e-06,1.42323528962e-06,4.03303914709e-07,3.37130416028e-07,2.34220962625e-07,2.05310797696e-07,1.46096283515e-07,6.99771618429e-08,1.50255146991e-07,7.98041170924e-08,1.28010109179e-08,5.91344253564e-08,5.1851746008e-08,1.29234969393e-08,2.00091179181e-08,6.13537798344e-09,5.38603561751e-09,2.37587571839e-09,4.57298687806e-09,3.90862409105e-09,1.44511469458e-09,8.74561312258e-10,6.66584287767e-10,3.47913253762e-10,2.01954369894e-10,1.72697287026e-10,7.6645162439e-11,6.16418027732e-11,5.40146191663e-11,4.52015751218e-11,2.10302192327e-11,1.2351221608e-11,1.02455405271e-11,1.12192807128e-11,9.52436740587e-12,9.34294915739e-12,1.14163947393e-11,6.15822757372e-12]},"melbands_crest":{"dmean":3.41855311394,"dmean2":5.53767108917,"dvar":9.83763599396,"dvar2":24.4202213287,"max":32.719745636,"mean":14.2534580231,"median":13.2981357574,"min":3.24123096466,"var":28.6289138794},"melbands_flatness_db":{"dmean":0.0266544539481,"dmean2":0.0404800586402,"dvar":0.000948186556343,"dvar2":0.00186521769501,"max":0.686428308487,"mean":0.212887898088,"median":0.185785472393,"min":0.00673632370308,"var":0.00889256689698},"melbands_kurtosis":{"dmean":8.3383846283,"dmean2":13.8704471588,"dvar":599.909362793,"dvar2":1644.20947266,"max":600.505859375,"mean":13.6675462723,"median":7.86227798462,"min":-1.66792285442,"var":547.863647461},"melbands_skewness":{"dmean":0.772341012955,"dmean2":1.23862373829,"dvar":1.06818664074,"dvar2":2.7632689476,"max":17.3888149261,"mean":2.69822072983,"median":2.46708440781,"min":-2.3757557869,"var":2.64705634117},"melbands_spread":{"dmean":5.94205713272,"dmean2":9.44889354706,"dvar":53.2051429749,"dvar2":123.876586914,"max":157.590118408,"mean":21.1448154449,"median":19.739616394,"min":0.327642828226,"var":168.014480591},"mfcc":{"cov":[[16736.6542969,-144.176040649,1497.97021484,1896.42346191,727.69329834,466.545623779,393.031707764,292.476867676,272.622711182,-130.166763306,-464.47277832,-92.528465271,111.974899292],[-144.176040649,1185.04406738,75.1039886475,177.316955566,83.7578582764,-6.04215049744,11.8234148026,-6.56307935715,-7.48105716705,-36.2387580872,-63.7637138367,-49.4336357117,16.7807807922],[1497.97021484,75.1039886475,995.985595703,514.880004883,153.012619019,150.407836914,88.2415390015,61.4813423157,67.286315918,-83.3962936401,-164.659133911,-77.4767303467,35.1106185913],[1896.42346191,177.316955566,514.880004883,665.20513916,214.678665161,93.6748123169,55.7072639465,67.8536987305,69.4734725952,-37.4814720154,-150.829406738,-99.5612640381,17.459941864],[727.69329834,83.7578582764,153.012619019,214.678665161,246.602722168,60.1520118713,19.853515625,22.4217338562,18.7637023926,-5.172768116,-36.2980957031,-34.7701530457,8.64055919647],[466.545623779,-6.04215049744,150.407836914,93.6748123169,60.1520118713,169.888946533,73.8221969604,10.1982440948,11.4554595947,-8.80174255371,-14.2707567215,-0.942455649376,12.0259017944],[393.031707764,11.8234148026,88.2415390015,55.7072639465,19.853515625,73.8221969604,122.809310913,46.8124961853,29.2654819489,13.1215324402,-3.48718285561,3.89882349968,-1.21263098717],[292.476867676,-6.56307935715,61.4813423157,67.8536987305,22.4217338562,10.1982440948,46.8124961853,110.176185608,58.5632133484,8.72662830353,-6.47024726868,-2.62361907959,-10.6105041504],[272.622711182,-7.48105716705,67.286315918,69.4734725952,18.7637023926,11.4554595947,29.2654819489,58.5632133484,101.679878235,32.0825195313,-12.087223053,-12.9150848389,-15.9492139816],[-130.166763306,-36.2387580872,-83.3962936401,-37.4814720154,-5.172768116,-8.80174255371,13.1215324402,8.72662830353,32.0825195313,95.2585144043,50.9311027527,2.32806706429,-23.1086158752],[-464.47277832,-63.7637138367,-164.659133911,-150.829406738,-36.2980957031,-14.2707567215,-3.48718285561,-6.47024726868,-12.087223053,50.9311027527,127.401527405,62.6833877563,-7.51184558868],[-92.528465271,-49.4336357117,-77.4767303467,-99.5612640381,-34.7701530457,-0.942455649376,3.89882349968,-2.62361907959,-12.9150848389,2.32806706429,62.6833877563,118.661514282,45.6688461304],[111.974899292,16.7807807922,35.1106185913,17.459941864,8.64055919647,12.0259017944,-1.21263098717,-10.6105041504,-15.9492139816,-23.1086158752,-7.51184558868,45.6688461304,82.8244781494]],"icov":[[0.000101672747405,5.86805435887e-05,3.41942723026e-05,-0.000274146412266,-8.68940624059e-05,-3.23219755956e-05,-0.00018081246526,1.72568179551e-05,-4.92350227432e-05,2.93509201583e-05,0.00020538220997,-0.000265012844466,7.07337385393e-05],[5.86805435887e-05,0.000953138165642,0.000134211484692,-0.000398642354412,-0.000232139384025,0.000289030285785,-0.000466858531581,0.000261636218056,-1.34763322421e-05,0.000333231990226,0.000134350062581,0.000157280068379,-0.00022052883287],[3.41942723026e-05,0.000134211484692,0.00201780931093,-0.00130102911498,0.000150998763274,-0.00080711703049,-0.000521830515936,0.000174400862306,-0.000764634460211,0.00119457382243,0.000600243569352,7.38625531085e-05,-0.000338632729836],[-0.000274146412266,-0.000398642354412,-0.00130102911498,0.00461252732202,-0.00170057709329,-8.56429105625e-05,0.000641694467049,-0.00106083706487,-0.000307587353745,-0.000931884511374,0.00151024071965,0.0016733664088,-0.00101102772169],[-8.68940624059e-05,-0.000232139384025,0.000150998763274,-0.00170057709329,0.00614823913202,-0.00165818212554,0.00109517830424,-0.000702487421222,0.000447681930382,-0.000430406042142,-0.00111756648403,0.00120557181071,-0.00081559229875],[-3.23219755956e-05,0.000289030285785,-0.00080711703049,-8.56429105625e-05,-0.00165818212554,0.00984527729452,-0.00603444082662,0.00266633578576,-0.0005801867228,0.00146007700823,-0.00124807562679,0.000122384211863,-0.000542979163583],[-0.00018081246526,-0.000466858531581,-0.000521830515936,0.000641694467049,0.00109517830424,-0.00603444082662,0.0146553879604,-0.00574669102207,0.00101823569275,-0.00325146690011,0.000837048632093,-0.000955255527515,0.000556814135052],[1.72568179551e-05,0.000261636218056,0.000174400862306,-0.00106083706487,-0.000702487421222,0.00266633578576,-0.00574669102207,0.016173215583,-0.00846464186907,0.00354172382504,-0.00175965554081,-0.00091049115872,0.00144789274782],[-4.92350227432e-05,-1.34763322421e-05,-0.000764634460211,-0.000307587353745,0.000447681930382,-0.0005801867228,0.00101823569275,-0.00846464186907,0.0183693338186,-0.00806314218789,0.00399036053568,-0.00159923336469,0.0019576898776],[2.93509201583e-05,0.000333231990226,0.00119457382243,-0.000931884511374,-0.000430406042142,0.00146007700823,-0.00325146690011,0.00354172382504,-0.00806314218789,0.0194520745426,-0.00943196285516,0.00363072613254,0.000839051906951],[0.00020538220997,0.000134350062581,0.000600243569352,0.00151024071965,-0.00111756648403,-0.00124807562679,0.000837048632093,-0.00175965554081,0.00399036053568,-0.00943196285516,0.0203717146069,-0.0106113385409,0.00504240207374],[-0.000265012844466,0.000157280068379,7.38625531085e-05,0.0016733664088,0.00120557181071,0.000122384211863,-0.000955255527515,-0.00091049115872,-0.00159923336469,0.00363072613254,-0.0106113385409,0.0199176538736,-0.0115716382861],[7.07337385393e-05,-0.00022052883287,-0.000338632729836,-0.00101102772169,-0.00081559229875,-0.000542979163583,0.000556814135052,0.00144789274782,0.0019576898776,0.000839051906951,0.00504240207374,-0.0115716382861,0.0201859585941]],"mean":[-634.680236816,120.133705139,3.7804043293,18.3769378662,9.46726512909,0.47302377224,3.98338580132,3.96021318436,2.5627784729,2.58339858055,1.76284575462,4.77329778671,0.921917557716]},"pitch_salience":{"dmean":0.0781375542283,"dmean2":0.126654326916,"dvar":0.00538199441507,"dvar2":0.0138577139005,"max":0.964109480381,"mean":0.569199979305,"median":0.580285131931,"min":0.0803328379989,"var":0.0126654859632},"silence_rate_20dB":{"dmean":0,"dmean2":0,"dvar":0,"dvar2":0,"max":1,"mean":1,"median":1,"min":1,"var":0},"silence_rate_30dB":{"dmean":0.0078903241083,"dmean2":0.0157822053879,"dvar":0.00782722141594,"dvar2":0.0228293612599,"max":1,"mean":0.995759367943,"median":1,"min":0,"var":0.00422290014103},"silence_rate_60dB":{"dmean":0.0143998423591,"dmean2":0.0288025252521,"dvar":0.0141916805878,"dvar2":0.0307325161994,"max":1,"mean":0.103451676667,"median":0,"min":0,"var":0.0927428603172},"spectral_centroid":{"dmean":221.007766724,"dmean2":345.039123535,"dvar":66320.6796875,"dvar2":137978.921875,"max":11228.1103516,"mean":1323.12097168,"median":1291.66503906,"min":115.952583313,"var":275952.6875},"spectral_complexity":{"dmean":3.8242430687,"dmean2":6.11777448654,"dvar":16.8642559052,"dvar2":38.738243103,"max":58,"mean":24.5649909973,"median":27,"min":0,"var":145.01550293},"spectral_contrast_coeffs":{"dmean":[0.0520185269415,0.0478388145566,0.0375742428005,0.0279644746333,0.0208776723593,0.0178533606231],"dmean2":[0.085639975965,0.0794711634517,0.0624314770103,0.0460615158081,0.0345754437149,0.0293835811317],"dvar":[0.00186105188914,0.00138526386581,0.000870804360602,0.000507042161189,0.000344640720868,0.000351233349647],"dvar2":[0.0048439707607,0.00382907828316,0.00234660087153,0.0013509800192,0.000866110785864,0.000894240045454],"max":[-0.331379413605,-0.371682822704,-0.419210225344,-0.479536563158,-0.611973106861,-0.589435696602],"mean":[-0.682170033455,-0.741483092308,-0.773417472839,-0.782149910927,-0.794331967831,-0.78602039814],"median":[-0.685279846191,-0.749020397663,-0.784816503525,-0.793635368347,-0.799682617188,-0.788837611675],"min":[-0.950670838356,-0.970519423485,-0.977936029434,-0.967772305012,-0.960967481136,-0.961701273918],"var":[0.00548021961004,0.0056258989498,0.00534087279812,0.00406061019748,0.00162105122581,0.00125630211551]},"spectral_contrast_valleys":{"dmean":[0.389855653048,0.367605090141,0.314744740725,0.279466480017,0.241932764649,0.240798547864],"dmean2":[0.637984752655,0.613877892494,0.509509086609,0.437066584826,0.379173517227,0.355190694332],"dvar":[0.158473953605,0.165628820658,0.134875223041,0.115416646004,0.125816822052,0.137554824352],"dvar2":[0.330915629864,0.347047537565,0.254311263561,0.209222301841,0.237747386098,0.250535368919],"max":[-5.02963399887,-4.52638053894,-4.89940023422,-5.63872814178,-5.48245191574,-7.7215294838],"mean":[-6.96335887909,-6.53392362595,-7.17532300949,-7.57113361359,-7.46428442001,-10.0186061859],"median":[-6.34977388382,-6.1157875061,-6.77390956879,-7.11748504639,-6.84116744995,-9.38859081268],"min":[-27.8140716553,-26.8481960297,-27.1283397675,-27.0670566559,-27.1398410797,-27.1501655579],"var":[3.59039258957,2.17312979698,1.88534772396,2.00331783295,2.53253674507,3.38455915451]},"spectral_decrease":{"dmean":3.13909387373e-09,"dmean2":5.20329024312e-09,"dvar":1.95971494823e-17,"dvar2":5.25005645261e-17,"max":2.98390582967e-21,"mean":-9.6350172285e-09,"median":-9.50557677015e-09,"min":-4.44704966185e-08,"var":3.58647249455e-17},"spectral_energy":{"dmean":0.0121742915362,"dmean2":0.0201776325703,"dvar":0.000293327640975,"dvar2":0.000786118616816,"max":0.171101167798,"mean":0.0386968888342,"median":0.0385916158557,"min":1.05928523061e-20,"var":0.000555290083867},"spectral_energyband_high":{"dmean":0.000412799417973,"dmean2":0.000657027761918,"dvar":7.18503770258e-07,"dvar2":1.81388588771e-06,"max":0.0110269133002,"mean":0.00108099170029,"median":0.000713694142178,"min":7.8861872871e-21,"var":1.58261059369e-06},"spectral_energyband_low":{"dmean":0.00970522034913,"dmean2":0.0161805655807,"dvar":0.000244201190071,"dvar2":0.000655802257825,"max":0.154586851597,"mean":0.0186741370708,"median":0.0149673167616,"min":1.7362388024e-22,"var":0.000327994988766},"spectral_energyband_middle_high":{"dmean":0.00185748178046,"dmean2":0.00288191903383,"dvar":6.03742728345e-06,"dvar2":1.43113466038e-05,"max":0.0443506836891,"mean":0.00679557770491,"median":0.00557798054069,"min":1.46796800922e-21,"var":3.27714988089e-05},"spectral_energyband_middle_low":{"dmean":0.00487399008125,"dmean2":0.00799201894552,"dvar":4.94980740768e-05,"dvar2":0.000131469438202,"max":0.0904699489474,"mean":0.0137049974874,"median":0.0123188719153,"min":2.43176711268e-22,"var":0.000105388920929},"spectral_entropy":{"dmean":0.134301349521,"dmean2":0.199183508754,"dvar":0.0378312096,"dvar2":0.0666752830148,"max":9.80009460449,"mean":7.58474111557,"median":7.80278778076,"min":4.14837265015,"var":0.558587372303},"spectral_flux":{"dmean":0.0266469232738,"dmean2":0.0425905995071,"dvar":0.000971638946794,"dvar2":0.00224499520846,"max":0.343107312918,"mean":0.097922898829,"median":0.0967072546482,"min":1.0292158098e-10,"var":0.00263411947526},"spectral_kurtosis":{"dmean":2.69134259224,"dmean2":4.51340723038,"dvar":67.2777786255,"dvar2":161.028198242,"max":226.868026733,"mean":7.54231786728,"median":4.03351211548,"min":-1.20074498653,"var":173.746688843},"spectral_rms":{"dmean":0.000885037414264,"dmean2":0.00143769825809,"dvar":1.09898530809e-06,"dvar2":2.84804309558e-06,"max":0.0129200611264,"mean":0.00573399849236,"median":0.00613598851487,"min":3.2147301314e-12,"var":4.87428678753e-06},"spectral_rolloff":{"dmean":406.515472412,"dmean2":681.596252441,"dvar":460190.25,"dvar2":1040526,"max":18217.0898438,"mean":1229.38317871,"median":1119.7265625,"min":21.533203125,"var":1011337.4375},"spectral_skewness":{"dmean":0.266721665859,"dmean2":0.438589513302,"dvar":0.251227408648,"dvar2":0.583796441555,"max":13.462723732,"mean":1.84734475613,"median":1.61085164547,"min":0.0178172867745,"var":0.974131584167},"spectral_spread":{"dmean":491428.28125,"dmean2":702594.375,"dvar":498284625920,"dvar2":834677440512,"max":40334924,"mean":4798265.5,"median":4825584,"min":552403.1875,"var":3080544583680.0},"spectral_strongpeak":{"dmean":0.455386966467,"dmean2":0.793683826923,"dvar":0.769153237343,"dvar2":1.89394652843,"max":10.8920135498,"mean":0.670011520386,"median":0.322745621204,"min":0,"var":1.01207101345},"zerocrossingrate":{"dmean":0.00940058194101,"dmean2":0.0110227400437,"dvar":0.000111281515274,"dvar2":0.000132379427669,"max":0.4931640625,"mean":0.0592577457428,"median":0.05615234375,"min":0.001953125,"var":0.000825807277579}},"metadata":{"audio_properties":{"analysis_sample_rate":44100,"bit_rate":192000,"codec":"mp3","downmix":"mix","equal_loudness":0,"length":235.415512085,"lossless":false,"md5_encoded":"5a1ab5addcec77757c08e70685231e09","replay_gain":-4.20133018494,"sample_rate":44100},"tags":{"acoustid_fingerprint":["AQADtNTCKImUI8-hHE-Cp4cUOObxw3hwyAeyHXhwHP6DMjeOZ0jKIMf-wMePWXqQK8mRHBzaSU6EH3ceHPBi_ED1oxf-o0fyIQ-ORvrxF_7gHz1-A-9RIo90-EeiC9sPGL2I4w9q5kfp4Xjxn_jxoz58_HCPIzlSHT2u46mwB8wxnUbyI7fx4KMP4xt3PPiRZ4G2WA_6Y48mHX3gfzjFQzdafsIFzVoOH-_xaIg6Hf4Rtzd-XPgL3dgz46iVHboUvLh2dD3h_Lhu-Dmu44RaLThyoY_xoFGJKxXOZBaoH8_xjMc14z589FKO58d75GOhIyR_mGKO_7ik4ziNG9dSPDLyq3BkQOeQoh_mHv_Qiiqa_zgfPMiJPiGukIRzIVV1nMN9pMMvaHuFEs4HM_tx8bgUyFawq-h5vOfwiGDRHVqexcV5_HiDCz_-4JcmaHmMEy8qH7pwHOHhXMG34_t45Ie3ot9xEb2LZ7h4SDkuHYd-g9tydBPhbKGFFz_s4IeOH-3x8AhHkqAOSwvuBx8s7fh9uArOw6ED5geffDiRICT5wsQnF79x4yNhTccRK6NV2EIpqdDOG-mVvDgvHL6MZ1HEYXPwC7_Qh8jRPsKROs-E44ePXIH-C-me4reI38gj5cKLSxBLCdGOHnl4XPwhowkv9IqOVyFx6tAVI58ePDnuY8rRkkd-4R9qEc-hHg0XQWZ4HOXh58WRTsrwI4xyKM-O8hUeJSr65MRzaLmUCr2GR1qH6EizF-_xQ3cVlJTxDM6WoCtxQ_3QHNcRLZT0CddhqQ-q4zgn0GMq5N7RoNIFMhL6w-7wODjcHZ-Ougku4kFPhHmODw_R8viOfCtE8kf4G0etw_fwZMzxHS9iaiq0C9eC7zJClkfzB0fOJIrQfLh03Mfx42xxHqekI_fhPPhgKsRzjNThC-_hB4-Ob8gPpduQw1mc4-tRU8OlIvzhWDrkG5eONimOWxE8-dB1XHnwHc1Qi9GGMzvQ3Xh-_LB9aN_xGX2Chjz-or_wgzx-PPC0DP3xHeeDyiKaJeLxpTgPRj78I9dF2Eeny6hhHW14hJcEsYafYz_hHxM749PxQLvwHx_Mc0R56PHxHKElwV86HA9KSUJ-vNBt4bJyhOnSolV4xNSEsoOWH3-Ckjgu0fgmqPThaxzy5PjhLQxOwZG2o5i2W9hy9FzQB-mhjyn6iEIfnnBu6FEMH_nho6iND7mPP0Lz4zye7FCN5ugZB9_x_qh55EuI9sj_wVeODzJzhJkcdBpvvEe4H_yhk0cOnz7aOMEp3Dpy_dCJUI3g449cXB-sG33xhkX0HT1M6MTnC9qHHr9xOFQgirlxvUQ8-Lhe_MeH7ShtfAl-Ib9wZ0_QKdKGJuJxCQ-NBj8eCJqkE9cGjWs2hHmioeThr0SfHCU-HvBp1DaeH7-OXNBehJmMNwfCtA_o56gf6B2Ro_nQ5RFxXjjR_OiP82h4I_oOm4lRbyc-YWeGPtvhycUNTyZCOTuuWyibIz0eXI7QYz9-9Dj7woWiEz384yDn4_XhH9qD4-MLPRfWyPmxt-jhH_2JRyp0H3025D18HafRNUT0QSPx5EOaDb-F-zA-eEfZWPiQ68KxP8L3oImaozvejMPR4yJ8lDIO7VkOh86RPYc1Cr0e1LqFMwQP36g3XMdx38iPUrog_ri0g8d9vIJYH9_xzPgC_yh95Dj-5Ai9yISJ-kV5fB50lbiyQvxQ2guOamPgQ6G0HKlrVDxOI79uNBI0akfM5HiC5pJc9MGObxcyeodKcTNSH_uFh3iEaz_y48efFfsP7fCDvvhxo6M-Q6xo9