{"lowlevel":{"average_loudness":0.942703723907,"barkbands":{"dmean":[0.000323091109749,0.0054096407257,0.00296997395344,0.00119368894957,0.00126800267026,0.000882206426468,0.000539888220374,0.000413540110458,0.000362728664186,0.000256107014138,0.000381036254112,0.000270028191153,0.000387986307032,0.000416593509726,0.000401420373237,0.000478927860968,0.000408503081417,0.000259249325609,0.000218868561205,0.000216078100493,0.000152297012392,0.000125325575937,7.53659987822e-05,9.34354684432e-05,7.13730769348e-05,3.43096726283e-05,1.32415416374e-05],"dmean2":[0.000518672692124,0.00910882093012,0.00501081347466,0.00197290140204,0.0020618843846,0.00144681998063,0.000884036358912,0.000677360338159,0.000581224856433,0.000415991584305,0.000599622784648,0.000439658528194,0.000623895495664,0.000672240159474,0.000662749807816,0.000773908570409,0.000663084210828,0.000427087536082,0.000361333106412,0.000370370165911,0.000258564046817,0.000210718644666,0.000120741111459,0.000140679447213,0.000105628008896,4.82398463646e-05,1.8897391783e-05],"dvar":[3.30312957431e-07,7.75222943048e-05,1.92512361537e-05,2.7908215543e-06,5.13383747602e-06,2.31465355682e-06,1.01658815765e-06,1.058971975e-06,5.31588511876e-07,3.33891364335e-07,6.54571124414e-07,4.45053814246e-07,9.47229466419e-07,6.8552645871e-07,6.84136750806e-07,6.78228389006e-07,4.61197998902e-07,1.8384133682e-07,1.17221830465e-07,1.05050609989e-07,6.78255958064e-08,7.3184317273e-08,2.34707595581e-08,7.64330394531e-08,5.03672339391e-08,7.68005037344e-09,1.64468161312e-09],"dvar2":[8.79991659986e-07,0.00021757032664,5.37303130841e-05,7.38161907066e-06,1.34514784804e-05,6.30850263406e-06,2.71315389e-06,2.691738473e-06,1.2921814232e-06,8.6035942104e-07,1.50355697315e-06,1.10867665626e-06,2.34686854128e-06,1.63763786531e-06,1.75315108208e-06,1.65242397543e-06,1.08226220163e-06,4.57035724821e-07,2.8627886195e-07,2.95592911925e-07,1.78678007501e-07,1.93962733874e-07,5.41478151206e-08,1.52817975163e-07,9.970739967e-08,1.44370826405e-08,3.02979974443e-09],"max":[0.00822610035539,0.102007076144,0.0592306144536,0.0407038554549,0.0363706573844,0.0240573547781,0.0206262599677,0.0283598471433,0.0207727178931,0.0134790828452,0.022776870057,0.0166143160313,0.0237655937672,0.0194648467004,0.0168608017266,0.014904037118,0.0246257092804,0.0125241503119,0.00845089741051,0.00599156087264,0.00585434539244,0.00525680463761,0.00493559101596,0.00853106193244,0.00762995705009,0.00235851644538,0.00210994319059],"mean":[0.000670727167744,0.0107543310151,0.00449191080406,0.0018700347282,0.00229228753597,0.00153596512973,0.000907022855245,0.000617604062427,0.000612971489318,0.000456118315924,0.000677682110108,0.000439215480583,0.00063142052386,0.000783656490967,0.000776812026743,0.00107025017496,0.000937128905207,0.000623101776,0.000506319920532,0.000532951613422,0.000335504999384,0.000233831859077,0.000161943142302,0.000201963091968,0.000150846972247,7.21143078408e-05,2.28934713959e-05],"median":[0.000427977589425,0.00891055818647,0.00306205032393,0.00109753059223,0.00138565467205,0.000936837517656,0.000520696747117,0.000266976334387,0.000302980130073,0.000167499936651,0.000237556683715,0.000199260888621,0.00017703975027,0.000396984512918,0.000327954243403,0.000570184376556,0.000600674073212,0.000385725230444,0.000374169379938,0.000509840319864,0.00025257881498,0.00011863259715,8.87485148269e-05,9.15141572477e-05,6.85981867719e-05,3.16336227115e-05,6.55322037346e-06],"min":[1.98070761734e-23,6.47688881978e-23,2.57031677294e-23,1.10806898979e-22,4.67308767805e-23,6.14930644027e-23,3.49994107146e-23,1.04090433102e-23,1.59051662945e-22,3.37569295453e-23,3.40741336708e-23,6.17238219947e-23,7.22106675006e-23,6.07822313074e-23,2.89177525679e-22,2.14745836077e-22,2.19085000196e-22,2.46369187175e-22,2.442266662e-22,3.42884640233e-22,4.22189672693e-22,5.08447889256e-22,5.94786935662e-22,1.09777318115e-21,1.0510016307e-21,1.85947091697e-21,2.25237645727e-21],"var":[6.40851055778e-07,9.48357555899e-05,2.56024832197e-05,5.34249829798e-06,8.48623039928e-06,3.69509575648e-06,1.89006345863e-06,1.59049864124e-06,1.13224905363e-06,8.72452176282e-07,1.82688495443e-06,8.48386207508e-07,1.93534083337e-06,1.86637032584e-06,1.89356808278e-06,2.4525174922e-06,1.54625024607e-06,8.08233949101e-07,3.36831931236e-07,2.36779570173e-07,1.38572531228e-07,1.17863031335e-07,5.33120960711e-08,2.02089694312e-07,1.22314830264e-07,2.06958805649e-08,4.12528544658e-09]},"barkbands_crest":{"dmean":2.40240955353,"dmean2":3.95179533958,"dvar":5.79414796829,"dvar2":15.693857193,"max":26.0644702911,"mean":10.365187645,"median":9.17389392853,"min":2.39765548706,"var":23.0079689026},"barkbands_flatness_db":{"dmean":0.0193766988814,"dmean2":0.0302075203508,"dvar":0.000498528417666,"dvar2":0.00114092684817,"max":0.468932032585,"mean":0.112188197672,"median":0.093285754323,"min":0.0193295553327,"var":0.00362946325913},"barkbands_kurtosis":{"dmean":3.61599898338,"dmean2":5.5958776474,"dvar":98.7888793945,"dvar2":210.594146729,"max":226.151550293,"mean":5.98707151413,"median":0.515336275101,"min":-1.93154430389,"var":301.827911377},"barkbands_skewness":{"dmean":0.560486614704,"dmean2":0.87592881918,"dvar":0.488643556833,"dvar2":1.09478163719,"max":12.5133657455,"mean":1.66383719444,"median":1.24536561966,"min":-2.9219596386,"var":2.96241378784},"barkbands_spread":{"dmean":6.41696548462,"dmean2":10.1008310318,"dvar":60.979888916,"dvar2":133.975860596,"max":117.263092041,"mean":31.420375824,"median":32.1175079346,"min":0.345277756453,"var":272.323242188},"dissonance":{"dmean":0.0115115093067,"dmean2":0.0192401539534,"dvar":0.000234967490542,"dvar2":0.000630550319329,"max":0.500000059605,"mean":0.476888209581,"median":0.484100490808,"min":0.0617694929242,"var":0.000683437858243},"dynamic_complexity":3.20815348625,"erbbands":{"dmean":[0.145295575261,1.31818461418,3.37230753899,3.42690181732,3.45313501358,5.7532453537,4.42353105545,8.47801494598,6.69800758362,10.9245672226,7.02592754364,8.93033885956,7.21296787262,8.30050373077,15.1254901886,11.2777681351,17.1400165558,18.7938346863,18.9562740326,22.7473068237,24.3510398865,21.5304069519,13.7622785568,13.1643037796,9.27795219421,11.1556863785,7.63073682785,5.49448204041,4.49075269699,3.10240674019,2.06956958771,1.8603618145,1.75946629047,0.994711101055,0.431215822697,0.167632952332,0.0609236471355,0.0180532056838,0.00255657732487,6.78871947457e-05],"dmean2":[0.244438588619,2.23345041275,5.72487878799,5.71914625168,5.64323234558,9.46437931061,7.11891555786,14.0748720169,11.1319389343,17.7027225494,11.4194908142,14.3519563675,11.588886261,13.3201742172,23.9750652313,18.2881011963,27.7705974579,30.1240158081,30.7292785645,37.2967147827,39.6990394592,34.8792991638,22.6099090576,21.5743255615,15.4595127106,19.1465759277,12.9759397507,9.35098266602,7.53459024429,5.16451120377,3.32363629341,2.90991020203,2.65249061584,1.47173321247,0.643187403679,0.242727339268,0.0868334695697,0.0258682668209,0.00363800604828,9.78849493549e-05],"dvar":[0.0671456977725,4.67446184158,26.1942138672,22.0774421692,25.1732711792,141.208084106,53.2633857727,249.47428894,188.097229004,429.77532959,372.557403564,328.399963379,289.035644531,302.38973999,1146.55822754,819.073852539,1924.86047363,1544.29943848,1628.64892578,2189.41015625,1730.07958984,1274.94519043,528.569152832,412.728790283,233.26071167,271.186523438,141.380889893,129.860305786,91.2707061768,37.3343734741,17.6859836578,25.3618907928,32.2862319946,10.7833852768,1.6544598341,0.205574065447,0.0231671370566,0.00237690284848,6.48246495984e-05,4.33628173369e-08],"dvar2":[0.18587295711,13.3140048981,74.7564697266,60.0017929077,65.4905776978,378.243286133,133.684326172,698.595214844,501.025115967,1142.08666992,930.329345703,800.458618164,716.782714844,754.78894043,2613.87011719,2072.92260742,4807.29443359,3837.0546875,4015.62744141,5623.15234375,4296.56640625,2954.85083008,1306.44433594,1009.98822021,599.863098145,763.178527832,388.881652832,338.478302002,240.672042847,94.5406112671,40.4830322266,53.382686615,66.2259140015,21.7576828003,3.35296678543,0.403906136751,0.0437071099877,0.0047191339545,0.000116414979857,8.11489115904e-08],"max":[3.17277956009,26.6173343658,61.8362770081,82.0500030518,92.1979064941,213.008377075,165.674057007,237.084075928,317.202209473,501.093383789,572.586120605,496.279083252,486.854095459,511.597229004,1065.06530762,658.553161621,1127.71459961,1194.45324707,1045.64562988,1075.34960938,931.077087402,1260.87805176,651.264404297,511.792633057,415.30480957,359.131500244,171.297561646,275.331939697,243.175842285,143.530929565,125.879547119,166.950576782,202.445358276,119.80896759,34.8616523743,12.9449033737,4.74631357193,2.29190540314,0.404612571001,0.00972205214202],"mean":[0.272238761187,2.48516607285,5.4921913147,5.99916505814,6.12552976608,9.34170532227,8.39921951294,13.9317827225,11.3415985107,17.9416885376,11.8188724518,15.0712118149,13.0127058029,16.5875587463,28.8885478973,20.4778251648,29.7260322571,37.1752700806,39.396736145,51.6340522766,57.7083358765,52.2642059326,35.4995231628,32.0554084778,22.1063232422,26.988407135,18.2885951996,10.8235254288,8.34847354889,6.20750904083,4.34749698639,3.84271669388,3.61860871315,2.07177519798,0.878187656403,0.342774182558,0.124007597566,0.0345469005406,0.00430080061778,0.000144601886859],"median":[0.21182847023,1.99985003471,4.16445159912,4.10148429871,3.86776161194,4.93322992325,5.26702880859,8.40008068085,6.38672924042,9.30951118469,5.88443279266,7.00776100159,6.20663404465,7.37461185455,10.8054790497,9.93085098267,9.58487892151,18.2724151611,19.7095775604,21.2417564392,33.1153259277,35.3799972534,23.8740005493,22.2041625977,17.4578857422,25.7489509583,15.8763799667,6.86077356339,4.146276474,3.30720734596,2.37190103531,1.84152245522,1.55132508278,0.90809315443,0.397580564022,0.15178193152,0.054138943553,0.0132918339223,0.00109285488725,7.20380485291e-05],"min":[7.6228742512e-22,1.81877338849e-20,3.62724579342e-20,2.0826660405e-19,3.41408587321e-19,7.52031124656e-20,1.55800011212e-19,5.46477905659e-19,6.04906790504e-19,3.9926467544e-19,8.26380367009e-19,3.3647174078e-18,1.86278923277e-18,1.01541848564e-18,2.14815000049e-18,2.40984285614e-18,3.16463358456e-18,2.98657220436e-18,9.33405657892e-18,1.42479097729e-17,1.20261522784e-17,1.3400443383e-17,1.36440877781e-17,1.00563821227e-17,1.69354592878e-17,1.5540773218e-17,1.41681745249e-17,1.9253685894e-17,1.72422820836e-17,1.54705158055e-17,1.95552329319e-17,1.9963395279e-17,1.96757945062e-17,1.27395484075e-17,7.26807621894e-18,6.47438029117e-18,3.41845788463e-18,1.26893207599e-18,3.28364957187e-19,3.15226705346e-20],"var":[0.0772267132998,5.50324583054,30.8760299683,40.7776565552,49.2529907227,189.419555664,116.160179138,336.062438965,355.547149658,776.838684082,572.420654297,735.453979492,636.510498047,919.879943848,3293.12597656,1655.44213867,3982.1418457,4167.69335938,4586.03808594,8411.70703125,5804.67578125,4506.67675781,2237.52856445,1629.01574707,563.750305176,607.96697998,321.670715332,212.446960449,155.381988525,72.4470596313,39.2416305542,60.0319023132,76.4783325195,25.6919536591,3.77289748192,0.511042118073,0.0608223825693,0.0058038723655,0.000164291282999,1.0823276142e-07]},"erbbands_crest":{"dmean":1.95884108543,"dmean2":3.22340798378,"dvar":4.04725217819,"dvar2":10.1978158951,"max":34.3039894104,"mean":7.61787462234,"median":6.48099327087,"min":2.3256020546,"var":17.0971279144},"erbbands_flatness_db":{"dmean":0.0132118826732,"dmean2":0.0195459257811,"dvar":0.000215350446524,"dvar2":0.00043747088057,"max":0.482379078865,"mean":0.126905202866,"median":0.117264866829,"min":0.035173855722,"var":0.00257550994866},"erbbands_kurtosis":{"dmean":0.803292632103,"dmean2":1.27106106281,"dvar":1.87376701832,"dvar2":4.39479446411,"max":44.8794517517,"mean":0.463509857655,"median":-0.097055323422,"min":-1.75003445148,"var":5.00173139572},"erbbands_skewness":{"dmean":0.293089985847,"dmean2":0.444502174854,"dvar":0.115586623549,"dvar2":0.239113494754,"max":4.69277429581,"mean":-0.300064235926,"median":-0.401302039623,"min":-3.99944996834,"var":0.590843260288},"erbbands_spread":{"dmean":8.15143013,"dmean2":12.6386804581,"dvar":91.6730422974,"dvar2":207.000717163,"max":176.918029785,"mean":44.1543235779,"median":41.4472732544,"min":0.854499220848,"var":454.32244873},"gfcc":{"cov":[[10821.3388672,-961.241394043,519.162963867,1257.20495605,337.16229248,626.077392578,-172.591690063,310.864562988,-150.190246582,175.661682129,-95.0818023682,144.452331543,142.510574341],[-961.241394043,1017.84643555,-386.354187012,-149.536315918,81.1542510986,-131.546676636,55.3526268005,-60.8104553223,-8.39010334015,-72.404838562,47.9688529968,-34.9804039001,34.7528686523],[519.162963867,-386.354187012,1246.13513184,280.019470215,112.037025452,209.491714478,75.9592971802,135.283126831,80.8966293335,63.5792732239,-3.39239168167,29.4800224304,-1.17443025112],[1257.20495605,-149.536315918,280.019470215,574.301513672,78.5840454102,81.6177139282,-23.4454555511,28.2313976288,-7.130879879,24.3058414459,-14.583407402,1.01442122459,47.0415611267],[337.16229248,81.1542510986,112.037025452,78.5840454102,274.90814209,60.1564331055,30.6083087921,44.4870147705,49.9447364807,25.8940124512,3.28144717216,7.86611795425,5.34995031357],[626.077392578,-131.546676636,209.491714478,81.6177139282,60.1564331055,223.09312439,63.0170135498,52.7392311096,6.841776371,28.6604290009,-0.229269355536,0.379014223814,-5.14411640167],[-172.591690063,55.3526268005,75.9592971802,-23.4454555511,30.6083087921,63.0170135498,170.039001465,44.2342987061,2.87017822266,2.61051440239,3.16703772545,-1.61485469341,-8.99672222137],[310.864562988,-60.8104553223,135.283126831,28.2313976288,44.4870147705,52.7392311096,44.2342987061,134.502944946,51.6261711121,14.9383201599,1.03698611259,6.15382242203,0.259810328484],[-150.190246582,-8.39010334015,80.8966293335,-7.130879879,49.9447364807,6.841776371,2.87017822266,51.6261711121,122.810958862,44.9080276489,6.14517736435,-3.71379518509,-10.875207901],[175.661682129,-72.404838562,63.5792732239,24.3058414459,25.8940124512,28.6604290009,2.61051440239,14.9383201599,44.9080276489,97.8287582397,25.481918335,2.55907392502,-11.348107338],[-95.0818023682,47.9688529968,-3.39239168167,-14.583407402,3.28144717216,-0.229269355536,3.16703772545,1.03698611259,6.14517736435,25.481918335,68.2847213745,21.5514793396,-0.524489343166],[144.452331543,-34.9804039001,29.4800224304,1.01442122459,7.86611795425,0.379014223814,-1.61485469341,6.15382242203,-3.71379518509,2.55907392502,21.5514793396,71.1647415161,29.1796722412],[142.510574341,34.7528686523,-1.17443025112,47.0415611267,5.34995031357,-5.14411640167,-8.99672222137,0.259810328484,-10.875207901,-11.348107338,-0.524489343166,29.1796722412,70.9370117188]],"icov":[[0.000213048086152,8.1053934764e-07,0.000122043355077,-0.000353525887476,-0.000113953770779,-0.000481120223412,0.000463630829472,-0.000636083597783,0.000647307082545,-0.000528586271685,0.000528085802216,-0.000537957879715,8.27586336527e-05],[8.1053934764e-07,0.00176499434747,0.000330208364176,0.000241284898948,-0.00094072218053,0.000785495270975,-0.00104462367017,0.000734846864361,-0.000578646198846,0.00157051661517,-0.00227977265604,0.00204948196188,-0.00172549963463],[0.000122043355077,0.000330208364176,0.0012774275383,-0.000633679155726,-0.0002091905626,-0.000828861433547,-0.000101149613329,-0.000725787482224,-0.000229561555898,-0.000134597838041,0.000168237529579,-0.000655162439216,0.000193932690308],[-0.000353525887476,0.000241284898948,-0.000633679155726,0.00296283047646,-0.000460695242509,0.000505551404785,-0.000174037093529,0.000930325768422,-0.000274010730209,0.000359262892744,-0.000850700889714,0.00215952843428,-0.00221647601575],[-0.000113953770779,-0.00094072218053,-0.0002091905626,-0.000460695242509,0.00492379441857,-0.000932179624215,-0.000205083240871,-0.000266950635705,-0.00174750760198,-0.000552881800104,0.000950542686041,-0.0013124756515,0.000718426541425],[-0.000481120223412,0.000785495270975,-0.000828861433547,0.000505551404785,-0.000932179624215,0.0079063475132,-0.00312473275699,0.000329154339852,-3.41561171808e-05,0.000177457899554,-0.00176463054959,0.00238909013569,-0.000493740604725],[0.000463630829472,-0.00104462367017,-0.000101149613329,-0.000174037093529,-0.000205083240871,-0.00312473275699,0.00892510451376,-0.00388360559009,0.00286535755731,-0.00177434668876,0.00198568310589,-0.0018623531796,0.00156531331595],[-0.000636083597783,0.000734846864361,-0.000725787482224,0.000930325768422,-0.000266950635705,0.000329154339852,-0.00388360559009,0.013174762018,-0.00680349441245,0.00356132281013,-0.00246177171357,0.00155087606981,-0.00133734720293],[0.000647307082545,-0.000578646198846,-0.000229561555898,-0.000274010730209,-0.00174750760198,-3.41561171808e-05,0.00286535755731,-0.00680349441245,0.015224346891,-0.00755644822493,0.00307697220705,-0.00103108631447,0.00125066970941],[-0.000528586271685,0.00157051661517,-0.000134597838041,0.000359262892744,-0.000552881800104,0.000177457899554,-0.00177434668876,0.00356132281013,-0.00755644822493,0.0175699871033,-0.00856795627624,0.00310158263892,0.000181628463906],[0.000528085802216,-0.00227977265604,0.000168237529579,-0.000850700889714,0.000950542686041,-0.00176463054959,0.00198568310589,-0.00246177171357,0.00307697220705,-0.00856795627624,0.0228940062225,-0.010265015997,0.0041769198142],[-0.000537957879715,0.00204948196188,-0.000655162439216,0.00215952843428,-0.0013124756515,0.00238909013569,-0.0018623531796,0.00155087606981,-0.00103108631447,0.00310158263892,-0.010265015997,0.0237346030772,-0.0108368294314],[8.27586336527e-05,-0.00172549963463,0.000193932690308,-0.00221647601575,0.000718426541425,-0.000493740604725,0.00156531331595,-0.00133734720293,0.00125066970941,0.000181628463906,0.0041769198142,-0.0108368294314,0.021071953699]],"mean":[22.9626331329,69.1898727417,-104.339370728,42.1868133545,-40.313873291,12.4419269562,-35.1247711182,12.8125,-20.4019565582,7.00040054321,-15.0765104294,1.44365811348,-10.948931694]},"hfc":{"dmean":6.31489896774,"dmean2":9.95034408569,"dvar":100.324737549,"dvar2":236.938873291,"max":190.737640381,"mean":28.0011711121,"median":25.3739776611,"min":1.13728890366e-16,"var":427.870758057},"melbands":{"dmean":[0.00136435695458,0.00169343920425,0.00057014124468,0.000309122493491,0.000171483305166,0.00018133330741,0.000103150057839,0.000114900634799,5.77036371396e-05,5.32887897862e-05,3.65248597518e-05,3.32025010721e-05,5.69360927329e-05,3.13398741127e-05,3.62091996067e-05,3.60402482329e-05,3.82387152058e-05,3.3596996218e-05,2.85226797132e-05,3.27630987158e-05,3.11978837999e-05,2.59251955868e-05,1.78507398232e-05,1.28876354211e-05,1.17735371532e-05,7.96091171651e-06,6.59144507154e-06,8.52832818055e-06,5.73416582483e-06,3.80458504878e-06,3.3377177715e-06,2.84307498077e-06,2.29869897339e-06,1.64199752817e-06,1.22911114886e-06,1.38219604651e-06,1.12739314773e-06,1.30908233587e-06,1.17547199352e-06,8.16855788344e-07],"dmean2":[0.00228951731697,0.00286937318742,0.000942672370002,0.000506753334776,0.00027531204978,0.000299276172882,0.000171472478542,0.000186711273273,9.34051859076e-05,8.55590915307e-05,5.86203386774e-05,5.3801046306e-05,9.02313331608e-05,5.1466129662e-05,5.9240108385e-05,5.82532848057e-05,6.15906028543e-05,5.44276626897e-05,4.72392457596e-05,5.34562495886e-05,5.11231919518e-05,4.22627599619e-05,2.94226701953e-05,2.13330513361e-05,1.93927462533e-05,1.3227884665e-05,1.12055731734e-05,1.46768043123e-05,9.79421383818e-06,6.47370643492e-06,5.73539455218e-06,4.79900018036e-06,3.83699489248e-06,2.73243972515e-06,2.01607599593e-06,2.18339960156e-06,1.79322830718e-06,2.02049659492e-06,1.79148105417e-06,1.22242386169e-06],"dvar":[5.35799654244e-06,6.93775109539e-06,5.84567374062e-07,3.19560626849e-07,7.7741951543e-08,1.06885906348e-07,4.3468855182e-08,5.13741262864e-08,2.20409575036e-08,1.16262004468e-08,7.38482741625e-09,5.47919887239e-09,1.55491459708e-08,5.01873831382e-09,1.04789119604e-08,7.99756350034e-09,6.5405818539e-09,5.26997379069e-09,3.35602190482e-09,3.63403640513e-09,3.12517522971e-09,2.02459005116e-09,8.14806333516e-10,5.43336597936e-10,3.37487898738e-10,1.84633711098e-10,9.73970556983e-11,1.62370644707e-10,7.66145133446e-11,4.08669070806e-11,5.51188678033e-11,4.0233951587e-11,2.02236508789e-11,9.57215383346e-12,4.75329628088e-12,1.51743582977e-11,8.70106417472e-12,1.51531478337e-11,1.74608799641e-11,6.92273452105e-12],"dvar2":[1.49090683408e-05,1.97947174456e-05,1.58233854108e-06,8.47736771448e-07,1.94975100953e-07,2.96409552902e-07,1.15964816416e-07,1.34832774279e-07,5.39750750761e-08,2.78205600779e-08,1.83432966594e-08,1.38582283427e-08,3.57392195838e-08,1.26062271733e-08,2.7550905557e-08,2.02498018353e-08,1.61712652158e-08,1.26039987336e-08,8.51096437771e-09,9.06849617621e-09,7.76577735451e-09,4.78262451864e-09,2.00248373439e-09,1.36780997639e-09,8.30938984286e-10,4.66586491665e-10,2.66596328347e-10,4.59702664823e-10,2.12894951668e-10,1.09780455559e-10,1.43675363273e-10,1.0813289153e-10,5.04715123861e-11,2.44455011789e-11,1.16821396307e-11,3.31869601244e-11,1.92038936836e-11,3.14863586592e-11,3.77138806296e-11,1.43136518263e-11],"max":[0.0260072350502,0.0334448814392,0.014159523882,0.00877582747489,0.00559194246307,0.00523011432961,0.00464404793456,0.00564270094037,0.00494540296495,0.00266866758466,0.0023541522678,0.00187444745097,0.00337473489344,0.00208183261566,0.00379277905449,0.00260083191097,0.00236345618032,0.00182933721226,0.00158624828327,0.00141249457374,0.00124655570835,0.00156746630091,0.000887158501428,0.000823533860967,0.000478141970234,0.000482867530081,0.000187344106962,0.000253907550359,0.000147694809129,0.000145397774759,0.000195191139937,0.000171731619048,0.000144921650644,6.41775186523e-05,4.45929181296e-05,0.000143304059748,0.000117980453069,0.00011639828881,0.000174614790012,8.51563163451e-05],"mean":[0.00275520444848,0.00318209384568,0.00107742915861,0.000545371265616,0.000336120952852,0.000307491573039,0.000176125497092,0.000186234246939,9.58736563916e-05,8.95530101843e-05,6.2869345129e-05,6.25896936981e-05,0.000103074598883,5.37988998985e-05,6.15015305812e-05,6.0913454945e-05,7.06092250766e-05,6.41644801362e-05,5.80941668886e-05,7.31355539756e-05,6.64877807139e-05,5.65537011425e-05,3.83670667361e-05,2.95821628242e-05,2.59237021965e-05,1.66478566825e-05,1.48644576257e-05,1.8859624106e-05,1.26567847474e-05,7.76728666096e-06,5.71756072532e-06,4.82958012071e-06,4.15532849729e-06,3.1364077131e-06,2.42155033447e-06,2.57636543211e-06,2.18270429286e-06,2.57256147052e-06,2.24152449846e-06,1.60490003509e-06],"median":[0.00228472892195,0.00265813153237,0.000767269870266,0.00033979586442,0.000215824664338,0.000189044847502,0.000100144650787,9.57998126978e-05,4.66356214019e-05,4.2737388867e-05,2.84726738755e-05,2.67359391728e-05,3.56472446583e-05,2.54847509495e-05,1.9741946744e-05,2.08442324947e-05,3.3901174902e-05,3.06294350594e-05,2.38102729782e-05,3.4680509998e-05,3.57613644155e-05,3.53379946318e-05,2.63341826212e-05,1.68158439919e-05,1.75133536686e-05,1.1461498616e-05,1.27009752759e-05,1.73230564542e-05,1.07645955723e-05,5.69754274693e-06,3.06772949443e-06,2.20378524318e-06,2.22886728807e-06,1.62015021488e-06,1.3688894569e-06,1.16422916108e-06,1.05223898572e-06,1.11945462322e-06,8.89778618784e-07,7.07634512764e-07],"min":[1.48584144532e-23,2.16986147406e-23,4.28478572804e-23,1.44892243941e-23,4.43633087776e-24,1.22819063843e-23,9.4109267947e-24,3.68359782984e-24,9.78108951928e-24,2.2268377418e-23,9.18887428279e-24,4.1023350591e-24,5.96774063661e-24,8.17376491451e-24,6.43174586004e-24,6.89686495508e-24,4.46870020728e-24,1.17877378809e-23,2.289902438e-23,1.57671443507e-23,1.30042931365e-23,1.20208730996e-23,1.32714913691e-23,1.34753630038e-23,6.72900876508e-24,1.09847500545e-23,1.37245752078e-23,9.30586945478e-24,7.30831034856e-24,1.29437843496e-23,1.03842367902e-23,1.02510407818e-23,8.68901414792e-24,7.9101978086e-24,1.14439412543e-23,1.04807050126e-23,1.32165479959e-23,1.27745957735e-23,1.25940712663e-23,1.06774784768e-23],"var":[6.3625934672e-06,8.23716163723e-06,1.15881539386e-06,4.77530534226e-07,1.69419280382e-07,1.55020444481e-07,8.17268102082e-08,9.02924952584e-08,3.68899790715e-08,2.60432315713e-08,1.60584470166e-08,1.54667478824e-08,4.35567599766e-08,1.02305390826e-08,2.19698250703e-08,1.58994719612e-08,1.64304481132e-08,1.45157725839e-08,1.05120347982e-08,1.49607792821e-08,8.82450645889e-09,6.27774898732e-09,2.37138753079e-09,2.27260987806e-09,1.1484865281e-09,4.22644086395e-10,2.17320120233e-10,3.22869952996e-10,1.64169539074e-10,7.64958374422e-11,8.02399396926e-11,6.06536695869e-11,3.66512688255e-11,1.90272398531e-11,1.00715928653e-11,2.99596007725e-11,1.95483351728e-11,3.45557436832e-11,3.78742349982e-11,1.54742833131e-11]},"melbands_crest":{"dmean":3.04513859749,"dmean2":5.03816175461,"dvar":8.01987361908,"dvar2":21.9893054962,"max":34.0442314148,"mean":15.0986890793,"median":14.7419338226,"min":2.9150197506,"var":26.29296875},"melbands_flatness_db":{"dmean":0.0255290754139,"dmean2":0.040096655488,"dvar":0.000794722582214,"dvar2":0.00186229706742,"max":0.615947186947,"mean":0.189675658941,"median":0.170074433088,"min":0.00873014330864,"var":0.00590830715373},"melbands_kurtosis":{"dmean":10.4601640701,"dmean2":16.538192749,"dvar":553.536254883,"dvar2":1323.76220703,"max":590.125305176,"mean":22.2422046661,"median":8.25141620636,"min":-1.7919781208,"var":1668.03771973},"melbands_skewness":{"dmean":0.822513401508,"dmean2":1.3021042347,"dvar":0.962075233459,"dvar2":2.36245465279,"max":18.2207221985,"mean":3.34135699272,"median":2.778860569,"min":-3.015376091,"var":5.56831455231},"melbands_spread":{"dmean":8.05848503113,"dmean2":12.944861412,"dvar":98.835975647,"dvar2":222.323196411,"max":224.311752319,"mean":29.0593910217,"median":26.2148132324,"min":0.433523565531,"var":454.118408203},"mfcc":{"cov":[[9590.68066406,-454.952667236,-301.122406006,683.489379883,512.543701172,353.956787109,209.536468506,118.472106934,142.070495605,108.575065613,-90.0869140625,-48.1241531372,68.9068832397],[-454.952667236,875.916931152,-219.719619751,-38.557182312,-0.533889710903,-37.8302841187,47.1715507507,28.8450145721,-17.4279575348,-2.70418930054,-30.2081298828,22.5180969238,1.62870681286],[-301.122406006,-219.719619751,841.356872559,141.194717407,106.423583984,91.522026062,66.5429229736,70.6349334717,82.8838729858,50.1048126221,74.4906768799,28.5677185059,0.172579452395],[683.489379883,-38.557182312,141.194717407,430.473602295,146.593811035,74.8835525513,27.4693908691,15.9658622742,31.6034049988,26.1549034119,-25.2430648804,-18.8598442078,14.9084196091],[512.543701172,-0.533889710903,106.423583984,146.593811035,265.639465332,69.4643630981,5.80758619308,34.5324401855,50.3800392151,51.2623100281,13.8513412476,13.2118606567,21.4358024597],[353.956787109,-37.8302841187,91.522026062,74.8835525513,69.4643630981,172.630584717,67.0453414917,14.5260190964,27.9407463074,24.0413131714,20.4016895294,1.59687888622,6.88761711121],[209.536468506,47.1715507507,66.5429229736,27.4693908691,5.80758619308,67.0453414917,151.684738159,60.2271766663,26.2623519897,14.7281217575,15.9284286499,9.37550354004,-2.63605737686],[118.472106934,28.8450145721,70.6349334717,15.9658622742,34.5324401855,14.5260190964,60.2271766663,117.230651855,54.4396057129,13.7972574234,12.7848749161,10.9740629196,4.27446460724],[142.070495605,-17.4279575348,82.8838729858,31.6034049988,50.3800392151,27.9407463074,26.2623519897,54.4396057129,111.82019043,47.4774398804,21.0984592438,9.63343238831,12.9986963272],[108.575065613,-2.70418930054,50.1048126221,26.1549034119,51.2623100281,24.0413131714,14.7281217575,13.7972574234,47.4774398804,95.2121582031,45.8773880005,12.2121887207,4.98681020737],[-90.0869140625,-30.2081298828,74.4906768799,-25.2430648804,13.8513412476,20.4016895294,15.9284286499,12.7848749161,21.0984592438,45.8773880005,112.881980896,41.3017425537,-1.70403277874],[-48.1241531372,22.5180969238,28.5677185059,-18.8598442078,13.2118606567,1.59687888622,9.37550354004,10.9740629196,9.63343238831,12.2121887207,41.3017425537,77.4196624756,26.8327789307],[68.9068832397,1.62870681286,0.172579452395,14.9084196091,21.4358024597,6.88761711121,-2.63605737686,4.27446460724,12.9986963272,4.98681020737,-1.70403277874,26.8327789307,74.263381958]],"icov":[[0.000151146901771,0.000126179729705,0.000173787193489,-0.000162029507919,-0.000205030897632,-0.000138088929816,-0.000196143606445,-7.43114287616e-05,-3.69991757907e-05,-7.14313791832e-05,0.000133842971991,-2.32190468523e-05,-1.88517951756e-05],[0.000126179729705,0.00144649366848,0.000516470696311,-8.0894693383e-05,-0.000393189635361,0.000256441591773,-0.000816369545646,-0.000371832720703,0.000274212332442,-0.000403496262152,0.000676155264955,-0.000743762007914,0.000211718288483],[0.000173787193489,0.000516470696311,0.00177512073424,-0.00056775676785,-0.000445466226665,-0.000383843784221,-0.000508320750669,-0.000515411782544,-0.000579061219469,0.0001205995286,-0.000565384631045,-0.000376477371901,0.000329390721163],[-0.000162029507919,-8.0894693383e-05,-0.00056775676785,0.00338213890791,-0.001304872334,-0.000357357377652,-0.000227401658776,0.000434141373262,9.11347087822e-05,-0.000284867972368,0.000986431492493,0.000802783586551,-0.000413050875068],[-0.000205030897632,-0.000393189635361,-0.000445466226665,-0.001304872334,0.0062047992833,-0.00179903837852,0.0022887729574,-0.00160724518355,-0.000245254457695,-0.00211657886393,0.000393078662455,-0.000923271523789,-0.000460855575511],[-0.000138088929816,0.000256441591773,-0.000383843784221,-0.000357357377652,-0.00179903837852,0.00897261407226,-0.00435785902664,0.00247766869143,-0.000995421898551,0.000555926875677,-0.00145090324804,0.00126977975015,-0.000770232931245],[-0.000196143606445,-0.000816369545646,-0.000508320750669,-0.000227401658776,0.0022887729574,-0.00435785902664,0.011428380385,-0.00558872846887,0.00106133869849,-0.00102433632128,1.72195868799e-05,-0.000951974652708,0.000944975588936],[-7.43114287616e-05,-0.000371832720703,-0.000515411782544,0.000434141373262,-0.00160724518355,0.00247766869143,-0.00558872846887,0.0147811360657,-0.00654715206474,0.00281064771116,-0.000723303528503,-0.000137873299536,0.000166592682945],[-3.69991757907e-05,0.000274212332442,-0.000579061219469,9.11347087822e-05,-0.000245254457695,-0.000995421898551,0.00106133869849,-0.00654715206474,0.0155653264374,-0.00665214285254,0.00093892973382,0.000210871221498,-0.00174343655817],[-7.14313791832e-05,-0.000403496262152,0.0001205995286,-0.000284867972368,-0.00211657886393,0.000555926875677,-0.00102433632128,0.00281064771116,-0.00665214285254,0.0178185831755,-0.00703978538513,0.00194703706075,-0.00040391922812],[0.000133842971991,0.000676155264955,-0.000565384631045,0.000986431492493,0.000393078662455,-0.00145090324804,1.72195868799e-05,-0.000723303528503,0.00093892973382,-0.00703978538513,0.0157623607665,-0.00817853305489,0.00335273565724],[-2.32190468523e-05,-0.000743762007914,-0.000376477371901,0.000802783586551,-0.000923271523789,0.00126977975015,-0.000951974652708,-0.000137873299536,0.000210871221498,0.00194703706075,-0.00817853305489,0.02043036744,-0.00773675134405],[-1.88517951756e-05,0.000211718288483,0.000329390721163,-0.000413050875068,-0.000460855575511,-0.000770232931245,0.000944975588936,0.000166592682945,-0.00174343655817,-0.00040391922812,0.00335273565724,-0.00773675134405,0.0169936567545]],"mean":[-623.418823242,101.309783936,1.58051073551,33.4656677246,16.5858345032,6.87927627563,3.58466339111,2.60268592834,4.42215204239,3.44648170471,-0.740236699581,4.51490974426,2.45511364937]},"pitch_salience":{"dmean":0.0729013010859,"dmean2":0.119525074959,"dvar":0.00479249330238,"dvar2":0.0130897164345,"max":0.958060383797,"mean":0.541933953762,"median":0.561017274857,"min":0.0909948199987,"var":0.0162576753646},"silence_rate_20dB":{"dmean":0,"dmean2":0,"dvar":0,"dvar2":0,"max":1,"mean":1,"median":1,"min":1,"var":0},"silence_rate_30dB":{"dmean":0,"dmean2":0,"dvar":0,"dvar2":0,"max":1,"mean":1,"median":1,"min":1,"var":0},"silence_rate_60dB":{"dmean":0.00817728321999,"dmean2":0.0163559038192,"dvar":0.00811152532697,"dvar2":0.0175621025264,"max":1,"mean":0.0777596086264,"median":0,"min":0,"var":0.071709215641},"spectral_centroid":{"dmean":257.080596924,"dmean2":401.483062744,"dvar":88565.9296875,"dvar2":185733.671875,"max":11467.2167969,"mean":1797.77416992,"median":1870.41479492,"min":127.247940063,"var":458034},"spectral_complexity":{"dmean":3.87276148796,"dmean2":6.21066427231,"dvar":16.9729919434,"dvar2":39.676486969,"max":61,"mean":27.6405563354,"median":32,"min":0,"var":230.145523071},"spectral_contrast_coeffs":{"dmean":[0.0467833690345,0.0465654805303,0.036944065243,0.0299414694309,0.0207665283233,0.0177814010531],"dmean2":[0.0779372602701,0.0765427872539,0.060517296195,0.0490833483636,0.0342031419277,0.0291729010642],"dvar":[0.00146778859198,0.00139442505315,0.000873626908287,0.000605700886808,0.000332070078002,0.000313711992931],"dvar2":[0.00402838271111,0.00367013155483,0.00221660640091,0.00158345873933,0.000814918370452,0.000784519012086],"max":[-0.32791364193,-0.396036565304,-0.465565770864,-0.546448349953,-0.56145209074,-0.576584815979],"mean":[-0.676312625408,-0.744140088558,-0.788310885429,-0.783357560635,-0.795095086098,-0.766849637032],"median":[-0.681567788124,-0.749512374401,-0.795300006866,-0.789768576622,-0.799658179283,-0.762732863426],"min":[-0.962285041809,-0.989431619644,-0.970297455788,-0.979197502136,-0.964789509773,-0.959999322891],"var":[0.00469339778647,0.00453712698072,0.00334831490181,0.00271179806441,0.00129104219377,0.0014571667416]},"spectral_contrast_valleys":{"dmean":[0.360464811325,0.361182898283,0.31092685461,0.283015191555,0.226264819503,0.232874080539],"dmean2":[0.589200437069,0.586069583893,0.497999727726,0.445632308722,0.352088749409,0.327096879482],"dvar":[0.114608757198,0.125550240278,0.103281877935,0.110019691288,0.0995467379689,0.110255874693],"dvar2":[0.258004307747,0.2774784863,0.212282583117,0.225352063775,0.198803648353,0.202222973108],"max":[-5.24044561386,-4.9437994957,-5.31310033798,-5.45785617828,-5.44802474976,-7.47219705582],"mean":[-6.94347476959,-6.84475421906,-7.39506340027,-7.42295503616,-7.06427955627,-9.72959327698],"median":[-6.5301232338,-6.56941223145,-7.04125499725,-7.03343105316,-6.53180408478,-9.4232711792],"min":[-27.0624656677,-26.7934741974,-27.409910202,-27.4391689301,-27.3879928589,-27.2884559631],"var":[1.89518582821,1.26349401474,1.34054231644,1.45380592346,1.63069403172,1.65882885456]},"spectral_decrease":{"dmean":2.26128116232e-09,"dmean2":3.7507565942e-09,"dvar":9.73340283505e-18,"dvar2":2.67211267026e-17,"max":-1.17112622134e-28,"mean":-7.90276200036e-09,"median":-7.98975285932e-09,"min":-3.75357345206e-08,"var":1.8035763358e-17},"spectral_energy":{"dmean":0.00881508924067,"dmean2":0.014618572779,"dvar":0.000145112731843,"dvar2":0.000397430587327,"max":0.144340008497,"mean":0.0323667302728,"median":0.0330014005303,"min":1.07575557599e-20,"var":0.000288866838673},"spectral_energyband_high":{"dmean":0.000539457250852,"dmean2":0.00085378595395,"dvar":1.05659694327e-06,"dvar2":2.44641000791e-06,"max":0.0195700339973,"mean":0.00150012422819,"median":0.00108569022268,"min":7.75096829854e-21,"var":2.82929727291e-06},"spectral_energyband_low":{"dmean":0.00740211177617,"dmean2":0.0123652759939,"dvar":0.000126597413328,"dvar2":0.000350202579284,"max":0.13504345715,"mean":0.0168605446815,"median":0.0151432622224,"min":1.50024292156e-22,"var":0.000170841769432},"spectral_energyband_middle_high":{"dmean":0.00167304184288,"dmean2":0.00267539336346,"dvar":5.77226319365e-06,"dvar2":1.43197894431e-05,"max":0.0441360063851,"mean":0.00706148054451,"median":0.00508714979514,"min":1.67007826259e-21,"var":4.26594087912e-05},"spectral_energyband_middle_low":{"dmean":0.00285997265019,"dmean2":0.00464004836977,"dvar":1.58015500347e-05,"dvar2":4.12350564147e-05,"max":0.0571718290448,"mean":0.00798367429525,"median":0.00702021550387,"min":4.30171077032e-22,"var":3.78499498765e-05},"spectral_entropy":{"dmean":0.116427280009,"dmean2":0.170328810811,"dvar":0.0283070132136,"dvar2":0.0558480471373,"max":9.79375934601,"mean":7.81356811523,"median":7.89931106567,"min":4.86198091507,"var":0.207987353206},"spectral_flux":{"dmean":0.0199272744358,"dmean2":0.0308435223997,"dvar":0.000562882458325,"dvar2":0.00111954507884,"max":0.317258089781,"mean":0.0871527269483,"median":0.0875108093023,"min":1.03718637845e-10,"var":0.00190834584646},"spectral_kurtosis":{"dmean":1.1340225935,"dmean2":1.87972998619,"dvar":3.26327681541,"dvar2":9.49873733521,"max":48.2798118591,"mean":4.25259828568,"median":3.68439006805,"min":-1.36786222458,"var":12.1351108551},"spectral_rms":{"dmean":0.000721289892681,"dmean2":0.001172587974,"dvar":7.22191487057e-07,"dvar2":1.93314122043e-06,"max":0.0118667399511,"mean":0.0053217546083,"median":0.00567419454455,"min":3.23962601537e-12,"var":3.2561442822e-06},"spectral_rolloff":{"dmean":558.804321289,"dmean2":943.815673828,"dvar":932273.6875,"dvar2":2037218.25,"max":18324.7558594,"mean":1801.42663574,"median":1658.05664063,"min":64.599609375,"var":2568508.25},"spectral_skewness":{"dmean":0.172255635262,"dmean2":0.276276767254,"dvar":0.0447251722217,"dvar2":0.111737988889,"max":5.41911363602,"mean":1.42174017429,"median":1.36940979958,"min":-0.11130348593,"var":0.230912640691},"spectral_spread":{"dmean":488568.375,"dmean2":683347.5625,"dvar":546458468352,"dvar2":860267151360,"max":41450616,"mean":4905140.5,"median":4522048,"min":1150754.5,"var":3214977531900.0},"spectral_strongpeak":{"dmean":0.365195721388,"dmean2":0.651267409325,"dvar":0.821770608425,"dvar2":2.18886351585,"max":11.7234745026,"mean":0.50747781992,"median":0.263304769993,"min":0,"var":0.880179047585},"zerocrossingrate":{"dmean":0.0106261959299,"dmean2":0.0124516515061,"dvar":0.000176653120434,"dvar2":0.000208288343856,"max":0.5244140625,"mean":0.0703171342611,"median":0.06640625,"min":0.00341796875,"var":0.0014516726369}},"metadata":{"audio_properties":{"analysis_sample_rate":44100,"bit_rate":192000,"codec":"mp3","downmix":"mix","equal_loudness":0,"length":283.951019287,"lossless":false,"md5_encoded":"4d0c6c209b6721d77a741036706247f7","replay_gain":-4.56496238708,"sample_rate":44100},"tags":{"acoustid_fingerprint":["AQADtImUREmSJYk04Tt6yGfhOtCTo42OwnqGNmHwHBV1Q_dhN7hy9ELpQ6wzTGce3DmaikP3FF8uqEeZ_fCmB7_w_njwo8ehS8cJzUbVDEe_w_kGvbiIvMaXF44_dFPKYWyOei7CvLgM_eiThcHTBNWLfke6B7PEwPWMH-d2PA8J6gh_6ESeOMeH6-BenM3RHx6D6Du-Fhd-_EPkRYcffCPO48WXefiLND96KEceMdLR-DgPJy-q4_lx5biFyTce_Id1ZNEP3cjljHhw5SzO4D4qUFUefMnx4zmsBjyP9CHOeoAZHeX0g38IbT0colzC43rx1vCFR9GKqnCJsMfJnPg2PLqOHz2FNNCUnsiTLcZ34QGeRBmOHKWg7sIZhoKvQPuH90HH_vCL2Blh6vjhh8zwo3EYHh947jiF7kE87dD1IzzupJgTH79xND-qeDlufEj2fAjJjB_mPAf-4Ufl6CBDnCfyKMeFw8_xCT8q_CjMCIcflXhLfIf6o0e-zDiaeygZAj9-nDvyqUhOHseFLs_hODT6H-fQk2iKB_ED9ijM47hCwBV-4OLh49An-PiR7ziPGz98AtfxLHBMhHsSJD3a4DiD_zC6HPdxS0J4ND2eiTiPHuZwDtZw4vhx6MEX-Di-Hjl8De9xlfAf1Ap6vFthHXmiHEklPXgP7wpuHmfxHMd1-CrKI1eW40aRVviIwzKOGzmo48eX4OB96D9yanDx42Vww11RGf06WEdIhtAanYgPR3zwB3-K-_jxozlymtCloIe5Q9_gTcePrAW--HgkHDmxmoYPzcMuXcjloykP5sR7dMOmFBfxVqjKI-eRjEsWmDVKHfex-qjoHL5EHEYt5MyMvjCHD7_h1DieHrRCHK546ItxWF3wI2X0CD-oC294_AL84CH-Ff6RPAtCaTkeouTxH36KHzWPyod_9CJyKegBMyr0ENdgFSd0ErRxXMqOBx4OfR9y8McTHU7DwPhyeEyEtyl-pGKyIDlJOAtxHv1RPcMzgt9hhS_wG-lx4c5xTYfJCM_x3_DxI8d_PFpw2vBHdF4R-8yEQ6qoI1eipKjfoiFz7LmE08h3_Md5Q1NYSmg6UsQn4YN23miqLIc-HHuC_3hiVPjwI1UqfIB7nMN1nEGuLBAPhOuD88OPUhvsSEHX40d_XB52-DvyTAuSTw0uHVuO_sGPfscPj8cPniLS0MGPj4O_HMePdMWNb4cvXEKe5dBxDtlGWDtwKcd_-Me_4BJ8rfiR_kiOy7hqwUN_nOiV44NvHOkOuRkOv3gUHIZcPEQe4y-Oi5EMn8jlQx-uIxesGZ2XFIWPWgneCdUP50hGHuHE4DLxV7hx4WUAR1Le4EjrAA9OTccPM5nwHT7-HF-QglXC49zSA91xFj8z5Df4H-UUFlqqDDt-fDKqHfehJTf-4DqDS0VJovkwT8NjgV4OnSZGbUc3B52WGZfx1mjMoz5O7ZjyIPTxGNnHbhBPPDYiM8vRpHqJH36OHteO6_gS5NShWTzSHH1G_DnCTjLKHsqJ8DqadwWLr0G_WNi4E87xBck9XEeuGJ-KhuOPHy92HV0eCgd_tFWQD_8EHT-m53hqwcc-7chhbWgfCxf4oocfDVeQG5vKDzZxvD304EeupXg8-Mh1Yzt-6MmQKe3R4on0YdeC5vzRkvgpNGMO-DlCnvgIXS-6wyXiC_2RD_2xRzvE_jjKH9mR57ikHOEJz0Jf_CryE33RaD_0yNtwXDtYMkevHZ744Dw6Vcd7PBLmHj-F9vhxC70wrYK47vh0OEf5Izx82gJvBT-cH6fQ4z7iBp04B-JxCf9RC9rXwScq58hPdDsVXEtKRO-M5jhOfEezJXmEl7AO9R_eIDKJ7_Ad9B7u4w9